Day,Trading Interval,Masked Lead Participant ID,Masked Asset ID,Must Take Energy,Maximum Daily Energy Available,Economic Maximum,Economic Minimum,Cold Startup Price,Intermediate Startup Price,Hot Startup Price,No Load Price,Segment 1 Price,Segment 1 MW,Segment 2 Price,Segment 2 MW,Segment 3 Price,Segment 3 MW,Segment 4 Price,Segment 4 MW,Segment 5 Price,Segment 5 MW,Segment 6 Price,Segment 6 MW,Segment 7 Price,Segment 7 MW,Segment 8 Price,Segment 8 MW,Segment 9 Price,Segment 9 MW,Segment 10 Price,Segment 10 MW,Claim 10,Claim 30,Unit Status
2011-03-31,1,20721,79924,0,,40,30,0,0,0,0,0,30,53,10,,,,,,,,,,,,,,,,,0,0
2011-03-31,2,20721,79924,0,,40,30,0,0,0,0,0,30,53,10,,,,,,,,,,,,,,,,,0,0
2011-03-31,3,20721,79924,0,,40,30,0,0,0,0,0,30,53,10,,,,,,,,,,,,,,,,,0,0
2011-03-31,4,20721,79924,0,,40,30,0,0,0,0,0,30,53,10,,,,,,,,,,,,,,,,,0,0
2011-03-31,5,20721,79924,0,,40,30,0,0,0,0,0,30,53,10,,,,,,,,,,,,,,,,,0,0
2011-03-31,6,20721,79924,0,,40,30,0,0,0,0,0,30,53,10,,,,,,,,,,,,,,,,,0,0
2011-03-31,7,20721,79924,0,,40,30,0,0,0,0,0,30,53,10,,,,,,,,,,,,,,,,,0,0
2011-03-31,8,20721,79924,0,,40,30,0,0,0,0,0,30,53,10,,,,,,,,,,,,,,,,,0,0
2011-03-31,9,20721,79924,0,,40,30,0,0,0,0,0,30,53,10,,,,,,,,,,,,,,,,,0,0
2011-03-31,10,20721,79924,0,,40,30,0,0,0,0,0,30,53,10,,,,,,,,,,,,,,,,,0,0
2011-03-31,11,20721,79924,0,,40,30,0,0,0,0,0,30,53,10,,,,,,,,,,,,,,,,,0,0
2011-03-31,12,20721,79924,0,,40,30,0,0,0,0,0,30,53,10,,,,,,,,,,,,,,,,,0,0
2011-03-31,13,20721,79924,0,,40,30,0,0,0,0,0,30,53,10,,,,,,,,,,,,,,,,,0,0
2011-03-31,14,20721,79924,0,,40,30,0,0,0,0,0,30,53,10,,,,,,,,,,,,,,,,,0,0
2011-03-31,15,20721,79924,0,,40,30,0,0,0,0,0,30,53,10,,,,,,,,,,,,,,,,,0,0
2011-03-31,16,20721,79924,0,,40,30,0,0,0,0,0,30,53,10,,,,,,,,,,,,,,,,,0,0
2011-03-31,17,20721,79924,0,,40,30,0,0,0,0,0,30,53,10,,,,,,,,,,,,,,,,,0,0
2011-03-31,18,20721,79924,0,,40,30,0,0,0,0,0,30,53,10,,,,,,,,,,,,,,,,,0,0
2011-03-31,19,20721,79924,0,,40,30,0,0,0,0,0,30,53,10,,,,,,,,,,,,,,,,,0,0
2011-03-31,20,20721,79924,0,,40,30,0,0,0,0,0,30,53,10,,,,,,,,,,,,,,,,,0,0
2011-03-31,21,20721,79924,0,,40,30,0,0,0,0,0,30,53,10,,,,,,,,,,,,,,,,,0,0
2011-03-31,22,20721,79924,0,,40,30,0,0,0,0,0,30,53,10,,,,,,,,,,,,,,,,,0,0
2011-03-31,23,20721,79924,0,,40,30,0,0,0,0,0,30,53,10,,,,,,,,,,,,,,,,,0,0
2011-03-31,24,20721,79924,0,,40,30,0,0,0,0,0,30,53,10,,,,,,,,,,,,,,,,,0,0
2011-03-31,1,108258,11515,0,,19.6,19.6,200,200,200,1000,405,19.6,,,,,,,,,,,,,,,,,,,16,16
2011-03-31,2,108258,11515,0,,19.6,19.6,200,200,200,1000,405,19.6,,,,,,,,,,,,,,,,,,,16,16
2011-03-31,3,108258,11515,0,,19.6,19.6,200,200,200,1000,405,19.6,,,,,,,,,,,,,,,,,,,16,16
2011-03-31,4,108258,11515,0,,19.6,19.6,200,200,200,1000,405,19.6,,,,,,,,,,,,,,,,,,,16,16
2011-03-31,5,108258,11515,0,,19.6,19.6,200,200,200,1000,405,19.6,,,,,,,,,,,,,,,,,,,16,16
2011-03-31,6,108258,11515,0,,19.6,19.6,200,200,200,1000,405,19.6,,,,,,,,,,,,,,,,,,,16,16
2011-03-31,7,108258,11515,0,,19.6,19.6,200,200,200,1000,405,19.6,,,,,,,,,,,,,,,,,,,16,16
2011-03-31,8,108258,11515,0,,19.6,19.6,200,200,200,1000,405,19.6,,,,,,,,,,,,,,,,,,,16,16
2011-03-31,9,108258,11515,0,,19.6,19.6,200,200,200,1000,405,19.6,,,,,,,,,,,,,,,,,,,16,16
2011-03-31,10,108258,11515,0,,19.6,19.6,200,200,200,1000,405,19.6,,,,,,,,,,,,,,,,,,,16,16
2011-03-31,11,108258,11515,0,,19.6,19.6,200,200,200,1000,405,19.6,,,,,,,,,,,,,,,,,,,16,16
2011-03-31,12,108258,11515,0,,19.6,19.6,200,200,200,1000,405,19.6,,,,,,,,,,,,,,,,,,,16,16
2011-03-31,13,108258,11515,0,,19.6,19.6,200,200,200,1000,405,19.6,,,,,,,,,,,,,,,,,,,16,16
2011-03-31,14,108258,11515,0,,19.6,19.6,200,200,200,1000,405,19.6,,,,,,,,,,,,,,,,,,,16,16
2011-03-31,15,108258,11515,0,,19.6,19.6,200,200,200,1000,405,19.6,,,,,,,,,,,,,,,,,,,16,16
2011-03-31,16,108258,11515,0,,19.6,19.6,200,200,200,1000,405,19.6,,,,,,,,,,,,,,,,,,,16,16
2011-03-31,17,108258,11515,0,,19.6,19.6,200,200,200,1000,405,19.6,,,,,,,,,,,,,,,,,,,16,16
2011-03-31,18,108258,11515,0,,19.6,19.6,200,200,200,1000,405,19.6,,,,,,,,,,,,,,,,,,,16,16
2011-03-31,19,108258,11515,0,,19.6,19.6,200,200,200,1000,405,19.6,,,,,,,,,,,,,,,,,,,16,16
2011-03-31,20,108258,11515,0,,19.6,19.6,200,200,200,1000,405,19.6,,,,,,,,,,,,,,,,,,,16,16
2011-03-31,21,108258,11515,0,,19.6,19.6,200,200,200,1000,405,19.6,,,,,,,,,,,,,,,,,,,16,16
2011-03-31,22,108258,11515,0,,19.6,19.6,200,200,200,1000,405,19.6,,,,,,,,,,,,,,,,,,,16,16
2011-03-31,23,108258,11515,0,,19.6,19.6,200,200,200,1000,405,19.6,,,,,,,,,,,,,,,,,,,16,16
2011-03-31,24,108258,11515,0,,19.6,19.6,200,200,200,1000,405,19.6,,,,,,,,,,,,,,,,,,,16,16
2011-03-31,1,108258,12565,0,,19.4,19.4,200,200,200,1000,404,19.4,,,,,,,,,,,,,,,,,,,18.8,18.8
2011-03-31,2,108258,12565,0,,19.4,19.4,200,200,200,1000,404,19.4,,,,,,,,,,,,,,,,,,,18.8,18.8
2011-03-31,3,108258,12565,0,,19.4,19.4,200,200,200,1000,404,19.4,,,,,,,,,,,,,,,,,,,18.8,18.8
2011-03-31,4,108258,12565,0,,19.4,19.4,200,200,200,1000,404,19.4,,,,,,,,,,,,,,,,,,,18.8,18.8
2011-03-31,5,108258,12565,0,,19.4,19.4,200,200,200,1000,404,19.4,,,,,,,,,,,,,,,,,,,18.8,18.8
2011-03-31,6,108258,12565,0,,19.4,19.4,200,200,200,1000,404,19.4,,,,,,,,,,,,,,,,,,,18.8,18.8
2011-03-31,7,108258,12565,0,,19.4,19.4,200,200,200,1000,404,19.4,,,,,,,,,,,,,,,,,,,18.8,18.8
2011-03-31,8,108258,12565,0,,19.4,19.4,200,200,200,1000,404,19.4,,,,,,,,,,,,,,,,,,,18.8,18.8
2011-03-31,9,108258,12565,0,,19.4,19.4,200,200,200,1000,404,19.4,,,,,,,,,,,,,,,,,,,18.8,18.8
2011-03-31,10,108258,12565,0,,19.4,19.4,200,200,200,1000,404,19.4,,,,,,,,,,,,,,,,,,,18.8,18.8
2011-03-31,11,108258,12565,0,,19.4,19.4,200,200,200,1000,404,19.4,,,,,,,,,,,,,,,,,,,18.8,18.8
2011-03-31,12,108258,12565,0,,19.4,19.4,200,200,200,1000,404,19.4,,,,,,,,,,,,,,,,,,,18.8,18.8
2011-03-31,13,108258,12565,0,,19.4,19.4,200,200,200,1000,404,19.4,,,,,,,,,,,,,,,,,,,18.8,18.8
2011-03-31,14,108258,12565,0,,19.4,19.4,200,200,200,1000,404,19.4,,,,,,,,,,,,,,,,,,,18.8,18.8
2011-03-31,15,108258,12565,0,,19.4,19.4,200,200,200,1000,404,19.4,,,,,,,,,,,,,,,,,,,18.8,18.8
2011-03-31,16,108258,12565,0,,19.4,19.4,200,200,200,1000,404,19.4,,,,,,,,,,,,,,,,,,,18.8,18.8
2011-03-31,17,108258,12565,0,,19.4,19.4,200,200,200,1000,404,19.4,,,,,,,,,,,,,,,,,,,18.8,18.8
2011-03-31,18,108258,12565,0,,19.4,19.4,200,200,200,1000,404,19.4,,,,,,,,,,,,,,,,,,,18.8,18.8
2011-03-31,19,108258,12565,0,,19.4,19.4,200,200,200,1000,404,19.4,,,,,,,,,,,,,,,,,,,18.8,18.8
2011-03-31,20,108258,12565,0,,19.4,19.4,200,200,200,1000,404,19.4,,,,,,,,,,,,,,,,,,,18.8,18.8
2011-03-31,21,108258,12565,0,,19.4,19.4,200,200,200,1000,404,19.4,,,,,,,,,,,,,,,,,,,18.8,18.8
2011-03-31,22,108258,12565,0,,19.4,19.4,200,200,200,1000,404,19.4,,,,,,,,,,,,,,,,,,,18.8,18.8
2011-03-31,23,108258,12565,0,,19.4,19.4,200,200,200,1000,404,19.4,,,,,,,,,,,,,,,,,,,18.8,18.8
2011-03-31,24,108258,12565,0,,19.4,19.4,200,200,200,1000,404,19.4,,,,,,,,,,,,,,,,,,,18.8,18.8
2011-03-31,1,108258,32343,0,,20.3,20.3,100,100,100,900,402,20.3,,,,,,,,,,,,,,,,,,,19.2,19.2
2011-03-31,2,108258,32343,0,,20.3,20.3,100,100,100,900,402,20.3,,,,,,,,,,,,,,,,,,,19.2,19.2
2011-03-31,3,108258,32343,0,,20.3,20.3,100,100,100,900,402,20.3,,,,,,,,,,,,,,,,,,,19.2,19.2
2011-03-31,4,108258,32343,0,,20.3,20.3,100,100,100,900,402,20.3,,,,,,,,,,,,,,,,,,,19.2,19.2
2011-03-31,5,108258,32343,0,,20.3,20.3,100,100,100,900,402,20.3,,,,,,,,,,,,,,,,,,,19.2,19.2
2011-03-31,6,108258,32343,0,,20.3,20.3,100,100,100,900,402,20.3,,,,,,,,,,,,,,,,,,,19.2,19.2
2011-03-31,7,108258,32343,0,,20.3,20.3,100,100,100,900,402,20.3,,,,,,,,,,,,,,,,,,,19.2,19.2
2011-03-31,8,108258,32343,0,,20.3,20.3,100,100,100,900,402,20.3,,,,,,,,,,,,,,,,,,,19.2,19.2
2011-03-31,9,108258,32343,0,,20.3,20.3,100,100,100,900,402,20.3,,,,,,,,,,,,,,,,,,,19.2,19.2
2011-03-31,10,108258,32343,0,,20.3,20.3,100,100,100,900,402,20.3,,,,,,,,,,,,,,,,,,,19.2,19.2
2011-03-31,11,108258,32343,0,,20.3,20.3,100,100,100,900,402,20.3,,,,,,,,,,,,,,,,,,,19.2,19.2
2011-03-31,12,108258,32343,0,,20.3,20.3,100,100,100,900,402,20.3,,,,,,,,,,,,,,,,,,,19.2,19.2
2011-03-31,13,108258,32343,0,,20.3,20.3,100,100,100,900,402,20.3,,,,,,,,,,,,,,,,,,,19.2,19.2
2011-03-31,14,108258,32343,0,,20.3,20.3,100,100,100,900,402,20.3,,,,,,,,,,,,,,,,,,,19.2,19.2
2011-03-31,15,108258,32343,0,,20.3,20.3,100,100,100,900,402,20.3,,,,,,,,,,,,,,,,,,,19.2,19.2
2011-03-31,16,108258,32343,0,,20.3,20.3,100,100,100,900,402,20.3,,,,,,,,,,,,,,,,,,,19.2,19.2
2011-03-31,17,108258,32343,0,,20.3,20.3,100,100,100,900,402,20.3,,,,,,,,,,,,,,,,,,,19.2,19.2
2011-03-31,18,108258,32343,0,,20.3,20.3,100,100,100,900,402,20.3,,,,,,,,,,,,,,,,,,,19.2,19.2
2011-03-31,19,108258,32343,0,,20.3,20.3,100,100,100,900,402,20.3,,,,,,,,,,,,,,,,,,,19.2,19.2
2011-03-31,20,108258,32343,0,,20.3,20.3,100,100,100,900,402,20.3,,,,,,,,,,,,,,,,,,,19.2,19.2
2011-03-31,21,108258,32343,0,,20.3,20.3,100,100,100,900,402,20.3,,,,,,,,,,,,,,,,,,,19.2,19.2
2011-03-31,22,108258,32343,0,,20.3,20.3,100,100,100,900,402,20.3,,,,,,,,,,,,,,,,,,,19.2,19.2
2011-03-31,23,108258,32343,0,,20.3,20.3,100,100,100,900,402,20.3,,,,,,,,,,,,,,,,,,,19.2,19.2
2011-03-31,24,108258,32343,0,,20.3,20.3,100,100,100,900,402,20.3,,,,,,,,,,,,,,,,,,,19.2,19.2
2011-03-31,1,108258,40588,0,,95,33,7349.5,6439.73,5529.96,2688.44,199,33,212,16,217,8,225,22,236,16,,,,,,,,,,,0,0
2011-03-31,2,108258,40588,0,,95,33,7349.5,6439.73,5529.96,2688.44,199,33,212,16,217,8,225,22,236,16,,,,,,,,,,,0,0
2011-03-31,3,108258,40588,0,,95,33,7349.5,6439.73,5529.96,2688.44,199,33,212,16,217,8,225,22,236,16,,,,,,,,,,,0,0
2011-03-31,4,108258,40588,0,,95,33,7349.5,6439.73,5529.96,2688.44,199,33,212,16,217,8,225,22,236,16,,,,,,,,,,,0,0
2011-03-31,5,108258,40588,0,,95,33,7349.5,6439.73,5529.96,2688.44,199,33,212,16,217,8,225,22,236,16,,,,,,,,,,,0,0
2011-03-31,6,108258,40588,0,,95,33,7349.5,6439.73,5529.96,2688.44,199,33,212,16,217,8,225,22,236,16,,,,,,,,,,,0,0
2011-03-31,7,108258,40588,0,,95,33,7349.5,6439.73,5529.96,2688.44,199,33,212,16,217,8,225,22,236,16,,,,,,,,,,,0,0
2011-03-31,8,108258,40588,0,,95,33,7349.5,6439.73,5529.96,2688.44,199,33,212,16,217,8,225,22,236,16,,,,,,,,,,,0,0
2011-03-31,9,108258,40588,0,,95,33,7349.5,6439.73,5529.96,2688.44,199,33,212,16,217,8,225,22,236,16,,,,,,,,,,,0,0
2011-03-31,10,108258,40588,0,,95,33,7349.5,6439.73,5529.96,2688.44,199,33,212,16,217,8,225,22,236,16,,,,,,,,,,,0,0
2011-03-31,11,108258,40588,0,,95,33,7349.5,6439.73,5529.96,2688.44,199,33,212,16,217,8,225,22,236,16,,,,,,,,,,,0,0
2011-03-31,12,108258,40588,0,,95,33,7349.5,6439.73,5529.96,2688.44,199,33,212,16,217,8,225,22,236,16,,,,,,,,,,,0,0
2011-03-31,13,108258,40588,0,,95,33,7349.5,6439.73,5529.96,2688.44,199,33,212,16,217,8,225,22,236,16,,,,,,,,,,,0,0
2011-03-31,14,108258,40588,0,,95,33,7349.5,6439.73,5529.96,2688.44,199,33,212,16,217,8,225,22,236,16,,,,,,,,,,,0,0
2011-03-31,15,108258,40588,0,,95,33,7349.5,6439.73,5529.96,2688.44,199,33,212,16,217,8,225,22,236,16,,,,,,,,,,,0,0
2011-03-31,16,108258,40588,0,,95,33,7349.5,6439.73,5529.96,2688.44,199,33,212,16,217,8,225,22,236,16,,,,,,,,,,,0,0
2011-03-31,17,108258,40588,0,,95,33,7349.5,6439.73,5529.96,2688.44,199,33,212,16,217,8,225,22,236,16,,,,,,,,,,,0,0
2011-03-31,18,108258,40588,0,,95,33,7349.5,6439.73,5529.96,2688.44,199,33,212,16,217,8,225,22,236,16,,,,,,,,,,,0,0
2011-03-31,19,108258,40588,0,,95,33,7349.5,6439.73,5529.96,2688.44,199,33,212,16,217,8,225,22,236,16,,,,,,,,,,,0,0
2011-03-31,20,108258,40588,0,,95,33,7349.5,6439.73,5529.96,2688.44,199,33,212,16,217,8,225,22,236,16,,,,,,,,,,,0,0
2011-03-31,21,108258,40588,0,,95,33,7349.5,6439.73,5529.96,2688.44,199,33,212,16,217,8,225,22,236,16,,,,,,,,,,,0,0
2011-03-31,22,108258,40588,0,,95,33,7349.5,6439.73,5529.96,2688.44,199,33,212,16,217,8,225,22,236,16,,,,,,,,,,,0,0
2011-03-31,23,108258,40588,0,,95,33,7349.5,6439.73,5529.96,2688.44,199,33,212,16,217,8,225,22,236,16,,,,,,,,,,,0,0
2011-03-31,24,108258,40588,0,,95,33,7349.5,6439.73,5529.96,2688.44,199,33,212,16,217,8,225,22,236,16,,,,,,,,,,,0,0
2011-03-31,1,108258,80041,0,,41,41,0,0,0,90.06,79,41,,,,,,,,,,,,,,,,,,,10,30.8
2011-03-31,2,108258,80041,0,,41,41,0,0,0,90.06,79,41,,,,,,,,,,,,,,,,,,,10,30.8
2011-03-31,3,108258,80041,0,,41,41,0,0,0,90.06,79,41,,,,,,,,,,,,,,,,,,,10,30.8
2011-03-31,4,108258,80041,0,,41,41,0,0,0,90.06,79,41,,,,,,,,,,,,,,,,,,,10,30.8
2011-03-31,5,108258,80041,0,,41,41,0,0,0,90.06,79,41,,,,,,,,,,,,,,,,,,,10,30.8
2011-03-31,6,108258,80041,0,,41,41,0,0,0,90.06,79,41,,,,,,,,,,,,,,,,,,,10,30.8
2011-03-31,7,108258,80041,0,,41,41,0,0,0,90.06,79,41,,,,,,,,,,,,,,,,,,,10,30.8
2011-03-31,8,108258,80041,0,,41,41,0,0,0,90.06,79,41,,,,,,,,,,,,,,,,,,,10,30.8
2011-03-31,9,108258,80041,0,,41,41,0,0,0,90.06,79,41,,,,,,,,,,,,,,,,,,,10,30.8
2011-03-31,10,108258,80041,0,,41,41,0,0,0,90.06,79,41,,,,,,,,,,,,,,,,,,,10,30.8
2011-03-31,11,108258,80041,0,,41,41,0,0,0,90.06,79,41,,,,,,,,,,,,,,,,,,,10,30.8
2011-03-31,12,108258,80041,0,,41,41,0,0,0,90.06,79,41,,,,,,,,,,,,,,,,,,,10,30.8
2011-03-31,13,108258,80041,0,,41,41,0,0,0,90.06,79,41,,,,,,,,,,,,,,,,,,,10,30.8
2011-03-31,14,108258,80041,0,,41,41,0,0,0,90.06,79,41,,,,,,,,,,,,,,,,,,,10,30.8
2011-03-31,15,108258,80041,0,,41,41,0,0,0,90.06,79,41,,,,,,,,,,,,,,,,,,,10,30.8
2011-03-31,16,108258,80041,0,,41,41,0,0,0,90.06,79,41,,,,,,,,,,,,,,,,,,,10,30.8
2011-03-31,17,108258,80041,0,,41,41,0,0,0,90.06,79,41,,,,,,,,,,,,,,,,,,,10,30.8
2011-03-31,18,108258,80041,0,,41,41,0,0,0,90.06,79,41,,,,,,,,,,,,,,,,,,,10,30.8
2011-03-31,19,108258,80041,0,,41,41,0,0,0,90.06,79,41,,,,,,,,,,,,,,,,,,,10,30.8
2011-03-31,20,108258,80041,0,,41,41,0,0,0,90.06,79,41,,,,,,,,,,,,,,,,,,,10,30.8
2011-03-31,21,108258,80041,0,,41,41,0,0,0,90.06,79,41,,,,,,,,,,,,,,,,,,,10,30.8
2011-03-31,22,108258,80041,0,,41,41,0,0,0,90.06,79,41,,,,,,,,,,,,,,,,,,,10,30.8
2011-03-31,23,108258,80041,0,,41,41,0,0,0,90.06,79,41,,,,,,,,,,,,,,,,,,,10,30.8
2011-03-31,24,108258,80041,0,,41,41,0,0,0,90.06,79,41,,,,,,,,,,,,,,,,,,,10,30.8
2011-03-31,1,108258,84068,0,,42.6,42.6,0,0,0,90.06,77,42.6,,,,,,,,,,,,,,,,,,,10,30
2011-03-31,2,108258,84068,0,,42.6,42.6,0,0,0,90.06,77,42.6,,,,,,,,,,,,,,,,,,,10,30
2011-03-31,3,108258,84068,0,,42.6,42.6,0,0,0,90.06,77,42.6,,,,,,,,,,,,,,,,,,,10,30
2011-03-31,4,108258,84068,0,,42.6,42.6,0,0,0,90.06,77,42.6,,,,,,,,,,,,,,,,,,,10,30
2011-03-31,5,108258,84068,0,,42.6,42.6,0,0,0,90.06,77,42.6,,,,,,,,,,,,,,,,,,,10,30
2011-03-31,6,108258,84068,0,,42.6,42.6,0,0,0,90.06,77,42.6,,,,,,,,,,,,,,,,,,,10,30
2011-03-31,7,108258,84068,0,,42.6,42.6,0,0,0,90.06,77,42.6,,,,,,,,,,,,,,,,,,,10,30
2011-03-31,8,108258,84068,0,,42.6,42.6,0,0,0,90.06,77,42.6,,,,,,,,,,,,,,,,,,,10,30
2011-03-31,9,108258,84068,0,,42.6,42.6,0,0,0,90.06,77,42.6,,,,,,,,,,,,,,,,,,,10,30
2011-03-31,10,108258,84068,0,,42.6,42.6,0,0,0,90.06,77,42.6,,,,,,,,,,,,,,,,,,,10,30
2011-03-31,11,108258,84068,0,,42.6,42.6,0,0,0,90.06,77,42.6,,,,,,,,,,,,,,,,,,,10,30
2011-03-31,12,108258,84068,0,,42.6,42.6,0,0,0,90.06,77,42.6,,,,,,,,,,,,,,,,,,,10,30
2011-03-31,13,108258,84068,0,,42.6,42.6,0,0,0,90.06,77,42.6,,,,,,,,,,,,,,,,,,,10,30
2011-03-31,14,108258,84068,0,,42.6,42.6,0,0,0,90.06,77,42.6,,,,,,,,,,,,,,,,,,,10,30
2011-03-31,15,108258,84068,0,,42.6,42.6,0,0,0,90.06,77,42.6,,,,,,,,,,,,,,,,,,,10,30
2011-03-31,16,108258,84068,0,,42.6,42.6,0,0,0,90.06,77,42.6,,,,,,,,,,,,,,,,,,,10,30
2011-03-31,17,108258,84068,0,,42.6,42.6,0,0,0,90.06,77,42.6,,,,,,,,,,,,,,,,,,,10,30
2011-03-31,18,108258,84068,0,,42.6,42.6,0,0,0,90.06,77,42.6,,,,,,,,,,,,,,,,,,,10,30
2011-03-31,19,108258,84068,0,,42.6,42.6,0,0,0,90.06,77,42.6,,,,,,,,,,,,,,,,,,,10,30
2011-03-31,20,108258,84068,0,,42.6,42.6,0,0,0,90.06,77,42.6,,,,,,,,,,,,,,,,,,,10,30
2011-03-31,21,108258,84068,0,,42.6,42.6,0,0,0,90.06,77,42.6,,,,,,,,,,,,,,,,,,,10,30
2011-03-31,22,108258,84068,0,,42.6,42.6,0,0,0,90.06,77,42.6,,,,,,,,,,,,,,,,,,,10,30
2011-03-31,23,108258,84068,0,,42.6,42.6,0,0,0,90.06,77,42.6,,,,,,,,,,,,,,,,,,,10,30
2011-03-31,24,108258,84068,0,,42.6,42.6,0,0,0,90.06,77,42.6,,,,,,,,,,,,,,,,,,,10,30
2011-03-31,1,138123,53136,300,,528,300,16320,16320,16320,1,38.98,300,39.47,37,39.96,37,40.46,37,44.71,37,48.71,37,53.71,36,,,,,,,0,0
2011-03-31,2,138123,53136,300,,529,300,16320,16320,16320,1,38.98,300,39.47,37,39.96,37,40.46,37,44.71,37,48.71,37,53.71,36,,,,,,,0,0
2011-03-31,3,138123,53136,300,,529,300,16320,16320,16320,1,38.98,300,39.47,37,39.96,37,40.46,37,44.71,37,48.71,37,53.71,36,,,,,,,0,0
2011-03-31,4,138123,53136,300,,530,300,16320,16320,16320,1,38.98,300,39.47,37,39.96,37,40.46,37,44.71,37,48.71,37,53.71,36,,,,,,,0,0
2011-03-31,5,138123,53136,300,,529,300,16320,16320,16320,1,38.98,300,39.47,37,39.96,37,40.46,37,44.71,37,48.71,37,53.71,36,,,,,,,0,0
2011-03-31,6,138123,53136,300,,528,300,16320,16320,16320,1,38.98,300,39.47,37,39.96,37,40.46,37,44.71,37,48.71,37,53.71,36,,,,,,,0,0
2011-03-31,7,138123,53136,300,,524,300,16320,16320,16320,1,38.98,300,39.47,37,39.96,37,40.46,37,44.71,37,48.71,37,53.71,36,,,,,,,0,0
2011-03-31,8,138123,53136,350,,528,350,16320,16320,16320,1,38.98,300,39.47,37,39.96,37,40.46,37,44.71,37,48.71,37,53.71,36,,,,,,,0,0
2011-03-31,9,138123,53136,350,,526,350,16320,16320,16320,1,38.98,300,39.47,37,39.96,37,40.46,37,44.71,37,48.71,37,53.71,36,,,,,,,0,0
2011-03-31,10,138123,53136,350,,524,350,16320,16320,16320,1,38.98,300,39.47,37,39.96,37,40.46,37,44.71,37,48.71,37,53.71,36,,,,,,,0,0
2011-03-31,11,138123,53136,350,,531,350,16320,16320,16320,1,38.98,300,39.47,37,39.96,37,40.46,37,44.71,37,48.71,37,53.71,36,,,,,,,0,0
2011-03-31,12,138123,53136,350,,530,350,16320,16320,16320,1,38.98,300,39.47,37,39.96,37,40.46,37,44.71,37,48.71,37,53.71,36,,,,,,,0,0
2011-03-31,13,138123,53136,350,,528,350,16320,16320,16320,1,38.98,300,39.47,37,39.96,37,40.46,37,44.71,37,48.71,37,53.71,36,,,,,,,0,0
2011-03-31,14,138123,53136,350,,528,350,16320,16320,16320,1,38.98,300,39.47,37,39.96,37,40.46,37,44.71,37,48.71,37,53.71,36,,,,,,,0,0
2011-03-31,15,138123,53136,350,,527,350,16320,16320,16320,1,38.98,300,39.47,37,39.96,37,40.46,37,44.71,37,48.71,37,53.71,36,,,,,,,0,0
2011-03-31,16,138123,53136,350,,527,350,16320,16320,16320,1,38.98,300,39.47,37,39.96,37,40.46,37,44.71,37,48.71,37,53.71,36,,,,,,,0,0
2011-03-31,17,138123,53136,350,,528,350,16320,16320,16320,1,38.98,300,39.47,37,39.96,37,40.46,37,44.71,37,48.71,37,53.71,36,,,,,,,0,0
2011-03-31,18,138123,53136,350,,529,350,16320,16320,16320,1,38.98,300,39.47,37,39.96,37,40.46,37,44.71,37,48.71,37,53.71,36,,,,,,,0,0
2011-03-31,19,138123,53136,350,,521,350,16320,16320,16320,1,38.98,300,39.47,37,39.96,37,40.46,37,44.71,37,48.71,37,53.71,36,,,,,,,0,0
2011-03-31,20,138123,53136,350,,522,350,16320,16320,16320,1,38.98,300,39.47,37,39.96,37,40.46,37,44.71,37,48.71,37,53.71,36,,,,,,,0,0
2011-03-31,21,138123,53136,350,,523,350,16320,16320,16320,1,38.98,300,39.47,37,39.96,37,40.46,37,44.71,37,48.71,37,53.71,36,,,,,,,0,0
2011-03-31,22,138123,53136,350,,523,350,16320,16320,16320,1,38.98,300,39.47,37,39.96,37,40.46,37,44.71,37,48.71,37,53.71,36,,,,,,,0,0
2011-03-31,23,138123,53136,350,,523,350,16320,16320,16320,1,38.98,300,39.47,37,39.96,37,40.46,37,44.71,37,48.71,37,53.71,36,,,,,,,0,0
2011-03-31,24,138123,53136,0,,523,300,16320,16320,16320,1,38.98,300,39.47,37,39.96,37,40.46,37,44.71,37,48.71,37,53.71,36,,,,,,,0,0
2011-03-31,1,140603,46519,0,,51.3,20,3900,3900,3900,0,507.62,65,,,,,,,,,,,,,,,,,,,0,0
2011-03-31,2,140603,46519,0,,51.3,20,3900,3900,3900,0,507.62,65,,,,,,,,,,,,,,,,,,,0,0
2011-03-31,3,140603,46519,0,,51.3,20,3900,3900,3900,0,507.62,65,,,,,,,,,,,,,,,,,,,0,0
2011-03-31,4,140603,46519,0,,51.3,20,3900,3900,3900,0,507.62,65,,,,,,,,,,,,,,,,,,,0,0
2011-03-31,5,140603,46519,0,,51.3,20,3900,3900,3900,0,507.62,65,,,,,,,,,,,,,,,,,,,0,0
2011-03-31,6,140603,46519,0,,51.3,20,3900,3900,3900,0,507.62,65,,,,,,,,,,,,,,,,,,,0,0
2011-03-31,7,140603,46519,0,,51.3,20,3900,3900,3900,0,507.62,65,,,,,,,,,,,,,,,,,,,0,0
2011-03-31,8,140603,46519,0,,51.3,20,3900,3900,3900,0,507.62,65,,,,,,,,,,,,,,,,,,,0,0
2011-03-31,9,140603,46519,0,,51.3,20,3900,3900,3900,0,507.62,65,,,,,,,,,,,,,,,,,,,0,0
2011-03-31,10,140603,46519,0,,51.3,20,3900,3900,3900,0,507.62,65,,,,,,,,,,,,,,,,,,,0,0
2011-03-31,11,140603,46519,0,,51.3,20,3900,3900,3900,0,507.62,65,,,,,,,,,,,,,,,,,,,0,0
2011-03-31,12,140603,46519,0,,51.3,20,3900,3900,3900,0,507.62,65,,,,,,,,,,,,,,,,,,,0,0
2011-03-31,13,140603,46519,0,,51.3,20,3900,3900,3900,0,507.62,65,,,,,,,,,,,,,,,,,,,0,0
2011-03-31,14,140603,46519,0,,51.3,20,3900,3900,3900,0,507.62,65,,,,,,,,,,,,,,,,,,,0,0
2011-03-31,15,140603,46519,0,,51.3,20,3900,3900,3900,0,507.62,65,,,,,,,,,,,,,,,,,,,0,0
2011-03-31,16,140603,46519,0,,51.3,20,3900,3900,3900,0,507.62,65,,,,,,,,,,,,,,,,,,,0,0
2011-03-31,17,140603,46519,0,,51.3,20,3900,3900,3900,0,507.62,65,,,,,,,,,,,,,,,,,,,0,0
2011-03-31,18,140603,46519,0,,51.3,20,3900,3900,3900,0,507.62,65,,,,,,,,,,,,,,,,,,,0,0
2011-03-31,19,140603,46519,0,,51.3,20,3900,3900,3900,0,507.62,65,,,,,,,,,,,,,,,,,,,0,0
2011-03-31,20,140603,46519,0,,51.3,20,3900,3900,3900,0,507.62,65,,,,,,,,,,,,,,,,,,,0,0
2011-03-31,21,140603,46519,0,,51.3,20,3900,3900,3900,0,507.62,65,,,,,,,,,,,,,,,,,,,0,0
2011-03-31,22,140603,46519,0,,51.3,20,3900,3900,3900,0,507.62,65,,,,,,,,,,,,,,,,,,,0,0
2011-03-31,23,140603,46519,0,,51.3,20,3900,3900,3900,0,507.62,65,,,,,,,,,,,,,,,,,,,0,0
2011-03-31,24,140603,46519,0,,51.3,20,3900,3900,3900,0,507.62,65,,,,,,,,,,,,,,,,,,,0,0
2011-03-31,1,140603,58988,0,,48.3,20,3900,3900,3900,0,507.7,60,,,,,,,,,,,,,,,,,,,0,0
2011-03-31,2,140603,58988,0,,48.3,20,3900,3900,3900,0,507.7,60,,,,,,,,,,,,,,,,,,,0,0
2011-03-31,3,140603,58988,0,,48.3,20,3900,3900,3900,0,507.7,60,,,,,,,,,,,,,,,,,,,0,0
2011-03-31,4,140603,58988,0,,48.3,20,3900,3900,3900,0,507.7,60,,,,,,,,,,,,,,,,,,,0,0
2011-03-31,5,140603,58988,0,,48.3,20,3900,3900,3900,0,507.7,60,,,,,,,,,,,,,,,,,,,0,0
2011-03-31,6,140603,58988,0,,48.3,20,3900,3900,3900,0,507.7,60,,,,,,,,,,,,,,,,,,,0,0
2011-03-31,7,140603,58988,0,,48.3,20,3900,3900,3900,0,507.7,60,,,,,,,,,,,,,,,,,,,0,0
2011-03-31,8,140603,58988,0,,48.3,20,3900,3900,3900,0,507.7,60,,,,,,,,,,,,,,,,,,,0,0
2011-03-31,9,140603,58988,0,,48.3,20,3900,3900,3900,0,507.7,60,,,,,,,,,,,,,,,,,,,0,0
2011-03-31,10,140603,58988,0,,48.3,20,3900,3900,3900,0,507.7,60,,,,,,,,,,,,,,,,,,,0,0
2011-03-31,11,140603,58988,0,,48.3,20,3900,3900,3900,0,507.7,60,,,,,,,,,,,,,,,,,,,0,0
2011-03-31,12,140603,58988,0,,48.3,20,3900,3900,3900,0,507.7,60,,,,,,,,,,,,,,,,,,,0,0
2011-03-31,13,140603,58988,0,,48.3,20,3900,3900,3900,0,507.7,60,,,,,,,,,,,,,,,,,,,0,0
2011-03-31,14,140603,58988,0,,48.3,20,3900,3900,3900,0,507.7,60,,,,,,,,,,,,,,,,,,,0,0
2011-03-31,15,140603,58988,0,,48.3,20,3900,3900,3900,0,507.7,60,,,,,,,,,,,,,,,,,,,0,0
2011-03-31,16,140603,58988,0,,48.3,20,3900,3900,3900,0,507.7,60,,,,,,,,,,,,,,,,,,,0,0
2011-03-31,17,140603,58988,0,,48.3,20,3900,3900,3900,0,507.7,60,,,,,,,,,,,,,,,,,,,0,0
2011-03-31,18,140603,58988,0,,48.3,20,3900,3900,3900,0,507.7,60,,,,,,,,,,,,,,,,,,,0,0
2011-03-31,19,140603,58988,0,,48.3,20,3900,3900,3900,0,507.7,60,,,,,,,,,,,,,,,,,,,0,0
2011-03-31,20,140603,58988,0,,48.3,20,3900,3900,3900,0,507.7,60,,,,,,,,,,,,,,,,,,,0,0
2011-03-31,21,140603,58988,0,,48.3,20,3900,3900,3900,0,507.7,60,,,,,,,,,,,,,,,,,,,0,0
2011-03-31,22,140603,58988,0,,48.3,20,3900,3900,3900,0,507.7,60,,,,,,,,,,,,,,,,,,,0,0
2011-03-31,23,140603,58988,0,,48.3,20,3900,3900,3900,0,507.7,60,,,,,,,,,,,,,,,,,,,0,0
2011-03-31,24,140603,58988,0,,48.3,20,3900,3900,3900,0,507.7,60,,,,,,,,,,,,,,,,,,,0,0
2011-03-31,1,140603,71142,0,,13.5,5,1800,1800,1800,0,495.22,15,,,,,,,,,,,,,,,,,,,0,0
2011-03-31,2,140603,71142,0,,13.5,5,1800,1800,1800,0,495.22,15,,,,,,,,,,,,,,,,,,,0,0
2011-03-31,3,140603,71142,0,,13.5,5,1800,1800,1800,0,495.22,15,,,,,,,,,,,,,,,,,,,0,0
2011-03-31,4,140603,71142,0,,13.5,5,1800,1800,1800,0,495.22,15,,,,,,,,,,,,,,,,,,,0,0
2011-03-31,5,140603,71142,0,,13.5,5,1800,1800,1800,0,495.22,15,,,,,,,,,,,,,,,,,,,0,0
2011-03-31,6,140603,71142,0,,13.5,5,1800,1800,1800,0,495.22,15,,,,,,,,,,,,,,,,,,,0,0
2011-03-31,7,140603,71142,0,,13.5,5,1800,1800,1800,0,495.22,15,,,,,,,,,,,,,,,,,,,0,0
2011-03-31,8,140603,71142,0,,13.5,5,1800,1800,1800,0,495.22,15,,,,,,,,,,,,,,,,,,,0,0
2011-03-31,9,140603,71142,0,,13.5,5,1800,1800,1800,0,495.22,15,,,,,,,,,,,,,,,,,,,0,0
2011-03-31,10,140603,71142,0,,13.5,5,1800,1800,1800,0,495.22,15,,,,,,,,,,,,,,,,,,,0,0
2011-03-31,11,140603,71142,0,,13.5,5,1800,1800,1800,0,495.22,15,,,,,,,,,,,,,,,,,,,0,0
2011-03-31,12,140603,71142,0,,13.5,5,1800,1800,1800,0,495.22,15,,,,,,,,,,,,,,,,,,,0,0
2011-03-31,13,140603,71142,0,,13.5,5,1800,1800,1800,0,495.22,15,,,,,,,,,,,,,,,,,,,0,0
2011-03-31,14,140603,71142,0,,13.5,5,1800,1800,1800,0,495.22,15,,,,,,,,,,,,,,,,,,,0,0
2011-03-31,15,140603,71142,0,,13.5,5,1800,1800,1800,0,495.22,15,,,,,,,,,,,,,,,,,,,0,0
2011-03-31,16,140603,71142,0,,13.5,5,1800,1800,1800,0,495.22,15,,,,,,,,,,,,,,,,,,,0,0
2011-03-31,17,140603,71142,0,,13.5,5,1800,1800,1800,0,495.22,15,,,,,,,,,,,,,,,,,,,0,0
2011-03-31,18,140603,71142,0,,13.5,5,1800,1800,1800,0,495.22,15,,,,,,,,,,,,,,,,,,,0,0
2011-03-31,19,140603,71142,0,,13.5,5,1800,1800,1800,0,495.22,15,,,,,,,,,,,,,,,,,,,0,0
2011-03-31,20,140603,71142,0,,13.5,5,1800,1800,1800,0,495.22,15,,,,,,,,,,,,,,,,,,,0,0
2011-03-31,21,140603,71142,0,,13.5,5,1800,1800,1800,0,495.22,15,,,,,,,,,,,,,,,,,,,0,0
2011-03-31,22,140603,71142,0,,13.5,5,1800,1800,1800,0,495.22,15,,,,,,,,,,,,,,,,,,,0,0
2011-03-31,23,140603,71142,0,,13.5,5,1800,1800,1800,0,495.22,15,,,,,,,,,,,,,,,,,,,0,0
2011-03-31,24,140603,71142,0,,13.5,5,1800,1800,1800,0,495.22,15,,,,,,,,,,,,,,,,,,,0,0
2011-03-31,1,140603,77048,0,,12.4,5,1800,1800,1800,0,495.18,15,,,,,,,,,,,,,,,,,,,0,0
2011-03-31,2,140603,77048,0,,12.4,5,1800,1800,1800,0,495.18,15,,,,,,,,,,,,,,,,,,,0,0
2011-03-31,3,140603,77048,0,,12.4,5,1800,1800,1800,0,495.18,15,,,,,,,,,,,,,,,,,,,0,0
2011-03-31,4,140603,77048,0,,12.4,5,1800,1800,1800,0,495.18,15,,,,,,,,,,,,,,,,,,,0,0
2011-03-31,5,140603,77048,0,,12.4,5,1800,1800,1800,0,495.18,15,,,,,,,,,,,,,,,,,,,0,0
2011-03-31,6,140603,77048,0,,12.4,5,1800,1800,1800,0,495.18,15,,,,,,,,,,,,,,,,,,,0,0
2011-03-31,7,140603,77048,0,,12.4,5,1800,1800,1800,0,495.18,15,,,,,,,,,,,,,,,,,,,0,0
2011-03-31,8,140603,77048,0,,12.4,5,1800,1800,1800,0,495.18,15,,,,,,,,,,,,,,,,,,,0,0
2011-03-31,9,140603,77048,0,,12.4,5,1800,1800,1800,0,495.18,15,,,,,,,,,,,,,,,,,,,0,0
2011-03-31,10,140603,77048,0,,12.4,5,1800,1800,1800,0,495.18,15,,,,,,,,,,,,,,,,,,,0,0
2011-03-31,11,140603,77048,0,,12.4,5,1800,1800,1800,0,495.18,15,,,,,,,,,,,,,,,,,,,0,0
2011-03-31,12,140603,77048,0,,12.4,5,1800,1800,1800,0,495.18,15,,,,,,,,,,,,,,,,,,,0,0
2011-03-31,13,140603,77048,0,,12.4,5,1800,1800,1800,0,495.18,15,,,,,,,,,,,,,,,,,,,0,0
2011-03-31,14,140603,77048,0,,12.4,5,1800,1800,1800,0,495.18,15,,,,,,,,,,,,,,,,,,,0,0
2011-03-31,15,140603,77048,0,,12.4,5,1800,1800,1800,0,495.18,15,,,,,,,,,,,,,,,,,,,0,0
2011-03-31,16,140603,77048,0,,12.4,5,1800,1800,1800,0,495.18,15,,,,,,,,,,,,,,,,,,,0,0
2011-03-31,17,140603,77048,0,,12.4,5,1800,1800,1800,0,495.18,15,,,,,,,,,,,,,,,,,,,0,0
2011-03-31,18,140603,77048,0,,12.4,5,1800,1800,1800,0,495.18,15,,,,,,,,,,,,,,,,,,,0,0
2011-03-31,19,140603,77048,0,,12.4,5,1800,1800,1800,0,495.18,15,,,,,,,,,,,,,,,,,,,0,0
2011-03-31,20,140603,77048,0,,12.4,5,1800,1800,1800,0,495.18,15,,,,,,,,,,,,,,,,,,,0,0
2011-03-31,21,140603,77048,0,,12.4,5,1800,1800,1800,0,495.18,15,,,,,,,,,,,,,,,,,,,0,0
2011-03-31,22,140603,77048,0,,12.4,5,1800,1800,1800,0,495.18,15,,,,,,,,,,,,,,,,,,,0,0
2011-03-31,23,140603,77048,0,,12.4,5,1800,1800,1800,0,495.18,15,,,,,,,,,,,,,,,,,,,0,0
2011-03-31,24,140603,77048,0,,12.4,5,1800,1800,1800,0,495.18,15,,,,,,,,,,,,,,,,,,,0,0
2011-03-31,1,140603,82001,0,,19.7,5,1700,1700,1700,0,529.33,20,,,,,,,,,,,,,,,,,,,15.7,0
2011-03-31,2,140603,82001,0,,19.7,5,1700,1700,1700,0,529.33,20,,,,,,,,,,,,,,,,,,,15.7,0
2011-03-31,3,140603,82001,0,,19.7,5,1700,1700,1700,0,529.33,20,,,,,,,,,,,,,,,,,,,15.7,0
2011-03-31,4,140603,82001,0,,19.7,5,1700,1700,1700,0,529.33,20,,,,,,,,,,,,,,,,,,,15.7,0
2011-03-31,5,140603,82001,0,,19.7,5,1700,1700,1700,0,529.33,20,,,,,,,,,,,,,,,,,,,15.7,0
2011-03-31,6,140603,82001,0,,19.7,5,1700,1700,1700,0,529.33,20,,,,,,,,,,,,,,,,,,,15.7,0
2011-03-31,7,140603,82001,0,,19.7,5,1700,1700,1700,0,529.33,20,,,,,,,,,,,,,,,,,,,15.7,0
2011-03-31,8,140603,82001,0,,19.7,5,1700,1700,1700,0,529.33,20,,,,,,,,,,,,,,,,,,,15.7,0
2011-03-31,9,140603,82001,0,,19.7,5,1700,1700,1700,0,529.33,20,,,,,,,,,,,,,,,,,,,15.7,0
2011-03-31,10,140603,82001,0,,19.7,5,1700,1700,1700,0,529.33,20,,,,,,,,,,,,,,,,,,,15.7,0
2011-03-31,11,140603,82001,0,,19.7,5,1700,1700,1700,0,529.33,20,,,,,,,,,,,,,,,,,,,15.7,0
2011-03-31,12,140603,82001,0,,19.7,5,1700,1700,1700,0,529.33,20,,,,,,,,,,,,,,,,,,,15.7,0
2011-03-31,13,140603,82001,0,,19.7,5,1700,1700,1700,0,529.33,20,,,,,,,,,,,,,,,,,,,15.7,0
2011-03-31,14,140603,82001,0,,19.7,5,1700,1700,1700,0,529.33,20,,,,,,,,,,,,,,,,,,,15.7,0
2011-03-31,15,140603,82001,0,,19.7,5,1700,1700,1700,0,529.33,20,,,,,,,,,,,,,,,,,,,15.7,0
2011-03-31,16,140603,82001,0,,19.7,5,1700,1700,1700,0,529.33,20,,,,,,,,,,,,,,,,,,,15.7,0
2011-03-31,17,140603,82001,0,,19.7,5,1700,1700,1700,0,529.33,20,,,,,,,,,,,,,,,,,,,15.7,0
2011-03-31,18,140603,82001,0,,19.7,5,1700,1700,1700,0,529.33,20,,,,,,,,,,,,,,,,,,,15.7,0
2011-03-31,19,140603,82001,0,,19.7,5,1700,1700,1700,0,529.33,20,,,,,,,,,,,,,,,,,,,15.7,0
2011-03-31,20,140603,82001,0,,19.7,5,1700,1700,1700,0,529.33,20,,,,,,,,,,,,,,,,,,,15.7,0
2011-03-31,21,140603,82001,0,,19.7,5,1700,1700,1700,0,529.33,20,,,,,,,,,,,,,,,,,,,15.7,0
2011-03-31,22,140603,82001,0,,19.7,5,1700,1700,1700,0,529.33,20,,,,,,,,,,,,,,,,,,,15.7,0
2011-03-31,23,140603,82001,0,,19.7,5,1700,1700,1700,0,529.33,20,,,,,,,,,,,,,,,,,,,15.7,0
2011-03-31,24,140603,82001,0,,19.7,5,1700,1700,1700,0,529.33,20,,,,,,,,,,,,,,,,,,,15.7,0
2011-03-31,1,140603,88128,0,,14.2,5,1800,1800,1800,0,495.1,15,,,,,,,,,,,,,,,,,,,0,0
2011-03-31,2,140603,88128,0,,14.2,5,1800,1800,1800,0,495.1,15,,,,,,,,,,,,,,,,,,,0,0
2011-03-31,3,140603,88128,0,,14.2,5,1800,1800,1800,0,495.1,15,,,,,,,,,,,,,,,,,,,0,0
2011-03-31,4,140603,88128,0,,14.2,5,1800,1800,1800,0,495.1,15,,,,,,,,,,,,,,,,,,,0,0
2011-03-31,5,140603,88128,0,,14.2,5,1800,1800,1800,0,495.1,15,,,,,,,,,,,,,,,,,,,0,0
2011-03-31,6,140603,88128,0,,14.2,5,1800,1800,1800,0,495.1,15,,,,,,,,,,,,,,,,,,,0,0
2011-03-31,7,140603,88128,0,,14.2,5,1800,1800,1800,0,495.1,15,,,,,,,,,,,,,,,,,,,0,0
2011-03-31,8,140603,88128,0,,14.2,5,1800,1800,1800,0,495.1,15,,,,,,,,,,,,,,,,,,,0,0
2011-03-31,9,140603,88128,0,,14.2,5,1800,1800,1800,0,495.1,15,,,,,,,,,,,,,,,,,,,0,0
2011-03-31,10,140603,88128,0,,14.2,5,1800,1800,1800,0,495.1,15,,,,,,,,,,,,,,,,,,,0,0
2011-03-31,11,140603,88128,0,,14.2,5,1800,1800,1800,0,495.1,15,,,,,,,,,,,,,,,,,,,0,0
2011-03-31,12,140603,88128,0,,14.2,5,1800,1800,1800,0,495.1,15,,,,,,,,,,,,,,,,,,,0,0
2011-03-31,13,140603,88128,0,,14.2,5,1800,1800,1800,0,495.1,15,,,,,,,,,,,,,,,,,,,0,0
2011-03-31,14,140603,88128,0,,14.2,5,1800,1800,1800,0,495.1,15,,,,,,,,,,,,,,,,,,,0,0
2011-03-31,15,140603,88128,0,,14.2,5,1800,1800,1800,0,495.1,15,,,,,,,,,,,,,,,,,,,0,0
2011-03-31,16,140603,88128,0,,14.2,5,1800,1800,1800,0,495.1,15,,,,,,,,,,,,,,,,,,,0,0
2011-03-31,17,140603,88128,0,,14.2,5,1800,1800,1800,0,495.1,15,,,,,,,,,,,,,,,,,,,0,0
2011-03-31,18,140603,88128,0,,14.2,5,1800,1800,1800,0,495.1,15,,,,,,,,,,,,,,,,,,,0,0
2011-03-31,19,140603,88128,0,,14.2,5,1800,1800,1800,0,495.1,15,,,,,,,,,,,,,,,,,,,0,0
2011-03-31,20,140603,88128,0,,14.2,5,1800,1800,1800,0,495.1,15,,,,,,,,,,,,,,,,,,,0,0
2011-03-31,21,140603,88128,0,,14.2,5,1800,1800,1800,0,495.1,15,,,,,,,,,,,,,,,,,,,0,0
2011-03-31,22,140603,88128,0,,14.2,5,1800,1800,1800,0,495.1,15,,,,,,,,,,,,,,,,,,,0,0
2011-03-31,23,140603,88128,0,,14.2,5,1800,1800,1800,0,495.1,15,,,,,,,,,,,,,,,,,,,0,0
2011-03-31,24,140603,88128,0,,14.2,5,1800,1800,1800,0,495.1,15,,,,,,,,,,,,,,,,,,,0,0
2011-03-31,1,140603,98805,0,,52.3,20,3900,3900,3900,0,507.56,55,,,,,,,,,,,,,,,,,,,0,0
2011-03-31,2,140603,98805,0,,52.3,20,3900,3900,3900,0,507.56,55,,,,,,,,,,,,,,,,,,,0,0
2011-03-31,3,140603,98805,0,,52.3,20,3900,3900,3900,0,507.56,55,,,,,,,,,,,,,,,,,,,0,0
2011-03-31,4,140603,98805,0,,52.3,20,3900,3900,3900,0,507.56,55,,,,,,,,,,,,,,,,,,,0,0
2011-03-31,5,140603,98805,0,,52.3,20,3900,3900,3900,0,507.56,55,,,,,,,,,,,,,,,,,,,0,0
2011-03-31,6,140603,98805,0,,52.3,20,3900,3900,3900,0,507.56,55,,,,,,,,,,,,,,,,,,,0,0
2011-03-31,7,140603,98805,0,,52.3,20,3900,3900,3900,0,507.56,55,,,,,,,,,,,,,,,,,,,0,0
2011-03-31,8,140603,98805,0,,52.3,20,3900,3900,3900,0,507.56,55,,,,,,,,,,,,,,,,,,,0,0
2011-03-31,9,140603,98805,0,,52.3,20,3900,3900,3900,0,507.56,55,,,,,,,,,,,,,,,,,,,0,0
2011-03-31,10,140603,98805,0,,52.3,20,3900,3900,3900,0,507.56,55,,,,,,,,,,,,,,,,,,,0,0
2011-03-31,11,140603,98805,0,,52.3,20,3900,3900,3900,0,507.56,55,,,,,,,,,,,,,,,,,,,0,0
2011-03-31,12,140603,98805,0,,52.3,20,3900,3900,3900,0,507.56,55,,,,,,,,,,,,,,,,,,,0,0
2011-03-31,13,140603,98805,0,,52.3,20,3900,3900,3900,0,507.56,55,,,,,,,,,,,,,,,,,,,0,0
2011-03-31,14,140603,98805,0,,52.3,20,3900,3900,3900,0,507.56,55,,,,,,,,,,,,,,,,,,,0,0
2011-03-31,15,140603,98805,0,,52.3,20,3900,3900,3900,0,507.56,55,,,,,,,,,,,,,,,,,,,0,0
2011-03-31,16,140603,98805,0,,52.3,20,3900,3900,3900,0,507.56,55,,,,,,,,,,,,,,,,,,,0,0
2011-03-31,17,140603,98805,0,,52.3,20,3900,3900,3900,0,507.56,55,,,,,,,,,,,,,,,,,,,0,0
2011-03-31,18,140603,98805,0,,52.3,20,3900,3900,3900,0,507.56,55,,,,,,,,,,,,,,,,,,,0,0
2011-03-31,19,140603,98805,0,,52.3,20,3900,3900,3900,0,507.56,55,,,,,,,,,,,,,,,,,,,0,0
2011-03-31,20,140603,98805,0,,52.3,20,3900,3900,3900,0,507.56,55,,,,,,,,,,,,,,,,,,,0,0
2011-03-31,21,140603,98805,0,,52.3,20,3900,3900,3900,0,507.56,55,,,,,,,,,,,,,,,,,,,0,0
2011-03-31,22,140603,98805,0,,52.3,20,3900,3900,3900,0,507.56,55,,,,,,,,,,,,,,,,,,,0,0
2011-03-31,23,140603,98805,0,,52.3,20,3900,3900,3900,0,507.56,55,,,,,,,,,,,,,,,,,,,0,0
2011-03-31,24,140603,98805,0,,52.3,20,3900,3900,3900,0,507.56,55,,,,,,,,,,,,,,,,,,,0,0
2011-03-31,1,172669,40887,7,168,7,7,0,0,0,0,10,7,,,,,,,,,,,,,,,,,,,10,10
2011-03-31,2,172669,40887,7,168,7,7,0,0,0,0,10,7,,,,,,,,,,,,,,,,,,,10,10
2011-03-31,3,172669,40887,7,168,7,7,0,0,0,0,10,7,,,,,,,,,,,,,,,,,,,10,10
2011-03-31,4,172669,40887,7,168,7,7,0,0,0,0,10,7,,,,,,,,,,,,,,,,,,,10,10
2011-03-31,5,172669,40887,7,168,7,7,0,0,0,0,10,7,,,,,,,,,,,,,,,,,,,10,10
2011-03-31,6,172669,40887,7,168,7,7,0,0,0,0,10,7,,,,,,,,,,,,,,,,,,,10,10
2011-03-31,7,172669,40887,7,168,7,7,0,0,0,0,10,7,,,,,,,,,,,,,,,,,,,10,10
2011-03-31,8,172669,40887,7,168,7,7,0,0,0,0,10,7,,,,,,,,,,,,,,,,,,,10,10
2011-03-31,9,172669,40887,7,168,7,7,0,0,0,0,10,7,,,,,,,,,,,,,,,,,,,10,10
2011-03-31,10,172669,40887,7,168,7,7,0,0,0,0,10,7,,,,,,,,,,,,,,,,,,,10,10
2011-03-31,11,172669,40887,7,168,7,7,0,0,0,0,10,7,,,,,,,,,,,,,,,,,,,10,10
2011-03-31,12,172669,40887,7,168,7,7,0,0,0,0,10,7,,,,,,,,,,,,,,,,,,,10,10
2011-03-31,13,172669,40887,7,168,7,7,0,0,0,0,10,7,,,,,,,,,,,,,,,,,,,10,10
2011-03-31,14,172669,40887,7,168,7,7,0,0,0,0,10,7,,,,,,,,,,,,,,,,,,,10,10
2011-03-31,15,172669,40887,7,168,7,7,0,0,0,0,10,7,,,,,,,,,,,,,,,,,,,10,10
2011-03-31,16,172669,40887,7,168,7,7,0,0,0,0,10,7,,,,,,,,,,,,,,,,,,,10,10
2011-03-31,17,172669,40887,7,168,7,7,0,0,0,0,10,7,,,,,,,,,,,,,,,,,,,10,10
2011-03-31,18,172669,40887,7,168,7,7,0,0,0,0,10,7,,,,,,,,,,,,,,,,,,,10,10
2011-03-31,19,172669,40887,7,168,7,7,0,0,0,0,10,7,,,,,,,,,,,,,,,,,,,10,10
2011-03-31,20,172669,40887,7,168,7,7,0,0,0,0,10,7,,,,,,,,,,,,,,,,,,,10,10
2011-03-31,21,172669,40887,7,168,7,7,0,0,0,0,10,7,,,,,,,,,,,,,,,,,,,10,10
2011-03-31,22,172669,40887,7,168,7,7,0,0,0,0,10,7,,,,,,,,,,,,,,,,,,,10,10
2011-03-31,23,172669,40887,7,168,7,7,0,0,0,0,10,7,,,,,,,,,,,,,,,,,,,10,10
2011-03-31,24,172669,40887,7,168,7,7,0,0,0,0,10,7,,,,,,,,,,,,,,,,,,,10,10
2011-03-31,1,172669,81315,0,85.2,21.3,20,60.75,60.75,60.75,0,455,20,,,,,,,,,,,,,,,,,,,18.4,20
2011-03-31,2,172669,81315,0,85.2,21.3,20,60.75,60.75,60.75,0,455,20,,,,,,,,,,,,,,,,,,,18.4,20
2011-03-31,3,172669,81315,0,85.2,21.3,20,60.75,60.75,60.75,0,455,20,,,,,,,,,,,,,,,,,,,18.4,20
2011-03-31,4,172669,81315,0,85.2,21.3,20,60.75,60.75,60.75,0,455,20,,,,,,,,,,,,,,,,,,,18.4,20
2011-03-31,5,172669,81315,0,85.2,21.3,20,60.75,60.75,60.75,0,455,20,,,,,,,,,,,,,,,,,,,18.4,20
2011-03-31,6,172669,81315,0,85.2,21.3,20,60.75,60.75,60.75,0,455,20,,,,,,,,,,,,,,,,,,,18.4,20
2011-03-31,7,172669,81315,0,85.2,21.3,20,60.75,60.75,60.75,0,455,20,,,,,,,,,,,,,,,,,,,18.4,20
2011-03-31,8,172669,81315,0,85.2,21.3,20,60.75,60.75,60.75,0,455,20,,,,,,,,,,,,,,,,,,,18.4,20
2011-03-31,9,172669,81315,0,85.2,21.3,20,60.75,60.75,60.75,0,455,20,,,,,,,,,,,,,,,,,,,18.4,20
2011-03-31,10,172669,81315,0,85.2,21.3,20,60.75,60.75,60.75,0,455,20,,,,,,,,,,,,,,,,,,,18.4,20
2011-03-31,11,172669,81315,0,85.2,21.3,20,60.75,60.75,60.75,0,455,20,,,,,,,,,,,,,,,,,,,18.4,20
2011-03-31,12,172669,81315,0,85.2,21.3,20,60.75,60.75,60.75,0,455,20,,,,,,,,,,,,,,,,,,,18.4,20
2011-03-31,13,172669,81315,0,85.2,21.3,20,60.75,60.75,60.75,0,455,20,,,,,,,,,,,,,,,,,,,18.4,20
2011-03-31,14,172669,81315,0,85.2,21.3,20,60.75,60.75,60.75,0,455,20,,,,,,,,,,,,,,,,,,,18.4,20
2011-03-31,15,172669,81315,0,85.2,21.3,20,60.75,60.75,60.75,0,455,20,,,,,,,,,,,,,,,,,,,18.4,20
2011-03-31,16,172669,81315,0,85.2,21.3,20,60.75,60.75,60.75,0,455,20,,,,,,,,,,,,,,,,,,,18.4,20
2011-03-31,17,172669,81315,0,85.2,21.3,20,60.75,60.75,60.75,0,455,20,,,,,,,,,,,,,,,,,,,18.4,20
2011-03-31,18,172669,81315,0,85.2,21.3,20,60.75,60.75,60.75,0,455,20,,,,,,,,,,,,,,,,,,,18.4,20
2011-03-31,19,172669,81315,0,85.2,21.3,20,60.75,60.75,60.75,0,455,20,,,,,,,,,,,,,,,,,,,18.4,20
2011-03-31,20,172669,81315,0,85.2,21.3,20,60.75,60.75,60.75,0,455,20,,,,,,,,,,,,,,,,,,,18.4,20
2011-03-31,21,172669,81315,0,85.2,21.3,20,60.75,60.75,60.75,0,455,20,,,,,,,,,,,,,,,,,,,18.4,20
2011-03-31,22,172669,81315,0,85.2,21.3,20,60.75,60.75,60.75,0,455,20,,,,,,,,,,,,,,,,,,,18.4,20
2011-03-31,23,172669,81315,0,85.2,21.3,20,60.75,60.75,60.75,0,455,20,,,,,,,,,,,,,,,,,,,18.4,20
2011-03-31,24,172669,81315,0,85.2,21.3,20,60.75,60.75,60.75,0,455,20,,,,,,,,,,,,,,,,,,,18.4,20
2011-03-31,1,172669,85195,0,129.6,21.6,13,60.75,60.75,60.75,0,455,20,,,,,,,,,,,,,,,,,,,20,21.1
2011-03-31,2,172669,85195,0,129.6,21.6,13,60.75,60.75,60.75,0,455,20,,,,,,,,,,,,,,,,,,,20,21.1
2011-03-31,3,172669,85195,0,129.6,21.6,13,60.75,60.75,60.75,0,455,20,,,,,,,,,,,,,,,,,,,20,21.1
2011-03-31,4,172669,85195,0,129.6,21.6,13,60.75,60.75,60.75,0,455,20,,,,,,,,,,,,,,,,,,,20,21.1
2011-03-31,5,172669,85195,0,129.6,21.6,13,60.75,60.75,60.75,0,455,20,,,,,,,,,,,,,,,,,,,20,21.1
2011-03-31,6,172669,85195,0,129.6,21.6,13,60.75,60.75,60.75,0,455,20,,,,,,,,,,,,,,,,,,,20,21.1
2011-03-31,7,172669,85195,0,129.6,21.6,13,60.75,60.75,60.75,0,455,20,,,,,,,,,,,,,,,,,,,20,21.1
2011-03-31,8,172669,85195,0,129.6,21.6,13,60.75,60.75,60.75,0,455,20,,,,,,,,,,,,,,,,,,,20,21.1
2011-03-31,9,172669,85195,0,129.6,21.6,13,60.75,60.75,60.75,0,455,20,,,,,,,,,,,,,,,,,,,20,21.1
2011-03-31,10,172669,85195,0,129.6,21.6,13,60.75,60.75,60.75,0,455,20,,,,,,,,,,,,,,,,,,,20,21.1
2011-03-31,11,172669,85195,0,129.6,21.6,13,60.75,60.75,60.75,0,455,20,,,,,,,,,,,,,,,,,,,20,21.1
2011-03-31,12,172669,85195,0,129.6,21.6,13,60.75,60.75,60.75,0,455,20,,,,,,,,,,,,,,,,,,,20,21.1
2011-03-31,13,172669,85195,0,129.6,21.6,13,60.75,60.75,60.75,0,455,20,,,,,,,,,,,,,,,,,,,20,21.1
2011-03-31,14,172669,85195,0,129.6,21.6,13,60.75,60.75,60.75,0,455,20,,,,,,,,,,,,,,,,,,,20,21.1
2011-03-31,15,172669,85195,0,129.6,21.6,13,60.75,60.75,60.75,0,455,20,,,,,,,,,,,,,,,,,,,20,21.1
2011-03-31,16,172669,85195,0,129.6,21.6,13,60.75,60.75,60.75,0,455,20,,,,,,,,,,,,,,,,,,,20,21.1
2011-03-31,17,172669,85195,0,129.6,21.6,13,60.75,60.75,60.75,0,455,20,,,,,,,,,,,,,,,,,,,20,21.1
2011-03-31,18,172669,85195,0,129.6,21.6,13,60.75,60.75,60.75,0,455,20,,,,,,,,,,,,,,,,,,,20,21.1
2011-03-31,19,172669,85195,0,129.6,21.6,13,60.75,60.75,60.75,0,455,20,,,,,,,,,,,,,,,,,,,20,21.1
2011-03-31,20,172669,85195,0,129.6,21.6,13,60.75,60.75,60.75,0,455,20,,,,,,,,,,,,,,,,,,,20,21.1
2011-03-31,21,172669,85195,0,129.6,21.6,13,60.75,60.75,60.75,0,455,20,,,,,,,,,,,,,,,,,,,20,21.1
2011-03-31,22,172669,85195,0,129.6,21.6,13,60.75,60.75,60.75,0,455,20,,,,,,,,,,,,,,,,,,,20,21.1
2011-03-31,23,172669,85195,0,129.6,21.6,13,60.75,60.75,60.75,0,455,20,,,,,,,,,,,,,,,,,,,20,21.1
2011-03-31,24,172669,85195,0,129.6,21.6,13,60.75,60.75,60.75,0,455,20,,,,,,,,,,,,,,,,,,,20,21.1
2011-03-31,1,184983,17945,0,,0,0,0,0,0,0,0,7,,,,,,,,,,,,,,,,,,,0,0
2011-03-31,2,184983,17945,0,,0,0,0,0,0,0,0,7,,,,,,,,,,,,,,,,,,,0,0
2011-03-31,3,184983,17945,0,,0,0,0,0,0,0,0,7,,,,,,,,,,,,,,,,,,,0,0
2011-03-31,4,184983,17945,0,,0,0,0,0,0,0,0,7,,,,,,,,,,,,,,,,,,,0,0
2011-03-31,5,184983,17945,0,,0,0,0,0,0,0,0,7,,,,,,,,,,,,,,,,,,,0,0
2011-03-31,6,184983,17945,0,,0,0,0,0,0,0,0,7,,,,,,,,,,,,,,,,,,,0,0
2011-03-31,7,184983,17945,0,,0,0,0,0,0,0,0,7,,,,,,,,,,,,,,,,,,,0,0
2011-03-31,8,184983,17945,3,,3,3,0,0,0,0,0,7,,,,,,,,,,,,,,,,,,,0,0
2011-03-31,9,184983,17945,7,,7,7,0,0,0,0,0,7,,,,,,,,,,,,,,,,,,,0,0
2011-03-31,10,184983,17945,7,,7,7,0,0,0,0,0,7,,,,,,,,,,,,,,,,,,,0,0
2011-03-31,11,184983,17945,7,,7,7,0,0,0,0,0,7,,,,,,,,,,,,,,,,,,,0,0
2011-03-31,12,184983,17945,7,,7,7,0,0,0,0,0,7,,,,,,,,,,,,,,,,,,,0,0
2011-03-31,13,184983,17945,7,,7,7,0,0,0,0,0,7,,,,,,,,,,,,,,,,,,,0,0
2011-03-31,14,184983,17945,3,,3,3,0,0,0,0,0,7,,,,,,,,,,,,,,,,,,,0,0
2011-03-31,15,184983,17945,0,,0,0,0,0,0,0,0,7,,,,,,,,,,,,,,,,,,,0,0
2011-03-31,16,184983,17945,0,,0,0,0,0,0,0,0,7,,,,,,,,,,,,,,,,,,,0,0
2011-03-31,17,184983,17945,3,,3,3,0,0,0,0,0,7,,,,,,,,,,,,,,,,,,,0,0
2011-03-31,18,184983,17945,7,,7,7,0,0,0,0,0,7,,,,,,,,,,,,,,,,,,,0,0
2011-03-31,19,184983,17945,7,,7,7,0,0,0,0,0,7,,,,,,,,,,,,,,,,,,,0,0
2011-03-31,20,184983,17945,7,,7,7,0,0,0,0,0,7,,,,,,,,,,,,,,,,,,,0,0
2011-03-31,21,184983,17945,7,,7,7,0,0,0,0,0,7,,,,,,,,,,,,,,,,,,,0,0
2011-03-31,22,184983,17945,3,,3,3,0,0,0,0,0,7,,,,,,,,,,,,,,,,,,,0,0
2011-03-31,23,184983,17945,0,,0,0,0,0,0,0,0,7,,,,,,,,,,,,,,,,,,,0,0
2011-03-31,24,184983,17945,0,,0,0,0,0,0,0,0,7,,,,,,,,,,,,,,,,,,,0,0
2011-03-31,1,184983,28987,0,,0,0,0,0,0,0,0,182,,,,,,,,,,,,,,,,,,,0,0
2011-03-31,2,184983,28987,0,,0,0,0,0,0,0,0,182,,,,,,,,,,,,,,,,,,,0,0
2011-03-31,3,184983,28987,0,,0,0,0,0,0,0,0,182,,,,,,,,,,,,,,,,,,,0,0
2011-03-31,4,184983,28987,0,,0,0,0,0,0,0,0,182,,,,,,,,,,,,,,,,,,,0,0
2011-03-31,5,184983,28987,0,,0,0,0,0,0,0,0,182,,,,,,,,,,,,,,,,,,,0,0
2011-03-31,6,184983,28987,0,,0,0,0,0,0,0,0,182,,,,,,,,,,,,,,,,,,,0,0
2011-03-31,7,184983,28987,0,,0,0,0,0,0,0,0,182,,,,,,,,,,,,,,,,,,,0,0
2011-03-31,8,184983,28987,0,,0,0,0,0,0,0,0,182,,,,,,,,,,,,,,,,,,,0,0
2011-03-31,9,184983,28987,0,,0,0,0,0,0,0,0,182,,,,,,,,,,,,,,,,,,,0,0
2011-03-31,10,184983,28987,0,,0,0,0,0,0,0,0,182,,,,,,,,,,,,,,,,,,,0,0
2011-03-31,11,184983,28987,0,,0,0,0,0,0,0,0,182,,,,,,,,,,,,,,,,,,,0,0
2011-03-31,12,184983,28987,0,,0,0,0,0,0,0,0,182,,,,,,,,,,,,,,,,,,,0,0
2011-03-31,13,184983,28987,0,,0,0,0,0,0,0,0,182,,,,,,,,,,,,,,,,,,,0,0
2011-03-31,14,184983,28987,0,,0,0,0,0,0,0,0,182,,,,,,,,,,,,,,,,,,,0,0
2011-03-31,15,184983,28987,0,,0,0,0,0,0,0,0,182,,,,,,,,,,,,,,,,,,,0,0
2011-03-31,16,184983,28987,0,,0,0,0,0,0,0,0,182,,,,,,,,,,,,,,,,,,,0,0
2011-03-31,17,184983,28987,0,,0,0,0,0,0,0,0,182,,,,,,,,,,,,,,,,,,,0,0
2011-03-31,18,184983,28987,0,,0,0,0,0,0,0,0,182,,,,,,,,,,,,,,,,,,,0,0
2011-03-31,19,184983,28987,0,,0,0,0,0,0,0,0,182,,,,,,,,,,,,,,,,,,,0,0
2011-03-31,20,184983,28987,0,,0,0,0,0,0,0,0,182,,,,,,,,,,,,,,,,,,,0,0
2011-03-31,21,184983,28987,0,,0,0,0,0,0,0,0,182,,,,,,,,,,,,,,,,,,,0,0
2011-03-31,22,184983,28987,0,,0,0,0,0,0,0,0,182,,,,,,,,,,,,,,,,,,,0,0
2011-03-31,23,184983,28987,0,,0,0,0,0,0,0,0,182,,,,,,,,,,,,,,,,,,,0,0
2011-03-31,24,184983,28987,0,,0,0,0,0,0,0,0,182,,,,,,,,,,,,,,,,,,,0,0
2011-03-31,1,184983,38679,14,,14,14,0,0,0,0,0,13,,,,,,,,,,,,,,,,,,,0,0
2011-03-31,2,184983,38679,14,,14,14,0,0,0,0,0,13,,,,,,,,,,,,,,,,,,,0,0
2011-03-31,3,184983,38679,14,,14,14,0,0,0,0,0,13,,,,,,,,,,,,,,,,,,,0,0
2011-03-31,4,184983,38679,14,,14,14,0,0,0,0,0,13,,,,,,,,,,,,,,,,,,,0,0
2011-03-31,5,184983,38679,14,,14,14,0,0,0,0,0,13,,,,,,,,,,,,,,,,,,,0,0
2011-03-31,6,184983,38679,14,,14,14,0,0,0,0,0,13,,,,,,,,,,,,,,,,,,,0,0
2011-03-31,7,184983,38679,14,,14,14,0,0,0,0,0,13,,,,,,,,,,,,,,,,,,,0,0
2011-03-31,8,184983,38679,14,,14,14,0,0,0,0,0,13,,,,,,,,,,,,,,,,,,,0,0
2011-03-31,9,184983,38679,14,,14,14,0,0,0,0,0,13,,,,,,,,,,,,,,,,,,,0,0
2011-03-31,10,184983,38679,14,,14,14,0,0,0,0,0,13,,,,,,,,,,,,,,,,,,,0,0
2011-03-31,11,184983,38679,14,,14,14,0,0,0,0,0,13,,,,,,,,,,,,,,,,,,,0,0
2011-03-31,12,184983,38679,14,,14,14,0,0,0,0,0,13,,,,,,,,,,,,,,,,,,,0,0
2011-03-31,13,184983,38679,14,,14,14,0,0,0,0,0,13,,,,,,,,,,,,,,,,,,,0,0
2011-03-31,14,184983,38679,14,,14,14,0,0,0,0,0,13,,,,,,,,,,,,,,,,,,,0,0
2011-03-31,15,184983,38679,14,,14,14,0,0,0,0,0,13,,,,,,,,,,,,,,,,,,,0,0
2011-03-31,16,184983,38679,14,,14,14,0,0,0,0,0,13,,,,,,,,,,,,,,,,,,,0,0
2011-03-31,17,184983,38679,14,,14,14,0,0,0,0,0,13,,,,,,,,,,,,,,,,,,,0,0
2011-03-31,18,184983,38679,14,,14,14,0,0,0,0,0,13,,,,,,,,,,,,,,,,,,,0,0
2011-03-31,19,184983,38679,14,,14,14,0,0,0,0,0,13,,,,,,,,,,,,,,,,,,,0,0
2011-03-31,20,184983,38679,14,,14,14,0,0,0,0,0,13,,,,,,,,,,,,,,,,,,,0,0
2011-03-31,21,184983,38679,14,,14,14,0,0,0,0,0,13,,,,,,,,,,,,,,,,,,,0,0
2011-03-31,22,184983,38679,14,,14,14,0,0,0,0,0,13,,,,,,,,,,,,,,,,,,,0,0
2011-03-31,23,184983,38679,14,,14,14,0,0,0,0,0,13,,,,,,,,,,,,,,,,,,,0,0
2011-03-31,24,184983,38679,14,,14,14,0,0,0,0,0,13,,,,,,,,,,,,,,,,,,,0,0
2011-03-31,1,184983,40081,32,,32,32,0,0,0,0,0,30,,,,,,,,,,,,,,,,,,,0,0
2011-03-31,2,184983,40081,32,,32,32,0,0,0,0,0,30,,,,,,,,,,,,,,,,,,,0,0
2011-03-31,3,184983,40081,32,,32,32,0,0,0,0,0,30,,,,,,,,,,,,,,,,,,,0,0
2011-03-31,4,184983,40081,32,,32,32,0,0,0,0,0,30,,,,,,,,,,,,,,,,,,,0,0
2011-03-31,5,184983,40081,32,,32,32,0,0,0,0,0,30,,,,,,,,,,,,,,,,,,,0,0
2011-03-31,6,184983,40081,32,,32,32,0,0,0,0,0,30,,,,,,,,,,,,,,,,,,,0,0
2011-03-31,7,184983,40081,32,,32,32,0,0,0,0,0,30,,,,,,,,,,,,,,,,,,,0,0
2011-03-31,8,184983,40081,32,,32,32,0,0,0,0,0,30,,,,,,,,,,,,,,,,,,,0,0
2011-03-31,9,184983,40081,32,,32,32,0,0,0,0,0,30,,,,,,,,,,,,,,,,,,,0,0
2011-03-31,10,184983,40081,32,,32,32,0,0,0,0,0,30,,,,,,,,,,,,,,,,,,,0,0
2011-03-31,11,184983,40081,32,,32,32,0,0,0,0,0,30,,,,,,,,,,,,,,,,,,,0,0
2011-03-31,12,184983,40081,32,,32,32,0,0,0,0,0,30,,,,,,,,,,,,,,,,,,,0,0
2011-03-31,13,184983,40081,32,,32,32,0,0,0,0,0,30,,,,,,,,,,,,,,,,,,,0,0
2011-03-31,14,184983,40081,32,,32,32,0,0,0,0,0,30,,,,,,,,,,,,,,,,,,,0,0
2011-03-31,15,184983,40081,32,,32,32,0,0,0,0,0,30,,,,,,,,,,,,,,,,,,,0,0
2011-03-31,16,184983,40081,32,,32,32,0,0,0,0,0,30,,,,,,,,,,,,,,,,,,,0,0
2011-03-31,17,184983,40081,32,,32,32,0,0,0,0,0,30,,,,,,,,,,,,,,,,,,,0,0
2011-03-31,18,184983,40081,32,,32,32,0,0,0,0,0,30,,,,,,,,,,,,,,,,,,,0,0
2011-03-31,19,184983,40081,32,,32,32,0,0,0,0,0,30,,,,,,,,,,,,,,,,,,,0,0
2011-03-31,20,184983,40081,32,,32,32,0,0,0,0,0,30,,,,,,,,,,,,,,,,,,,0,0
2011-03-31,21,184983,40081,32,,32,32,0,0,0,0,0,30,,,,,,,,,,,,,,,,,,,0,0
2011-03-31,22,184983,40081,32,,32,32,0,0,0,0,0,30,,,,,,,,,,,,,,,,,,,0,0
2011-03-31,23,184983,40081,32,,32,32,0,0,0,0,0,30,,,,,,,,,,,,,,,,,,,0,0
2011-03-31,24,184983,40081,32,,32,32,0,0,0,0,0,30,,,,,,,,,,,,,,,,,,,0,0
2011-03-31,1,184983,42103,13,,13,13,0,0,0,0,0,13,,,,,,,,,,,,,,,,,,,0,0
2011-03-31,2,184983,42103,13,,13,13,0,0,0,0,0,13,,,,,,,,,,,,,,,,,,,0,0
2011-03-31,3,184983,42103,13,,13,13,0,0,0,0,0,13,,,,,,,,,,,,,,,,,,,0,0
2011-03-31,4,184983,42103,13,,13,13,0,0,0,0,0,13,,,,,,,,,,,,,,,,,,,0,0
2011-03-31,5,184983,42103,13,,13,13,0,0,0,0,0,13,,,,,,,,,,,,,,,,,,,0,0
2011-03-31,6,184983,42103,13,,13,13,0,0,0,0,0,13,,,,,,,,,,,,,,,,,,,0,0
2011-03-31,7,184983,42103,13,,13,13,0,0,0,0,0,13,,,,,,,,,,,,,,,,,,,0,0
2011-03-31,8,184983,42103,13,,13,13,0,0,0,0,0,13,,,,,,,,,,,,,,,,,,,0,0
2011-03-31,9,184983,42103,13,,13,13,0,0,0,0,0,13,,,,,,,,,,,,,,,,,,,0,0
2011-03-31,10,184983,42103,13,,13,13,0,0,0,0,0,13,,,,,,,,,,,,,,,,,,,0,0
2011-03-31,11,184983,42103,13,,13,13,0,0,0,0,0,13,,,,,,,,,,,,,,,,,,,0,0
2011-03-31,12,184983,42103,13,,13,13,0,0,0,0,0,13,,,,,,,,,,,,,,,,,,,0,0
2011-03-31,13,184983,42103,13,,13,13,0,0,0,0,0,13,,,,,,,,,,,,,,,,,,,0,0
2011-03-31,14,184983,42103,13,,13,13,0,0,0,0,0,13,,,,,,,,,,,,,,,,,,,0,0
2011-03-31,15,184983,42103,13,,13,13,0,0,0,0,0,13,,,,,,,,,,,,,,,,,,,0,0
2011-03-31,16,184983,42103,13,,13,13,0,0,0,0,0,13,,,,,,,,,,,,,,,,,,,0,0
2011-03-31,17,184983,42103,13,,13,13,0,0,0,0,0,13,,,,,,,,,,,,,,,,,,,0,0
2011-03-31,18,184983,42103,13,,13,13,0,0,0,0,0,13,,,,,,,,,,,,,,,,,,,0,0
2011-03-31,19,184983,42103,13,,13,13,0,0,0,0,0,13,,,,,,,,,,,,,,,,,,,0,0
2011-03-31,20,184983,42103,13,,13,13,0,0,0,0,0,13,,,,,,,,,,,,,,,,,,,0,0
2011-03-31,21,184983,42103,13,,13,13,0,0,0,0,0,13,,,,,,,,,,,,,,,,,,,0,0
2011-03-31,22,184983,42103,13,,13,13,0,0,0,0,0,13,,,,,,,,,,,,,,,,,,,0,0
2011-03-31,23,184983,42103,13,,13,13,0,0,0,0,0,13,,,,,,,,,,,,,,,,,,,0,0
2011-03-31,24,184983,42103,13,,13,13,0,0,0,0,0,13,,,,,,,,,,,,,,,,,,,0,0
2011-03-31,1,184983,46072,16,,16,16,0,0,0,0,0,14,,,,,,,,,,,,,,,,,,,0,0
2011-03-31,2,184983,46072,16,,16,16,0,0,0,0,0,14,,,,,,,,,,,,,,,,,,,0,0
2011-03-31,3,184983,46072,16,,16,16,0,0,0,0,0,14,,,,,,,,,,,,,,,,,,,0,0
2011-03-31,4,184983,46072,16,,16,16,0,0,0,0,0,14,,,,,,,,,,,,,,,,,,,0,0
2011-03-31,5,184983,46072,16,,16,16,0,0,0,0,0,14,,,,,,,,,,,,,,,,,,,0,0
2011-03-31,6,184983,46072,16,,16,16,0,0,0,0,0,14,,,,,,,,,,,,,,,,,,,0,0
2011-03-31,7,184983,46072,16,,16,16,0,0,0,0,0,14,,,,,,,,,,,,,,,,,,,0,0
2011-03-31,8,184983,46072,16,,16,16,0,0,0,0,0,14,,,,,,,,,,,,,,,,,,,0,0
2011-03-31,9,184983,46072,16,,16,16,0,0,0,0,0,14,,,,,,,,,,,,,,,,,,,0,0
2011-03-31,10,184983,46072,16,,16,16,0,0,0,0,0,14,,,,,,,,,,,,,,,,,,,0,0
2011-03-31,11,184983,46072,16,,16,16,0,0,0,0,0,14,,,,,,,,,,,,,,,,,,,0,0
2011-03-31,12,184983,46072,16,,16,16,0,0,0,0,0,14,,,,,,,,,,,,,,,,,,,0,0
2011-03-31,13,184983,46072,16,,16,16,0,0,0,0,0,14,,,,,,,,,,,,,,,,,,,0,0
2011-03-31,14,184983,46072,16,,16,16,0,0,0,0,0,14,,,,,,,,,,,,,,,,,,,0,0
2011-03-31,15,184983,46072,16,,16,16,0,0,0,0,0,14,,,,,,,,,,,,,,,,,,,0,0
2011-03-31,16,184983,46072,16,,16,16,0,0,0,0,0,14,,,,,,,,,,,,,,,,,,,0,0
2011-03-31,17,184983,46072,16,,16,16,0,0,0,0,0,14,,,,,,,,,,,,,,,,,,,0,0
2011-03-31,18,184983,46072,16,,16,16,0,0,0,0,0,14,,,,,,,,,,,,,,,,,,,0,0
2011-03-31,19,184983,46072,16,,16,16,0,0,0,0,0,14,,,,,,,,,,,,,,,,,,,0,0
2011-03-31,20,184983,46072,16,,16,16,0,0,0,0,0,14,,,,,,,,,,,,,,,,,,,0,0
2011-03-31,21,184983,46072,16,,16,16,0,0,0,0,0,14,,,,,,,,,,,,,,,,,,,0,0
2011-03-31,22,184983,46072,16,,16,16,0,0,0,0,0,14,,,,,,,,,,,,,,,,,,,0,0
2011-03-31,23,184983,46072,16,,16,16,0,0,0,0,0,14,,,,,,,,,,,,,,,,,,,0,0
2011-03-31,24,184983,46072,16,,16,16,0,0,0,0,0,14,,,,,,,,,,,,,,,,,,,0,0
2011-03-31,1,184983,98022,21,,21,21,0,0,0,0,0,30,,,,,,,,,,,,,,,,,,,0,0
2011-03-31,2,184983,98022,21,,21,21,0,0,0,0,0,30,,,,,,,,,,,,,,,,,,,0,0
2011-03-31,3,184983,98022,21,,21,21,0,0,0,0,0,30,,,,,,,,,,,,,,,,,,,0,0
2011-03-31,4,184983,98022,21,,21,21,0,0,0,0,0,30,,,,,,,,,,,,,,,,,,,0,0
2011-03-31,5,184983,98022,21,,21,21,0,0,0,0,0,30,,,,,,,,,,,,,,,,,,,0,0
2011-03-31,6,184983,98022,21,,21,21,0,0,0,0,0,30,,,,,,,,,,,,,,,,,,,0,0
2011-03-31,7,184983,98022,21,,21,21,0,0,0,0,0,30,,,,,,,,,,,,,,,,,,,0,0
2011-03-31,8,184983,98022,21,,21,21,0,0,0,0,0,30,,,,,,,,,,,,,,,,,,,0,0
2011-03-31,9,184983,98022,21,,21,21,0,0,0,0,0,30,,,,,,,,,,,,,,,,,,,0,0
2011-03-31,10,184983,98022,21,,21,21,0,0,0,0,0,30,,,,,,,,,,,,,,,,,,,0,0
2011-03-31,11,184983,98022,21,,21,21,0,0,0,0,0,30,,,,,,,,,,,,,,,,,,,0,0
2011-03-31,12,184983,98022,21,,21,21,0,0,0,0,0,30,,,,,,,,,,,,,,,,,,,0,0
2011-03-31,13,184983,98022,21,,21,21,0,0,0,0,0,30,,,,,,,,,,,,,,,,,,,0,0
2011-03-31,14,184983,98022,21,,21,21,0,0,0,0,0,30,,,,,,,,,,,,,,,,,,,0,0
2011-03-31,15,184983,98022,21,,21,21,0,0,0,0,0,30,,,,,,,,,,,,,,,,,,,0,0
2011-03-31,16,184983,98022,21,,21,21,0,0,0,0,0,30,,,,,,,,,,,,,,,,,,,0,0
2011-03-31,17,184983,98022,21,,21,21,0,0,0,0,0,30,,,,,,,,,,,,,,,,,,,0,0
2011-03-31,18,184983,98022,21,,21,21,0,0,0,0,0,30,,,,,,,,,,,,,,,,,,,0,0
2011-03-31,19,184983,98022,21,,21,21,0,0,0,0,0,30,,,,,,,,,,,,,,,,,,,0,0
2011-03-31,20,184983,98022,21,,21,21,0,0,0,0,0,30,,,,,,,,,,,,,,,,,,,0,0
2011-03-31,21,184983,98022,21,,21,21,0,0,0,0,0,30,,,,,,,,,,,,,,,,,,,0,0
2011-03-31,22,184983,98022,21,,21,21,0,0,0,0,0,30,,,,,,,,,,,,,,,,,,,0,0
2011-03-31,23,184983,98022,21,,21,21,0,0,0,0,0,30,,,,,,,,,,,,,,,,,,,0,0
2011-03-31,24,184983,98022,21,,21,21,0,0,0,0,0,30,,,,,,,,,,,,,,,,,,,0,0
2011-03-31,1,196063,11031,0,,45,45,200,200,200,0,63.61,50,,,,,,,,,,,,,,,,,,,0,45
2011-03-31,2,196063,11031,0,,45,45,200,200,200,0,63.61,50,,,,,,,,,,,,,,,,,,,0,45
2011-03-31,3,196063,11031,0,,45,45,200,200,200,0,63.61,50,,,,,,,,,,,,,,,,,,,0,45
2011-03-31,4,196063,11031,0,,45,45,200,200,200,0,63.61,50,,,,,,,,,,,,,,,,,,,0,45
2011-03-31,5,196063,11031,0,,45,45,200,200,200,0,63.61,50,,,,,,,,,,,,,,,,,,,0,45
2011-03-31,6,196063,11031,0,,45,45,200,200,200,0,63.61,50,,,,,,,,,,,,,,,,,,,0,45
2011-03-31,7,196063,11031,0,,45,45,200,200,200,0,63.61,50,,,,,,,,,,,,,,,,,,,0,45
2011-03-31,8,196063,11031,0,,45,45,200,200,200,0,63.61,50,,,,,,,,,,,,,,,,,,,0,45
2011-03-31,9,196063,11031,0,,45,45,200,200,200,0,63.61,50,,,,,,,,,,,,,,,,,,,0,45
2011-03-31,10,196063,11031,0,,45,45,200,200,200,0,63.61,50,,,,,,,,,,,,,,,,,,,0,45
2011-03-31,11,196063,11031,0,,45,45,200,200,200,0,63.61,50,,,,,,,,,,,,,,,,,,,0,45
2011-03-31,12,196063,11031,0,,45,45,200,200,200,0,63.61,50,,,,,,,,,,,,,,,,,,,0,45
2011-03-31,13,196063,11031,0,,45,45,200,200,200,0,63.61,50,,,,,,,,,,,,,,,,,,,0,45
2011-03-31,14,196063,11031,0,,45,45,200,200,200,0,63.61,50,,,,,,,,,,,,,,,,,,,0,45
2011-03-31,15,196063,11031,0,,45,45,200,200,200,0,63.61,50,,,,,,,,,,,,,,,,,,,0,45
2011-03-31,16,196063,11031,0,,45,45,200,200,200,0,63.61,50,,,,,,,,,,,,,,,,,,,0,45
2011-03-31,17,196063,11031,0,,45,45,200,200,200,0,63.61,50,,,,,,,,,,,,,,,,,,,0,45
2011-03-31,18,196063,11031,0,,45,45,200,200,200,0,63.61,50,,,,,,,,,,,,,,,,,,,0,45
2011-03-31,19,196063,11031,0,,45,45,200,200,200,0,63.61,50,,,,,,,,,,,,,,,,,,,0,45
2011-03-31,20,196063,11031,0,,45,45,200,200,200,0,63.61,50,,,,,,,,,,,,,,,,,,,0,45
2011-03-31,21,196063,11031,0,,45,45,200,200,200,0,63.61,50,,,,,,,,,,,,,,,,,,,0,45
2011-03-31,22,196063,11031,0,,45,45,200,200,200,0,63.61,50,,,,,,,,,,,,,,,,,,,0,45
2011-03-31,23,196063,11031,0,,45,45,200,200,200,0,63.61,50,,,,,,,,,,,,,,,,,,,0,45
2011-03-31,24,196063,11031,0,,45,45,200,200,200,0,63.61,50,,,,,,,,,,,,,,,,,,,0,45
2011-03-31,1,196063,19426,0,,45,45,200,200,200,0,63.62,50,,,,,,,,,,,,,,,,,,,0,45
2011-03-31,2,196063,19426,0,,45,45,200,200,200,0,63.62,50,,,,,,,,,,,,,,,,,,,0,45
2011-03-31,3,196063,19426,0,,45,45,200,200,200,0,63.62,50,,,,,,,,,,,,,,,,,,,0,45
2011-03-31,4,196063,19426,0,,45,45,200,200,200,0,63.62,50,,,,,,,,,,,,,,,,,,,0,45
2011-03-31,5,196063,19426,0,,45,45,200,200,200,0,63.62,50,,,,,,,,,,,,,,,,,,,0,45
2011-03-31,6,196063,19426,0,,45,45,200,200,200,0,63.62,50,,,,,,,,,,,,,,,,,,,0,45
2011-03-31,7,196063,19426,0,,45,45,200,200,200,0,63.62,50,,,,,,,,,,,,,,,,,,,0,45
2011-03-31,8,196063,19426,0,,45,45,200,200,200,0,63.62,50,,,,,,,,,,,,,,,,,,,0,45
2011-03-31,9,196063,19426,0,,45,45,200,200,200,0,63.62,50,,,,,,,,,,,,,,,,,,,0,45
2011-03-31,10,196063,19426,0,,45,45,200,200,200,0,63.62,50,,,,,,,,,,,,,,,,,,,0,45
2011-03-31,11,196063,19426,0,,45,45,200,200,200,0,63.62,50,,,,,,,,,,,,,,,,,,,0,45
2011-03-31,12,196063,19426,0,,45,45,200,200,200,0,63.62,50,,,,,,,,,,,,,,,,,,,0,45
2011-03-31,13,196063,19426,0,,45,45,200,200,200,0,63.62,50,,,,,,,,,,,,,,,,,,,0,45
2011-03-31,14,196063,19426,0,,45,45,200,200,200,0,63.62,50,,,,,,,,,,,,,,,,,,,0,45
2011-03-31,15,196063,19426,0,,45,45,200,200,200,0,63.62,50,,,,,,,,,,,,,,,,,,,0,45
2011-03-31,16,196063,19426,0,,45,45,200,200,200,0,63.62,50,,,,,,,,,,,,,,,,,,,0,45
2011-03-31,17,196063,19426,0,,45,45,200,200,200,0,63.62,50,,,,,,,,,,,,,,,,,,,0,45
2011-03-31,18,196063,19426,0,,45,45,200,200,200,0,63.62,50,,,,,,,,,,,,,,,,,,,0,45
2011-03-31,19,196063,19426,0,,45,45,200,200,200,0,63.62,50,,,,,,,,,,,,,,,,,,,0,45
2011-03-31,20,196063,19426,0,,45,45,200,200,200,0,63.62,50,,,,,,,,,,,,,,,,,,,0,45
2011-03-31,21,196063,19426,0,,45,45,200,200,200,0,63.62,50,,,,,,,,,,,,,,,,,,,0,45
2011-03-31,22,196063,19426,0,,45,45,200,200,200,0,63.62,50,,,,,,,,,,,,,,,,,,,0,45
2011-03-31,23,196063,19426,0,,45,45,200,200,200,0,63.62,50,,,,,,,,,,,,,,,,,,,0,45
2011-03-31,24,196063,19426,0,,45,45,200,200,200,0,63.62,50,,,,,,,,,,,,,,,,,,,0,45
2011-03-31,1,196063,84614,0,,45,45,200,200,200,0,86.5,50,,,,,,,,,,,,,,,,,,,0,45
2011-03-31,2,196063,84614,0,,45,45,200,200,200,0,86.5,50,,,,,,,,,,,,,,,,,,,0,45
2011-03-31,3,196063,84614,0,,45,45,200,200,200,0,86.5,50,,,,,,,,,,,,,,,,,,,0,45
2011-03-31,4,196063,84614,0,,45,45,200,200,200,0,86.5,50,,,,,,,,,,,,,,,,,,,0,45
2011-03-31,5,196063,84614,0,,45,45,200,200,200,0,86.5,50,,,,,,,,,,,,,,,,,,,0,45
2011-03-31,6,196063,84614,0,,45,45,200,200,200,0,86.5,50,,,,,,,,,,,,,,,,,,,0,45
2011-03-31,7,196063,84614,0,,45,45,200,200,200,0,86.5,50,,,,,,,,,,,,,,,,,,,0,45
2011-03-31,8,196063,84614,0,,45,45,200,200,200,0,86.5,50,,,,,,,,,,,,,,,,,,,0,45
2011-03-31,9,196063,84614,0,,45,45,200,200,200,0,86.5,50,,,,,,,,,,,,,,,,,,,0,45
2011-03-31,10,196063,84614,0,,45,45,200,200,200,0,86.5,50,,,,,,,,,,,,,,,,,,,0,45
2011-03-31,11,196063,84614,0,,45,45,200,200,200,0,86.5,50,,,,,,,,,,,,,,,,,,,0,45
2011-03-31,12,196063,84614,0,,45,45,200,200,200,0,86.5,50,,,,,,,,,,,,,,,,,,,0,45
2011-03-31,13,196063,84614,0,,45,45,200,200,200,0,86.5,50,,,,,,,,,,,,,,,,,,,0,45
2011-03-31,14,196063,84614,0,,45,45,200,200,200,0,86.5,50,,,,,,,,,,,,,,,,,,,0,45
2011-03-31,15,196063,84614,0,,45,45,200,200,200,0,86.5,50,,,,,,,,,,,,,,,,,,,0,45
2011-03-31,16,196063,84614,0,,45,45,200,200,200,0,86.5,50,,,,,,,,,,,,,,,,,,,0,45
2011-03-31,17,196063,84614,0,,45,45,200,200,200,0,86.5,50,,,,,,,,,,,,,,,,,,,0,45
2011-03-31,18,196063,84614,0,,45,45,200,200,200,0,86.5,50,,,,,,,,,,,,,,,,,,,0,45
2011-03-31,19,196063,84614,0,,45,45,200,200,200,0,86.5,50,,,,,,,,,,,,,,,,,,,0,45
2011-03-31,20,196063,84614,0,,45,45,200,200,200,0,86.5,50,,,,,,,,,,,,,,,,,,,0,45
2011-03-31,21,196063,84614,0,,45,45,200,200,200,0,86.5,50,,,,,,,,,,,,,,,,,,,0,45
2011-03-31,22,196063,84614,0,,45,45,200,200,200,0,86.5,50,,,,,,,,,,,,,,,,,,,0,45
2011-03-31,23,196063,84614,0,,45,45,200,200,200,0,86.5,50,,,,,,,,,,,,,,,,,,,0,45
2011-03-31,24,196063,84614,0,,45,45,200,200,200,0,86.5,50,,,,,,,,,,,,,,,,,,,0,45
2011-03-31,1,196063,84917,0,,45,45,200,200,200,0,63.61,50,,,,,,,,,,,,,,,,,,,0,45
2011-03-31,2,196063,84917,0,,45,45,200,200,200,0,63.61,50,,,,,,,,,,,,,,,,,,,0,45
2011-03-31,3,196063,84917,0,,45,45,200,200,200,0,63.61,50,,,,,,,,,,,,,,,,,,,0,45
2011-03-31,4,196063,84917,0,,45,45,200,200,200,0,63.61,50,,,,,,,,,,,,,,,,,,,0,45
2011-03-31,5,196063,84917,0,,45,45,200,200,200,0,63.61,50,,,,,,,,,,,,,,,,,,,0,45
2011-03-31,6,196063,84917,0,,45,45,200,200,200,0,63.61,50,,,,,,,,,,,,,,,,,,,0,45
2011-03-31,7,196063,84917,0,,45,45,200,200,200,0,63.61,50,,,,,,,,,,,,,,,,,,,0,45
2011-03-31,8,196063,84917,0,,45,45,200,200,200,0,63.61,50,,,,,,,,,,,,,,,,,,,0,45
2011-03-31,9,196063,84917,0,,45,45,200,200,200,0,63.61,50,,,,,,,,,,,,,,,,,,,0,45
2011-03-31,10,196063,84917,0,,45,45,200,200,200,0,63.61,50,,,,,,,,,,,,,,,,,,,0,45
2011-03-31,11,196063,84917,0,,45,45,200,200,200,0,63.61,50,,,,,,,,,,,,,,,,,,,0,45
2011-03-31,12,196063,84917,0,,45,45,200,200,200,0,63.61,50,,,,,,,,,,,,,,,,,,,0,45
2011-03-31,13,196063,84917,0,,45,45,200,200,200,0,63.61,50,,,,,,,,,,,,,,,,,,,0,45
2011-03-31,14,196063,84917,0,,45,45,200,200,200,0,63.61,50,,,,,,,,,,,,,,,,,,,0,45
2011-03-31,15,196063,84917,0,,45,45,200,200,200,0,63.61,50,,,,,,,,,,,,,,,,,,,0,45
2011-03-31,16,196063,84917,0,,45,45,200,200,200,0,63.61,50,,,,,,,,,,,,,,,,,,,0,45
2011-03-31,17,196063,84917,0,,45,45,200,200,200,0,63.61,50,,,,,,,,,,,,,,,,,,,0,45
2011-03-31,18,196063,84917,0,,45,45,200,200,200,0,63.61,50,,,,,,,,,,,,,,,,,,,0,45
2011-03-31,19,196063,84917,0,,45,45,200,200,200,0,63.61,50,,,,,,,,,,,,,,,,,,,0,45
2011-03-31,20,196063,84917,0,,45,45,200,200,200,0,63.61,50,,,,,,,,,,,,,,,,,,,0,45
2011-03-31,21,196063,84917,0,,45,45,200,200,200,0,63.61,50,,,,,,,,,,,,,,,,,,,0,45
2011-03-31,22,196063,84917,0,,45,45,200,200,200,0,63.61,50,,,,,,,,,,,,,,,,,,,0,45
2011-03-31,23,196063,84917,0,,45,45,200,200,200,0,63.61,50,,,,,,,,,,,,,,,,,,,0,45
2011-03-31,24,196063,84917,0,,45,45,200,200,200,0,63.61,50,,,,,,,,,,,,,,,,,,,0,45
2011-03-31,1,196063,86772,0,,45,45,200,200,200,0,63.62,50,,,,,,,,,,,,,,,,,,,0,45
2011-03-31,2,196063,86772,0,,45,45,200,200,200,0,63.62,50,,,,,,,,,,,,,,,,,,,0,45
2011-03-31,3,196063,86772,0,,45,45,200,200,200,0,63.62,50,,,,,,,,,,,,,,,,,,,0,45
2011-03-31,4,196063,86772,0,,45,45,200,200,200,0,63.62,50,,,,,,,,,,,,,,,,,,,0,45
2011-03-31,5,196063,86772,0,,45,45,200,200,200,0,63.62,50,,,,,,,,,,,,,,,,,,,0,45
2011-03-31,6,196063,86772,0,,45,45,200,200,200,0,63.62,50,,,,,,,,,,,,,,,,,,,0,45
2011-03-31,7,196063,86772,0,,45,45,200,200,200,0,63.62,50,,,,,,,,,,,,,,,,,,,0,45
2011-03-31,8,196063,86772,0,,45,45,200,200,200,0,63.62,50,,,,,,,,,,,,,,,,,,,0,45
2011-03-31,9,196063,86772,0,,45,45,200,200,200,0,63.62,50,,,,,,,,,,,,,,,,,,,0,45
2011-03-31,10,196063,86772,0,,45,45,200,200,200,0,63.62,50,,,,,,,,,,,,,,,,,,,0,45
2011-03-31,11,196063,86772,0,,45,45,200,200,200,0,63.62,50,,,,,,,,,,,,,,,,,,,0,45
2011-03-31,12,196063,86772,0,,45,45,200,200,200,0,63.62,50,,,,,,,,,,,,,,,,,,,0,45
2011-03-31,13,196063,86772,0,,45,45,200,200,200,0,63.62,50,,,,,,,,,,,,,,,,,,,0,45
2011-03-31,14,196063,86772,0,,45,45,200,200,200,0,63.62,50,,,,,,,,,,,,,,,,,,,0,45
2011-03-31,15,196063,86772,0,,45,45,200,200,200,0,63.62,50,,,,,,,,,,,,,,,,,,,0,45
2011-03-31,16,196063,86772,0,,45,45,200,200,200,0,63.62,50,,,,,,,,,,,,,,,,,,,0,45
2011-03-31,17,196063,86772,0,,45,45,200,200,200,0,63.62,50,,,,,,,,,,,,,,,,,,,0,45
2011-03-31,18,196063,86772,0,,45,45,200,200,200,0,63.62,50,,,,,,,,,,,,,,,,,,,0,45
2011-03-31,19,196063,86772,0,,45,45,200,200,200,0,63.62,50,,,,,,,,,,,,,,,,,,,0,45
2011-03-31,20,196063,86772,0,,45,45,200,200,200,0,63.62,50,,,,,,,,,,,,,,,,,,,0,45
2011-03-31,21,196063,86772,0,,45,45,200,200,200,0,63.62,50,,,,,,,,,,,,,,,,,,,0,45
2011-03-31,22,196063,86772,0,,45,45,200,200,200,0,63.62,50,,,,,,,,,,,,,,,,,,,0,45
2011-03-31,23,196063,86772,0,,45,45,200,200,200,0,63.62,50,,,,,,,,,,,,,,,,,,,0,45
2011-03-31,24,196063,86772,0,,45,45,200,200,200,0,63.62,50,,,,,,,,,,,,,,,,,,,0,45
2011-03-31,1,196063,97200,15,,14.5,14.5,0,0,0,0,0,14,,,,,,,,,,,,,,,,,,,0,0
2011-03-31,2,196063,97200,15,,14.5,14.5,0,0,0,0,0,14,,,,,,,,,,,,,,,,,,,0,0
2011-03-31,3,196063,97200,15,,14.5,14.5,0,0,0,0,0,14,,,,,,,,,,,,,,,,,,,0,0
2011-03-31,4,196063,97200,15,,14.5,14.5,0,0,0,0,0,14,,,,,,,,,,,,,,,,,,,0,0
2011-03-31,5,196063,97200,15,,14.5,14.5,0,0,0,0,0,14,,,,,,,,,,,,,,,,,,,0,0
2011-03-31,6,196063,97200,15,,14.5,14.5,0,0,0,0,0,14,,,,,,,,,,,,,,,,,,,0,0
2011-03-31,7,196063,97200,15,,14.5,14.5,0,0,0,0,0,14,,,,,,,,,,,,,,,,,,,0,0
2011-03-31,8,196063,97200,15,,14.5,14.5,0,0,0,0,0,14,,,,,,,,,,,,,,,,,,,0,0
2011-03-31,9,196063,97200,15,,14.5,14.5,0,0,0,0,0,14,,,,,,,,,,,,,,,,,,,0,0
2011-03-31,10,196063,97200,15,,14.5,14.5,0,0,0,0,0,14,,,,,,,,,,,,,,,,,,,0,0
2011-03-31,11,196063,97200,15,,14.5,14.5,0,0,0,0,0,14,,,,,,,,,,,,,,,,,,,0,0
2011-03-31,12,196063,97200,15,,14.5,14.5,0,0,0,0,0,14,,,,,,,,,,,,,,,,,,,0,0
2011-03-31,13,196063,97200,15,,14.5,14.5,0,0,0,0,0,14,,,,,,,,,,,,,,,,,,,0,0
2011-03-31,14,196063,97200,15,,14.5,14.5,0,0,0,0,0,14,,,,,,,,,,,,,,,,,,,0,0
2011-03-31,15,196063,97200,15,,14.5,14.5,0,0,0,0,0,14,,,,,,,,,,,,,,,,,,,0,0
2011-03-31,16,196063,97200,15,,14.5,14.5,0,0,0,0,0,14,,,,,,,,,,,,,,,,,,,0,0
2011-03-31,17,196063,97200,15,,14.5,14.5,0,0,0,0,0,14,,,,,,,,,,,,,,,,,,,0,0
2011-03-31,18,196063,97200,15,,14.5,14.5,0,0,0,0,0,14,,,,,,,,,,,,,,,,,,,0,0
2011-03-31,19,196063,97200,15,,14.5,14.5,0,0,0,0,0,14,,,,,,,,,,,,,,,,,,,0,0
2011-03-31,20,196063,97200,15,,14.5,14.5,0,0,0,0,0,14,,,,,,,,,,,,,,,,,,,0,0
2011-03-31,21,196063,97200,15,,14.5,14.5,0,0,0,0,0,14,,,,,,,,,,,,,,,,,,,0,0
2011-03-31,22,196063,97200,15,,14.5,14.5,0,0,0,0,0,14,,,,,,,,,,,,,,,,,,,0,0
2011-03-31,23,196063,97200,15,,14.5,14.5,0,0,0,0,0,14,,,,,,,,,,,,,,,,,,,0,0
2011-03-31,24,196063,97200,15,,14.5,14.5,0,0,0,0,0,14,,,,,,,,,,,,,,,,,,,0,0
2011-03-31,1,201162,56483,0,,278.2,201.1,0,0,0,0,,,,,,,,,,,,,,,,,,,,,0,0
2011-03-31,2,201162,56483,0,,278.2,201.1,0,0,0,0,,,,,,,,,,,,,,,,,,,,,0,0
2011-03-31,3,201162,56483,0,,278.2,201.1,0,0,0,0,,,,,,,,,,,,,,,,,,,,,0,0
2011-03-31,4,201162,56483,0,,278.2,201.1,0,0,0,0,,,,,,,,,,,,,,,,,,,,,0,0
2011-03-31,5,201162,56483,0,,278.2,201.1,0,0,0,0,,,,,,,,,,,,,,,,,,,,,0,0
2011-03-31,6,201162,56483,0,,278.2,201.1,0,0,0,0,,,,,,,,,,,,,,,,,,,,,0,0
2011-03-31,7,201162,56483,0,,278.2,201.1,0,0,0,0,,,,,,,,,,,,,,,,,,,,,0,0
2011-03-31,8,201162,56483,0,,278.2,201.1,0,0,0,0,,,,,,,,,,,,,,,,,,,,,0,0
2011-03-31,9,201162,56483,0,,278.2,201.1,0,0,0,0,,,,,,,,,,,,,,,,,,,,,0,0
2011-03-31,10,201162,56483,0,,278.2,201.1,0,0,0,0,,,,,,,,,,,,,,,,,,,,,0,0
2011-03-31,11,201162,56483,0,,278.2,201.1,0,0,0,0,,,,,,,,,,,,,,,,,,,,,0,0
2011-03-31,12,201162,56483,0,,278.2,201.1,0,0,0,0,,,,,,,,,,,,,,,,,,,,,0,0
2011-03-31,13,201162,56483,0,,278.2,201.1,0,0,0,0,,,,,,,,,,,,,,,,,,,,,0,0
2011-03-31,14,201162,56483,0,,278.2,201.1,0,0,0,0,,,,,,,,,,,,,,,,,,,,,0,0
2011-03-31,15,201162,56483,0,,278.2,201.1,0,0,0,0,,,,,,,,,,,,,,,,,,,,,0,0
2011-03-31,16,201162,56483,0,,278.2,201.1,0,0,0,0,,,,,,,,,,,,,,,,,,,,,0,0
2011-03-31,17,201162,56483,0,,278.2,201.1,0,0,0,0,,,,,,,,,,,,,,,,,,,,,0,0
2011-03-31,18,201162,56483,0,,278.2,201.1,0,0,0,0,,,,,,,,,,,,,,,,,,,,,0,0
2011-03-31,19,201162,56483,0,,278.2,201.1,0,0,0,0,,,,,,,,,,,,,,,,,,,,,0,0
2011-03-31,20,201162,56483,0,,278.2,201.1,0,0,0,0,,,,,,,,,,,,,,,,,,,,,0,0
2011-03-31,21,201162,56483,0,,278.2,201.1,0,0,0,0,,,,,,,,,,,,,,,,,,,,,0,0
2011-03-31,22,201162,56483,0,,278.2,201.1,0,0,0,0,,,,,,,,,,,,,,,,,,,,,0,0
2011-03-31,23,201162,56483,0,,278.2,201.1,0,0,0,0,,,,,,,,,,,,,,,,,,,,,0,0
2011-03-31,24,201162,56483,0,,278.2,201.1,0,0,0,0,,,,,,,,,,,,,,,,,,,,,0,0
2011-03-31,1,201162,64475,0,,273,150,16297.14,16297.14,16297.14,1561.85,18.35,150,31.93,1,31.94,115,31.95,20,,,,,,,,,,,,,0,0
2011-03-31,2,201162,64475,0,,273,150,16297.14,16297.14,16297.14,1561.85,18.35,150,31.93,1,31.94,115,31.95,20,,,,,,,,,,,,,0,0
2011-03-31,3,201162,64475,0,,273,150,16297.14,16297.14,16297.14,1561.85,18.35,150,31.93,1,31.94,115,31.95,20,,,,,,,,,,,,,0,0
2011-03-31,4,201162,64475,0,,273,150,16297.14,16297.14,16297.14,1561.85,18.35,150,31.93,1,31.94,115,31.95,20,,,,,,,,,,,,,0,0
2011-03-31,5,201162,64475,0,,273,150,16297.14,16297.14,16297.14,1561.85,18.35,150,31.93,1,31.94,115,31.95,20,,,,,,,,,,,,,0,0
2011-03-31,6,201162,64475,0,,273,150,16297.14,16297.14,16297.14,1561.85,18.35,150,31.93,1,31.94,115,31.95,20,,,,,,,,,,,,,0,0
2011-03-31,7,201162,64475,0,,273,151,16297.14,16297.14,16297.14,1561.85,18.35,150,31.93,1,31.94,115,31.95,20,,,,,,,,,,,,,0,0
2011-03-31,8,201162,64475,0,,272,151,16297.14,16297.14,16297.14,1561.85,18.35,150,31.93,1,31.94,115,31.95,20,,,,,,,,,,,,,0,0
2011-03-31,9,201162,64475,0,,271,151,16297.14,16297.14,16297.14,1561.85,18.35,150,31.93,1,31.94,115,31.95,20,,,,,,,,,,,,,0,0
2011-03-31,10,201162,64475,0,,270,151,16297.14,16297.14,16297.14,1561.85,18.35,150,31.93,1,31.94,115,31.95,20,,,,,,,,,,,,,0,0
2011-03-31,11,201162,64475,0,,269,151,16297.14,16297.14,16297.14,1561.85,18.35,150,31.93,1,31.94,115,31.95,20,,,,,,,,,,,,,0,0
2011-03-31,12,201162,64475,0,,268,151,16297.14,16297.14,16297.14,1561.85,18.35,150,31.93,1,31.94,115,31.95,20,,,,,,,,,,,,,0,0
2011-03-31,13,201162,64475,0,,268,151,16297.14,16297.14,16297.14,1561.85,18.35,150,31.93,1,31.94,115,31.95,20,,,,,,,,,,,,,0,0
2011-03-31,14,201162,64475,0,,267,151,16297.14,16297.14,16297.14,1561.85,18.35,150,31.93,1,31.94,115,31.95,20,,,,,,,,,,,,,0,0
2011-03-31,15,201162,64475,0,,266,151,16297.14,16297.14,16297.14,1561.85,18.35,150,31.93,1,31.94,115,31.95,20,,,,,,,,,,,,,0,0
2011-03-31,16,201162,64475,0,,266,151,16297.14,16297.14,16297.14,1561.85,18.35,150,31.93,1,31.94,115,31.95,20,,,,,,,,,,,,,0,0
2011-03-31,17,201162,64475,0,,266,151,16297.14,16297.14,16297.14,1561.85,18.35,150,31.93,1,31.94,115,31.95,20,,,,,,,,,,,,,0,0
2011-03-31,18,201162,64475,0,,266,151,16297.14,16297.14,16297.14,1561.85,18.35,150,31.93,1,31.94,115,31.95,20,,,,,,,,,,,,,0,0
2011-03-31,19,201162,64475,0,,268,151,16297.14,16297.14,16297.14,1561.85,18.35,150,31.93,1,31.94,115,31.95,20,,,,,,,,,,,,,0,0
2011-03-31,20,201162,64475,0,,269,151,16297.14,16297.14,16297.14,1561.85,18.35,150,31.93,1,31.94,115,31.95,20,,,,,,,,,,,,,0,0
2011-03-31,21,201162,64475,0,,270,151,16297.14,16297.14,16297.14,1561.85,18.35,150,31.93,1,31.94,115,31.95,20,,,,,,,,,,,,,0,0
2011-03-31,22,201162,64475,0,,270,151,16297.14,16297.14,16297.14,1561.85,18.35,150,31.93,1,31.94,115,31.95,20,,,,,,,,,,,,,0,0
2011-03-31,23,201162,64475,0,,269,150,16297.14,16297.14,16297.14,1561.85,18.35,150,31.93,1,31.94,115,31.95,20,,,,,,,,,,,,,0,0
2011-03-31,24,201162,64475,0,,268,150,16297.14,16297.14,16297.14,1561.85,18.35,150,31.93,1,31.94,115,31.95,20,,,,,,,,,,,,,0,0
2011-03-31,1,206845,17085,0,,54,10,13372.27,10011.98,6651.68,923.38,184.75,10,192.15,15,199.54,10,205.46,10,211.08,9,,,,,,,,,,,0,0
2011-03-31,2,206845,17085,0,,54,10,13372.27,10011.98,6651.68,923.38,184.75,10,192.15,15,199.54,10,205.46,10,211.08,9,,,,,,,,,,,0,0
2011-03-31,3,206845,17085,0,,54,10,13372.27,10011.98,6651.68,923.38,184.75,10,192.15,15,199.54,10,205.46,10,211.08,9,,,,,,,,,,,0,0
2011-03-31,4,206845,17085,0,,54,10,13372.27,10011.98,6651.68,923.38,184.75,10,192.15,15,199.54,10,205.46,10,211.08,9,,,,,,,,,,,0,0
2011-03-31,5,206845,17085,0,,54,10,13372.27,10011.98,6651.68,923.38,184.75,10,192.15,15,199.54,10,205.46,10,211.08,9,,,,,,,,,,,0,0
2011-03-31,6,206845,17085,0,,54,10,13372.27,10011.98,6651.68,923.38,184.75,10,192.15,15,199.54,10,205.46,10,211.08,9,,,,,,,,,,,0,0
2011-03-31,7,206845,17085,0,,54,10,13372.27,10011.98,6651.68,923.38,184.75,10,192.15,15,199.54,10,205.46,10,211.08,9,,,,,,,,,,,0,0
2011-03-31,8,206845,17085,0,,54,10,13372.27,10011.98,6651.68,923.38,184.75,10,192.15,15,199.54,10,205.46,10,211.08,9,,,,,,,,,,,0,0
2011-03-31,9,206845,17085,0,,54,10,13372.27,10011.98,6651.68,923.38,184.75,10,192.15,15,199.54,10,205.46,10,211.08,9,,,,,,,,,,,0,0
2011-03-31,10,206845,17085,0,,54,10,13372.27,10011.98,6651.68,923.38,184.75,10,192.15,15,199.54,10,205.46,10,211.08,9,,,,,,,,,,,0,0
2011-03-31,11,206845,17085,0,,54,10,13372.27,10011.98,6651.68,923.38,184.75,10,192.15,15,199.54,10,205.46,10,211.08,9,,,,,,,,,,,0,0
2011-03-31,12,206845,17085,0,,54,10,13372.27,10011.98,6651.68,923.38,184.75,10,192.15,15,199.54,10,205.46,10,211.08,9,,,,,,,,,,,0,0
2011-03-31,13,206845,17085,0,,54,10,13372.27,10011.98,6651.68,923.38,184.75,10,192.15,15,199.54,10,205.46,10,211.08,9,,,,,,,,,,,0,0
2011-03-31,14,206845,17085,0,,54,10,13372.27,10011.98,6651.68,923.38,184.75,10,192.15,15,199.54,10,205.46,10,211.08,9,,,,,,,,,,,0,0
2011-03-31,15,206845,17085,0,,54,10,13372.27,10011.98,6651.68,923.38,184.75,10,192.15,15,199.54,10,205.46,10,211.08,9,,,,,,,,,,,0,0
2011-03-31,16,206845,17085,0,,54,10,13372.27,10011.98,6651.68,923.38,184.75,10,192.15,15,199.54,10,205.46,10,211.08,9,,,,,,,,,,,0,0
2011-03-31,17,206845,17085,0,,54,10,13372.27,10011.98,6651.68,923.38,184.75,10,192.15,15,199.54,10,205.46,10,211.08,9,,,,,,,,,,,0,0
2011-03-31,18,206845,17085,0,,54,10,13372.27,10011.98,6651.68,923.38,184.75,10,192.15,15,199.54,10,205.46,10,211.08,9,,,,,,,,,,,0,0
2011-03-31,19,206845,17085,0,,54,10,13372.27,10011.98,6651.68,923.38,184.75,10,192.15,15,199.54,10,205.46,10,211.08,9,,,,,,,,,,,0,0
2011-03-31,20,206845,17085,0,,54,10,13372.27,10011.98,6651.68,923.38,184.75,10,192.15,15,199.54,10,205.46,10,211.08,9,,,,,,,,,,,0,0
2011-03-31,21,206845,17085,0,,54,10,13372.27,10011.98,6651.68,923.38,184.75,10,192.15,15,199.54,10,205.46,10,211.08,9,,,,,,,,,,,0,0
2011-03-31,22,206845,17085,0,,54,10,13372.27,10011.98,6651.68,923.38,184.75,10,192.15,15,199.54,10,205.46,10,211.08,9,,,,,,,,,,,0,0
2011-03-31,23,206845,17085,0,,54,10,13372.27,10011.98,6651.68,923.38,184.75,10,192.15,15,199.54,10,205.46,10,211.08,9,,,,,,,,,,,0,0
2011-03-31,24,206845,17085,0,,54,10,13372.27,10011.98,6651.68,923.38,184.75,10,192.15,15,199.54,10,205.46,10,211.08,9,,,,,,,,,,,0,0
2011-03-31,1,206845,17541,0,,21,10,896,896,896,190.14,403,22,,,,,,,,,,,,,,,,,,,18,19
2011-03-31,2,206845,17541,0,,21,10,896,896,896,190.14,403,22,,,,,,,,,,,,,,,,,,,18,19
2011-03-31,3,206845,17541,0,,21,10,896,896,896,190.14,403,22,,,,,,,,,,,,,,,,,,,18,19
2011-03-31,4,206845,17541,0,,21,10,896,896,896,190.14,403,22,,,,,,,,,,,,,,,,,,,18,19
2011-03-31,5,206845,17541,0,,21,10,896,896,896,190.14,403,22,,,,,,,,,,,,,,,,,,,18,19
2011-03-31,6,206845,17541,0,,21,10,896,896,896,190.14,403,22,,,,,,,,,,,,,,,,,,,18,19
2011-03-31,7,206845,17541,0,,21,10,896,896,896,190.14,403,22,,,,,,,,,,,,,,,,,,,18,19
2011-03-31,8,206845,17541,0,,21,10,896,896,896,190.14,403,22,,,,,,,,,,,,,,,,,,,18,19
2011-03-31,9,206845,17541,0,,21,10,896,896,896,190.14,403,22,,,,,,,,,,,,,,,,,,,18,19
2011-03-31,10,206845,17541,0,,21,10,896,896,896,190.14,403,22,,,,,,,,,,,,,,,,,,,18,19
2011-03-31,11,206845,17541,0,,21,10,896,896,896,190.14,403,22,,,,,,,,,,,,,,,,,,,18,19
2011-03-31,12,206845,17541,0,,21,10,896,896,896,190.14,403,22,,,,,,,,,,,,,,,,,,,18,19
2011-03-31,13,206845,17541,0,,21,10,896,896,896,190.14,403,22,,,,,,,,,,,,,,,,,,,18,19
2011-03-31,14,206845,17541,0,,21,10,896,896,896,190.14,403,22,,,,,,,,,,,,,,,,,,,18,19
2011-03-31,15,206845,17541,0,,21,10,896,896,896,190.14,403,22,,,,,,,,,,,,,,,,,,,18,19
2011-03-31,16,206845,17541,0,,21,10,896,896,896,190.14,403,22,,,,,,,,,,,,,,,,,,,18,19
2011-03-31,17,206845,17541,0,,21,10,896,896,896,190.14,403,22,,,,,,,,,,,,,,,,,,,18,19
2011-03-31,18,206845,17541,0,,21,10,896,896,896,190.14,403,22,,,,,,,,,,,,,,,,,,,18,19
2011-03-31,19,206845,17541,0,,21,10,896,896,896,190.14,403,22,,,,,,,,,,,,,,,,,,,18,19
2011-03-31,20,206845,17541,0,,21,10,896,896,896,190.14,403,22,,,,,,,,,,,,,,,,,,,18,19
2011-03-31,21,206845,17541,0,,21,10,896,896,896,190.14,403,22,,,,,,,,,,,,,,,,,,,18,19
2011-03-31,22,206845,17541,0,,21,10,896,896,896,190.14,403,22,,,,,,,,,,,,,,,,,,,18,19
2011-03-31,23,206845,17541,0,,21,10,896,896,896,190.14,403,22,,,,,,,,,,,,,,,,,,,18,19
2011-03-31,24,206845,17541,0,,21,10,896,896,896,190.14,403,22,,,,,,,,,,,,,,,,,,,18,19
2011-03-31,1,206845,21771,0,,22,10,896,896,896,190.14,403,22,,,,,,,,,,,,,,,,,,,18,19
2011-03-31,2,206845,21771,0,,22,10,896,896,896,190.14,403,22,,,,,,,,,,,,,,,,,,,18,19
2011-03-31,3,206845,21771,0,,22,10,896,896,896,190.14,403,22,,,,,,,,,,,,,,,,,,,18,19
2011-03-31,4,206845,21771,0,,22,10,896,896,896,190.14,403,22,,,,,,,,,,,,,,,,,,,18,19
2011-03-31,5,206845,21771,0,,22,10,896,896,896,190.14,403,22,,,,,,,,,,,,,,,,,,,18,19
2011-03-31,6,206845,21771,0,,22,10,896,896,896,190.14,403,22,,,,,,,,,,,,,,,,,,,18,19
2011-03-31,7,206845,21771,0,,22,10,896,896,896,190.14,403,22,,,,,,,,,,,,,,,,,,,18,19
2011-03-31,8,206845,21771,0,,22,10,896,896,896,190.14,403,22,,,,,,,,,,,,,,,,,,,18,19
2011-03-31,9,206845,21771,0,,22,10,896,896,896,190.14,403,22,,,,,,,,,,,,,,,,,,,18,19
2011-03-31,10,206845,21771,0,,22,10,896,896,896,190.14,403,22,,,,,,,,,,,,,,,,,,,18,19
2011-03-31,11,206845,21771,0,,22,10,896,896,896,190.14,403,22,,,,,,,,,,,,,,,,,,,18,19
2011-03-31,12,206845,21771,0,,22,10,896,896,896,190.14,403,22,,,,,,,,,,,,,,,,,,,18,19
2011-03-31,13,206845,21771,0,,22,10,896,896,896,190.14,403,22,,,,,,,,,,,,,,,,,,,18,19
2011-03-31,14,206845,21771,0,,22,10,896,896,896,190.14,403,22,,,,,,,,,,,,,,,,,,,18,19
2011-03-31,15,206845,21771,0,,22,10,896,896,896,190.14,403,22,,,,,,,,,,,,,,,,,,,18,19
2011-03-31,16,206845,21771,0,,22,10,896,896,896,190.14,403,22,,,,,,,,,,,,,,,,,,,18,19
2011-03-31,17,206845,21771,0,,22,10,896,896,896,190.14,403,22,,,,,,,,,,,,,,,,,,,18,19
2011-03-31,18,206845,21771,0,,22,10,896,896,896,190.14,403,22,,,,,,,,,,,,,,,,,,,18,19
2011-03-31,19,206845,21771,0,,22,10,896,896,896,190.14,403,22,,,,,,,,,,,,,,,,,,,18,19
2011-03-31,20,206845,21771,0,,22,10,896,896,896,190.14,403,22,,,,,,,,,,,,,,,,,,,18,19
2011-03-31,21,206845,21771,0,,22,10,896,896,896,190.14,403,22,,,,,,,,,,,,,,,,,,,18,19
2011-03-31,22,206845,21771,0,,22,10,896,896,896,190.14,403,22,,,,,,,,,,,,,,,,,,,18,19
2011-03-31,23,206845,21771,0,,22,10,896,896,896,190.14,403,22,,,,,,,,,,,,,,,,,,,18,19
2011-03-31,24,206845,21771,0,,22,10,896,896,896,190.14,403,22,,,,,,,,,,,,,,,,,,,18,19
2011-03-31,1,206845,27008,1246,,1245.5,1245.5,0,0,0,0,0,1245.5,,,,,,,,,,,,,,,,,,,0,0
2011-03-31,2,206845,27008,1246,,1245.5,1245.5,0,0,0,0,0,1245.5,,,,,,,,,,,,,,,,,,,0,0
2011-03-31,3,206845,27008,1246,,1245.5,1245.5,0,0,0,0,0,1245.5,,,,,,,,,,,,,,,,,,,0,0
2011-03-31,4,206845,27008,1246,,1245.5,1245.5,0,0,0,0,0,1245.5,,,,,,,,,,,,,,,,,,,0,0
2011-03-31,5,206845,27008,1246,,1245.5,1245.5,0,0,0,0,0,1245.5,,,,,,,,,,,,,,,,,,,0,0
2011-03-31,6,206845,27008,1246,,1245.5,1245.5,0,0,0,0,0,1245.5,,,,,,,,,,,,,,,,,,,0,0
2011-03-31,7,206845,27008,1246,,1245.5,1245.5,0,0,0,0,0,1245.5,,,,,,,,,,,,,,,,,,,0,0
2011-03-31,8,206845,27008,1246,,1245.5,1245.5,0,0,0,0,0,1245.5,,,,,,,,,,,,,,,,,,,0,0
2011-03-31,9,206845,27008,1246,,1245.5,1245.5,0,0,0,0,0,1245.5,,,,,,,,,,,,,,,,,,,0,0
2011-03-31,10,206845,27008,1246,,1245.5,1245.5,0,0,0,0,0,1245.5,,,,,,,,,,,,,,,,,,,0,0
2011-03-31,11,206845,27008,1246,,1245.5,1245.5,0,0,0,0,0,1245.5,,,,,,,,,,,,,,,,,,,0,0
2011-03-31,12,206845,27008,1246,,1245.5,1245.5,0,0,0,0,0,1245.5,,,,,,,,,,,,,,,,,,,0,0
2011-03-31,13,206845,27008,1246,,1245.5,1245.5,0,0,0,0,0,1245.5,,,,,,,,,,,,,,,,,,,0,0
2011-03-31,14,206845,27008,1246,,1245.5,1245.5,0,0,0,0,0,1245.5,,,,,,,,,,,,,,,,,,,0,0
2011-03-31,15,206845,27008,1246,,1245.5,1245.5,0,0,0,0,0,1245.5,,,,,,,,,,,,,,,,,,,0,0
2011-03-31,16,206845,27008,1246,,1245.5,1245.5,0,0,0,0,0,1245.5,,,,,,,,,,,,,,,,,,,0,0
2011-03-31,17,206845,27008,1246,,1245.5,1245.5,0,0,0,0,0,1245.5,,,,,,,,,,,,,,,,,,,0,0
2011-03-31,18,206845,27008,1246,,1245.5,1245.5,0,0,0,0,0,1245.5,,,,,,,,,,,,,,,,,,,0,0
2011-03-31,19,206845,27008,1246,,1245.5,1245.5,0,0,0,0,0,1245.5,,,,,,,,,,,,,,,,,,,0,0
2011-03-31,20,206845,27008,1246,,1245.5,1245.5,0,0,0,0,0,1245.5,,,,,,,,,,,,,,,,,,,0,0
2011-03-31,21,206845,27008,1098,,1097.7,1097.7,0,0,0,0,0,1245.5,,,,,,,,,,,,,,,,,,,0,0
2011-03-31,22,206845,27008,785,,785.4,785.4,0,0,0,0,0,1245.5,,,,,,,,,,,,,,,,,,,0,0
2011-03-31,23,206845,27008,481,,480.5,480.5,0,0,0,0,0,1245.5,,,,,,,,,,,,,,,,,,,0,0
2011-03-31,24,206845,27008,184,,183.9,183.9,0,0,0,0,0,1245.5,,,,,,,,,,,,,,,,,,,0,0
2011-03-31,1,206845,29055,0,,610,60,110968.15,73570.64,36173.13,8276.64,157.8,60,165.39,90,173.74,75,181.33,75,187.65,50,192.71,50,197.77,50,202.84,50,209.67,85,225.23,25,0,0
2011-03-31,2,206845,29055,0,,610,60,110968.15,73570.64,36173.13,8276.64,157.8,60,165.39,90,173.74,75,181.33,75,187.65,50,192.71,50,197.77,50,202.84,50,209.67,85,225.23,25,0,0
2011-03-31,3,206845,29055,0,,610,60,110968.15,73570.64,36173.13,8276.64,157.8,60,165.39,90,173.74,75,181.33,75,187.65,50,192.71,50,197.77,50,202.84,50,209.67,85,225.23,25,0,0
2011-03-31,4,206845,29055,0,,610,60,110968.15,73570.64,36173.13,8276.64,157.8,60,165.39,90,173.74,75,181.33,75,187.65,50,192.71,50,197.77,50,202.84,50,209.67,85,225.23,25,0,0
2011-03-31,5,206845,29055,0,,610,60,110968.15,73570.64,36173.13,8276.64,157.8,60,165.39,90,173.74,75,181.33,75,187.65,50,192.71,50,197.77,50,202.84,50,209.67,85,225.23,25,0,0
2011-03-31,6,206845,29055,0,,610,60,110968.15,73570.64,36173.13,8276.64,157.8,60,165.39,90,173.74,75,181.33,75,187.65,50,192.71,50,197.77,50,202.84,50,209.67,85,225.23,25,0,0
2011-03-31,7,206845,29055,0,,610,60,110968.15,73570.64,36173.13,8276.64,157.8,60,165.39,90,173.74,75,181.33,75,187.65,50,192.71,50,197.77,50,202.84,50,209.67,85,225.23,25,0,0
2011-03-31,8,206845,29055,0,,610,60,110968.15,73570.64,36173.13,8276.64,157.8,60,165.39,90,173.74,75,181.33,75,187.65,50,192.71,50,197.77,50,202.84,50,209.67,85,225.23,25,0,0
2011-03-31,9,206845,29055,0,,610,60,110968.15,73570.64,36173.13,8276.64,157.8,60,165.39,90,173.74,75,181.33,75,187.65,50,192.71,50,197.77,50,202.84,50,209.67,85,225.23,25,0,0
2011-03-31,10,206845,29055,0,,610,60,110968.15,73570.64,36173.13,8276.64,157.8,60,165.39,90,173.74,75,181.33,75,187.65,50,192.71,50,197.77,50,202.84,50,209.67,85,225.23,25,0,0
2011-03-31,11,206845,29055,0,,610,60,110968.15,73570.64,36173.13,8276.64,157.8,60,165.39,90,173.74,75,181.33,75,187.65,50,192.71,50,197.77,50,202.84,50,209.67,85,225.23,25,0,0
2011-03-31,12,206845,29055,0,,610,60,110968.15,73570.64,36173.13,8276.64,157.8,60,165.39,90,173.74,75,181.33,75,187.65,50,192.71,50,197.77,50,202.84,50,209.67,85,225.23,25,0,0
2011-03-31,13,206845,29055,0,,610,60,110968.15,73570.64,36173.13,8276.64,157.8,60,165.39,90,173.74,75,181.33,75,187.65,50,192.71,50,197.77,50,202.84,50,209.67,85,225.23,25,0,0
2011-03-31,14,206845,29055,0,,610,60,110968.15,73570.64,36173.13,8276.64,157.8,60,165.39,90,173.74,75,181.33,75,187.65,50,192.71,50,197.77,50,202.84,50,209.67,85,225.23,25,0,0
2011-03-31,15,206845,29055,0,,610,60,110968.15,73570.64,36173.13,8276.64,157.8,60,165.39,90,173.74,75,181.33,75,187.65,50,192.71,50,197.77,50,202.84,50,209.67,85,225.23,25,0,0
2011-03-31,16,206845,29055,0,,610,60,110968.15,73570.64,36173.13,8276.64,157.8,60,165.39,90,173.74,75,181.33,75,187.65,50,192.71,50,197.77,50,202.84,50,209.67,85,225.23,25,0,0
2011-03-31,17,206845,29055,0,,610,60,110968.15,73570.64,36173.13,8276.64,157.8,60,165.39,90,173.74,75,181.33,75,187.65,50,192.71,50,197.77,50,202.84,50,209.67,85,225.23,25,0,0
2011-03-31,18,206845,29055,0,,610,60,110968.15,73570.64,36173.13,8276.64,157.8,60,165.39,90,173.74,75,181.33,75,187.65,50,192.71,50,197.77,50,202.84,50,209.67,85,225.23,25,0,0
2011-03-31,19,206845,29055,0,,610,60,110968.15,73570.64,36173.13,8276.64,157.8,60,165.39,90,173.74,75,181.33,75,187.65,50,192.71,50,197.77,50,202.84,50,209.67,85,225.23,25,0,0
2011-03-31,20,206845,29055,0,,610,60,110968.15,73570.64,36173.13,8276.64,157.8,60,165.39,90,173.74,75,181.33,75,187.65,50,192.71,50,197.77,50,202.84,50,209.67,85,225.23,25,0,0
2011-03-31,21,206845,29055,0,,610,60,110968.15,73570.64,36173.13,8276.64,157.8,60,165.39,90,173.74,75,181.33,75,187.65,50,192.71,50,197.77,50,202.84,50,209.67,85,225.23,25,0,0
2011-03-31,22,206845,29055,0,,610,60,110968.15,73570.64,36173.13,8276.64,157.8,60,165.39,90,173.74,75,181.33,75,187.65,50,192.71,50,197.77,50,202.84,50,209.67,85,225.23,25,0,0
2011-03-31,23,206845,29055,0,,610,60,110968.15,73570.64,36173.13,8276.64,157.8,60,165.39,90,173.74,75,181.33,75,187.65,50,192.71,50,197.77,50,202.84,50,209.67,85,225.23,25,0,0
2011-03-31,24,206845,29055,0,,610,60,110968.15,73570.64,36173.13,8276.64,157.8,60,165.39,90,173.74,75,181.33,75,187.65,50,192.71,50,197.77,50,202.84,50,209.67,85,225.23,25,0,0
2011-03-31,1,206845,31335,0,,118,30,29813.45,19958.41,10103.36,2641.77,149.92,30,170.35,70,185.68,5,188.86,10.6,,,,,,,,,,,,,0,0
2011-03-31,2,206845,31335,0,,118,30,29813.45,19958.41,10103.36,2641.77,149.92,30,170.35,70,185.68,5,188.86,10.6,,,,,,,,,,,,,0,0
2011-03-31,3,206845,31335,0,,118,30,29813.45,19958.41,10103.36,2641.77,149.92,30,170.35,70,185.68,5,188.86,10.6,,,,,,,,,,,,,0,0
2011-03-31,4,206845,31335,0,,118,30,29813.45,19958.41,10103.36,2641.77,149.92,30,170.35,70,185.68,5,188.86,10.6,,,,,,,,,,,,,0,0
2011-03-31,5,206845,31335,0,,118,30,29813.45,19958.41,10103.36,2641.77,149.92,30,170.35,70,185.68,5,188.86,10.6,,,,,,,,,,,,,0,0
2011-03-31,6,206845,31335,0,,118,30,29813.45,19958.41,10103.36,2641.77,149.92,30,170.35,70,185.68,5,188.86,10.6,,,,,,,,,,,,,0,0
2011-03-31,7,206845,31335,0,,118,30,29813.45,19958.41,10103.36,2641.77,149.92,30,170.35,70,185.68,5,188.86,10.6,,,,,,,,,,,,,0,0
2011-03-31,8,206845,31335,0,,118,30,29813.45,19958.41,10103.36,2641.77,149.92,30,170.35,70,185.68,5,188.86,10.6,,,,,,,,,,,,,0,0
2011-03-31,9,206845,31335,0,,118,30,29813.45,19958.41,10103.36,2641.77,149.92,30,170.35,70,185.68,5,188.86,10.6,,,,,,,,,,,,,0,0
2011-03-31,10,206845,31335,0,,118,30,29813.45,19958.41,10103.36,2641.77,149.92,30,170.35,70,185.68,5,188.86,10.6,,,,,,,,,,,,,0,0
2011-03-31,11,206845,31335,0,,118,30,29813.45,19958.41,10103.36,2641.77,149.92,30,170.35,70,185.68,5,188.86,10.6,,,,,,,,,,,,,0,0
2011-03-31,12,206845,31335,0,,118,30,29813.45,19958.41,10103.36,2641.77,149.92,30,170.35,70,185.68,5,188.86,10.6,,,,,,,,,,,,,0,0
2011-03-31,13,206845,31335,0,,118,30,29813.45,19958.41,10103.36,2641.77,149.92,30,170.35,70,185.68,5,188.86,10.6,,,,,,,,,,,,,0,0
2011-03-31,14,206845,31335,0,,118,30,29813.45,19958.41,10103.36,2641.77,149.92,30,170.35,70,185.68,5,188.86,10.6,,,,,,,,,,,,,0,0
2011-03-31,15,206845,31335,0,,118,30,29813.45,19958.41,10103.36,2641.77,149.92,30,170.35,70,185.68,5,188.86,10.6,,,,,,,,,,,,,0,0
2011-03-31,16,206845,31335,0,,118,30,29813.45,19958.41,10103.36,2641.77,149.92,30,170.35,70,185.68,5,188.86,10.6,,,,,,,,,,,,,0,0
2011-03-31,17,206845,31335,0,,118,30,29813.45,19958.41,10103.36,2641.77,149.92,30,170.35,70,185.68,5,188.86,10.6,,,,,,,,,,,,,0,0
2011-03-31,18,206845,31335,0,,118,30,29813.45,19958.41,10103.36,2641.77,149.92,30,170.35,70,185.68,5,188.86,10.6,,,,,,,,,,,,,0,0
2011-03-31,19,206845,31335,0,,118,30,29813.45,19958.41,10103.36,2641.77,149.92,30,170.35,70,185.68,5,188.86,10.6,,,,,,,,,,,,,0,0
2011-03-31,20,206845,31335,0,,118,30,29813.45,19958.41,10103.36,2641.77,149.92,30,170.35,70,185.68,5,188.86,10.6,,,,,,,,,,,,,0,0
2011-03-31,21,206845,31335,0,,118,30,29813.45,19958.41,10103.36,2641.77,149.92,30,170.35,70,185.68,5,188.86,10.6,,,,,,,,,,,,,0,0
2011-03-31,22,206845,31335,0,,118,30,29813.45,19958.41,10103.36,2641.77,149.92,30,170.35,70,185.68,5,188.86,10.6,,,,,,,,,,,,,0,0
2011-03-31,23,206845,31335,0,,118,30,29813.45,19958.41,10103.36,2641.77,149.92,30,170.35,70,185.68,5,188.86,10.6,,,,,,,,,,,,,0,0
2011-03-31,24,206845,31335,0,,118,30,29813.45,19958.41,10103.36,2641.77,149.92,30,170.35,70,185.68,5,188.86,10.6,,,,,,,,,,,,,0,0
2011-03-31,1,206845,31663,0,,322,250,17373,16318,15288,0,48.64,325,,,,,,,,,,,,,,,,,,,0,0
2011-03-31,2,206845,31663,0,,323,250,17373,16318,15288,0,48.64,325,,,,,,,,,,,,,,,,,,,0,0
2011-03-31,3,206845,31663,0,,324,250,17373,16318,15288,0,48.64,325,,,,,,,,,,,,,,,,,,,0,0
2011-03-31,4,206845,31663,0,,325,250,17373,16318,15288,0,48.64,325,,,,,,,,,,,,,,,,,,,0,0
2011-03-31,5,206845,31663,0,,325,250,17373,16318,15288,0,48.64,325,,,,,,,,,,,,,,,,,,,0,0
2011-03-31,6,206845,31663,0,,325,250,17373,16318,15288,0,48.64,325,,,,,,,,,,,,,,,,,,,0,0
2011-03-31,7,206845,31663,0,,325,250,17373,16318,15288,0,48.64,325,,,,,,,,,,,,,,,,,,,0,0
2011-03-31,8,206845,31663,0,,324,250,17373,16318,15288,0,48.64,325,,,,,,,,,,,,,,,,,,,0,0
2011-03-31,9,206845,31663,0,,323,250,17373,16318,15288,0,48.64,325,,,,,,,,,,,,,,,,,,,0,0
2011-03-31,10,206845,31663,0,,321,250,17373,16318,15288,0,48.64,325,,,,,,,,,,,,,,,,,,,0,0
2011-03-31,11,206845,31663,0,,318,250,17373,16318,15288,0,48.64,325,,,,,,,,,,,,,,,,,,,0,0
2011-03-31,12,206845,31663,0,,317,250,17373,16318,15288,0,48.64,325,,,,,,,,,,,,,,,,,,,0,0
2011-03-31,13,206845,31663,0,,315,250,17373,16318,15288,0,48.64,325,,,,,,,,,,,,,,,,,,,0,0
2011-03-31,14,206845,31663,0,,314,250,17373,16318,15288,0,48.64,325,,,,,,,,,,,,,,,,,,,0,0
2011-03-31,15,206845,31663,0,,314,250,17373,16318,15288,0,48.64,325,,,,,,,,,,,,,,,,,,,0,0
2011-03-31,16,206845,31663,0,,314,250,17373,16318,15288,0,48.64,325,,,,,,,,,,,,,,,,,,,0,0
2011-03-31,17,206845,31663,0,,314,250,17373,16318,15288,0,48.64,325,,,,,,,,,,,,,,,,,,,0,0
2011-03-31,18,206845,31663,0,,314,250,17373,16318,15288,0,48.64,325,,,,,,,,,,,,,,,,,,,0,0
2011-03-31,19,206845,31663,0,,315,250,17373,16318,15288,0,48.64,325,,,,,,,,,,,,,,,,,,,0,0
2011-03-31,20,206845,31663,0,,316,250,17373,16318,15288,0,48.64,325,,,,,,,,,,,,,,,,,,,0,0
2011-03-31,21,206845,31663,0,,317,250,17373,16318,15288,0,48.64,325,,,,,,,,,,,,,,,,,,,0,0
2011-03-31,22,206845,31663,0,,318,250,17373,16318,15288,0,48.64,325,,,,,,,,,,,,,,,,,,,0,0
2011-03-31,23,206845,31663,0,,320,250,17373,16318,15288,0,48.64,325,,,,,,,,,,,,,,,,,,,0,0
2011-03-31,24,206845,31663,0,,321,250,17373,16318,15288,0,48.64,325,,,,,,,,,,,,,,,,,,,0,0
2011-03-31,1,206845,34578,403,,554,403,29029.58,23467.79,17906,2130,32.4,450,37.52,50,40.81,35,42.22,19,,,,,,,,,,,,,0,0
2011-03-31,2,206845,34578,403,,554,403,29029.58,23467.79,17906,2130,32.4,450,37.52,50,40.81,35,42.22,19,,,,,,,,,,,,,0,0
2011-03-31,3,206845,34578,403,,554,403,29029.58,23467.79,17906,2130,32.4,450,37.52,50,40.81,35,42.22,19,,,,,,,,,,,,,0,0
2011-03-31,4,206845,34578,403,,554,403,29029.58,23467.79,17906,2130,32.4,450,37.52,50,40.81,35,42.22,19,,,,,,,,,,,,,0,0
2011-03-31,5,206845,34578,403,,554,403,29029.58,23467.79,17906,2130,32.4,450,37.52,50,40.81,35,42.22,19,,,,,,,,,,,,,0,0
2011-03-31,6,206845,34578,403,,554,403,29029.58,23467.79,17906,2130,32.4,450,37.52,50,40.81,35,42.22,19,,,,,,,,,,,,,0,0
2011-03-31,7,206845,34578,403,,554,403,29029.58,23467.79,17906,2130,32.4,450,37.52,50,40.81,35,42.22,19,,,,,,,,,,,,,0,0
2011-03-31,8,206845,34578,403,,554,403,29029.58,23467.79,17906,2130,32.4,450,37.52,50,40.81,35,42.22,19,,,,,,,,,,,,,0,0
2011-03-31,9,206845,34578,403,,554,403,29029.58,23467.79,17906,2130,32.4,450,37.52,50,40.81,35,42.22,19,,,,,,,,,,,,,0,0
2011-03-31,10,206845,34578,403,,554,403,29029.58,23467.79,17906,2130,32.4,450,37.52,50,40.81,35,42.22,19,,,,,,,,,,,,,0,0
2011-03-31,11,206845,34578,401,,552,401,29029.58,23467.79,17906,2130,32.4,450,37.52,50,40.81,35,42.22,19,,,,,,,,,,,,,0,0
2011-03-31,12,206845,34578,399,,550,399,29029.58,23467.79,17906,2130,32.4,450,37.52,50,40.81,35,42.22,19,,,,,,,,,,,,,0,0
2011-03-31,13,206845,34578,398,,549,398,29029.58,23467.79,17906,2130,32.4,450,37.52,50,40.81,35,42.22,19,,,,,,,,,,,,,0,0
2011-03-31,14,206845,34578,398,,548,398,29029.58,23467.79,17906,2130,32.4,450,37.52,50,40.81,35,42.22,19,,,,,,,,,,,,,0,0
2011-03-31,15,206845,34578,398,,548,398,29029.58,23467.79,17906,2130,32.4,450,37.52,50,40.81,35,42.22,19,,,,,,,,,,,,,0,0
2011-03-31,16,206845,34578,398,,548,398,29029.58,23467.79,17906,2130,32.4,450,37.52,50,40.81,35,42.22,19,,,,,,,,,,,,,0,0
2011-03-31,17,206845,34578,398,,548,398,29029.58,23467.79,17906,2130,32.4,450,37.52,50,40.81,35,42.22,19,,,,,,,,,,,,,0,0
2011-03-31,18,206845,34578,398,,549,398,29029.58,23467.79,17906,2130,32.4,450,37.52,50,40.81,35,42.22,19,,,,,,,,,,,,,0,0
2011-03-31,19,206845,34578,398,,549,398,29029.58,23467.79,17906,2130,32.4,450,37.52,50,40.81,35,42.22,19,,,,,,,,,,,,,0,0
2011-03-31,20,206845,34578,400,,551,400,29029.58,23467.79,17906,2130,32.4,450,37.52,50,40.81,35,42.22,19,,,,,,,,,,,,,0,0
2011-03-31,21,206845,34578,401,,552,401,29029.58,23467.79,17906,2130,32.4,450,37.52,50,40.81,35,42.22,19,,,,,,,,,,,,,0,0
2011-03-31,22,206845,34578,402,,553,402,29029.58,23467.79,17906,2130,32.4,450,37.52,50,40.81,35,42.22,19,,,,,,,,,,,,,0,0
2011-03-31,23,206845,34578,403,,554,403,29029.58,23467.79,17906,2130,32.4,450,37.52,50,40.81,35,42.22,19,,,,,,,,,,,,,0,0
2011-03-31,24,206845,34578,403,,554,403,29029.58,23467.79,17906,2130,32.4,450,37.52,50,40.81,35,42.22,19,,,,,,,,,,,,,0,0
2011-03-31,1,206845,34748,10,,49.1,10,0,0,0,0,154.68,10,179.68,39.1,,,,,,,,,,,,,,,,,0,0
2011-03-31,2,206845,34748,10,,49.1,10,0,0,0,0,154.68,10,179.68,39.1,,,,,,,,,,,,,,,,,0,0
2011-03-31,3,206845,34748,10,,49.1,10,0,0,0,0,154.68,10,179.68,39.1,,,,,,,,,,,,,,,,,0,0
2011-03-31,4,206845,34748,10,,49.1,10,0,0,0,0,154.68,10,179.68,39.1,,,,,,,,,,,,,,,,,0,0
2011-03-31,5,206845,34748,10,,49.1,10,0,0,0,0,154.68,10,179.68,39.1,,,,,,,,,,,,,,,,,0,0
2011-03-31,6,206845,34748,10,,49.1,10,0,0,0,0,154.68,10,179.68,39.1,,,,,,,,,,,,,,,,,0,0
2011-03-31,7,206845,34748,10,,49.1,10,0,0,0,0,154.68,10,179.68,39.1,,,,,,,,,,,,,,,,,0,0
2011-03-31,8,206845,34748,10,,49.1,10,0,0,0,0,154.68,10,179.68,39.1,,,,,,,,,,,,,,,,,0,0
2011-03-31,9,206845,34748,10,,49.1,10,0,0,0,0,154.68,10,179.68,39.1,,,,,,,,,,,,,,,,,0,0
2011-03-31,10,206845,34748,10,,49.1,10,0,0,0,0,154.68,10,179.68,39.1,,,,,,,,,,,,,,,,,0,0
2011-03-31,11,206845,34748,10,,49.1,10,0,0,0,0,154.68,10,179.68,39.1,,,,,,,,,,,,,,,,,0,0
2011-03-31,12,206845,34748,10,,49.1,10,0,0,0,0,154.68,10,179.68,39.1,,,,,,,,,,,,,,,,,0,0
2011-03-31,13,206845,34748,10,,49.1,10,0,0,0,0,154.68,10,179.68,39.1,,,,,,,,,,,,,,,,,0,0
2011-03-31,14,206845,34748,10,,49.1,10,0,0,0,0,154.68,10,179.68,39.1,,,,,,,,,,,,,,,,,0,0
2011-03-31,15,206845,34748,10,,49.1,10,0,0,0,0,154.68,10,179.68,39.1,,,,,,,,,,,,,,,,,0,0
2011-03-31,16,206845,34748,10,,49.1,10,0,0,0,0,154.68,10,179.68,39.1,,,,,,,,,,,,,,,,,0,0
2011-03-31,17,206845,34748,10,,49.1,10,0,0,0,0,154.68,10,179.68,39.1,,,,,,,,,,,,,,,,,0,0
2011-03-31,18,206845,34748,10,,49.1,10,0,0,0,0,154.68,10,179.68,39.1,,,,,,,,,,,,,,,,,0,0
2011-03-31,19,206845,34748,10,,49.1,10,0,0,0,0,154.68,10,179.68,39.1,,,,,,,,,,,,,,,,,0,0
2011-03-31,20,206845,34748,10,,49.1,10,0,0,0,0,154.68,10,179.68,39.1,,,,,,,,,,,,,,,,,0,0
2011-03-31,21,206845,34748,10,,49.1,10,0,0,0,0,154.68,10,179.68,39.1,,,,,,,,,,,,,,,,,0,0
2011-03-31,22,206845,34748,10,,49.1,10,0,0,0,0,154.68,10,179.68,39.1,,,,,,,,,,,,,,,,,0,0
2011-03-31,23,206845,34748,10,,49.1,10,0,0,0,0,154.68,10,179.68,39.1,,,,,,,,,,,,,,,,,0,0
2011-03-31,24,206845,34748,10,,49.1,10,0,0,0,0,154.68,10,179.68,39.1,,,,,,,,,,,,,,,,,0,0
2011-03-31,1,206845,41406,172,,245,172,13732,10059,7699,3007,31.46,183,32.09,9,32.73,9,33.38,9,34.04,9,34.7,9,35.38,9,36.05,9,36.74,9,,,0,0
2011-03-31,2,206845,41406,172,,246,172,13732,10059,7699,3007,31.46,183,32.09,9,32.73,9,33.38,9,34.04,9,34.7,9,35.38,9,36.05,9,36.74,9,,,0,0
2011-03-31,3,206845,41406,172,,246,172,13732,10059,7699,3007,31.46,183,32.09,9,32.73,9,33.38,9,34.04,9,34.7,9,35.38,9,36.05,9,36.74,9,,,0,0
2011-03-31,4,206845,41406,172,,246,172,13732,10059,7699,3007,31.46,183,32.09,9,32.73,9,33.38,9,34.04,9,34.7,9,35.38,9,36.05,9,36.74,9,,,0,0
2011-03-31,5,206845,41406,172,,246,172,13732,10059,7699,3007,31.46,183,32.09,9,32.73,9,33.38,9,34.04,9,34.7,9,35.38,9,36.05,9,36.74,9,,,0,0
2011-03-31,6,206845,41406,172,,246,172,13732,10059,7699,3007,31.46,183,32.09,9,32.73,9,33.38,9,34.04,9,34.7,9,35.38,9,36.05,9,36.74,9,,,0,0
2011-03-31,7,206845,41406,172,,246,172,13732,10059,7699,3007,31.46,183,32.09,9,32.73,9,33.38,9,34.04,9,34.7,9,35.38,9,36.05,9,36.74,9,,,0,0
2011-03-31,8,206845,41406,172,,246,172,13732,10059,7699,3007,31.46,183,32.09,9,32.73,9,33.38,9,34.04,9,34.7,9,35.38,9,36.05,9,36.74,9,,,0,0
2011-03-31,9,206845,41406,172,,246,172,13732,10059,7699,3007,31.46,183,32.09,9,32.73,9,33.38,9,34.04,9,34.7,9,35.38,9,36.05,9,36.74,9,,,0,0
2011-03-31,10,206845,41406,171,,245,171,13732,10059,7699,3007,31.46,183,32.09,9,32.73,9,33.38,9,34.04,9,34.7,9,35.38,9,36.05,9,36.74,9,,,0,0
2011-03-31,11,206845,41406,171,,244,171,13732,10059,7699,3007,31.46,183,32.09,9,32.73,9,33.38,9,34.04,9,34.7,9,35.38,9,36.05,9,36.74,9,,,0,0
2011-03-31,12,206845,41406,171,,244,171,13732,10059,7699,3007,31.46,183,32.09,9,32.73,9,33.38,9,34.04,9,34.7,9,35.38,9,36.05,9,36.74,9,,,0,0
2011-03-31,13,206845,41406,171,,244,171,13732,10059,7699,3007,31.46,183,32.09,9,32.73,9,33.38,9,34.04,9,34.7,9,35.38,9,36.05,9,36.74,9,,,0,0
2011-03-31,14,206845,41406,171,,244,171,13732,10059,7699,3007,31.46,183,32.09,9,32.73,9,33.38,9,34.04,9,34.7,9,35.38,9,36.05,9,36.74,9,,,0,0
2011-03-31,15,206845,41406,171,,244,171,13732,10059,7699,3007,31.46,183,32.09,9,32.73,9,33.38,9,34.04,9,34.7,9,35.38,9,36.05,9,36.74,9,,,0,0
2011-03-31,16,206845,41406,171,,244,171,13732,10059,7699,3007,31.46,183,32.09,9,32.73,9,33.38,9,34.04,9,34.7,9,35.38,9,36.05,9,36.74,9,,,0,0
2011-03-31,17,206845,41406,171,,244,171,13732,10059,7699,3007,31.46,183,32.09,9,32.73,9,33.38,9,34.04,9,34.7,9,35.38,9,36.05,9,36.74,9,,,0,0
2011-03-31,18,206845,41406,171,,244,171,13732,10059,7699,3007,31.46,183,32.09,9,32.73,9,33.38,9,34.04,9,34.7,9,35.38,9,36.05,9,36.74,9,,,0,0
2011-03-31,19,206845,41406,171,,245,171,13732,10059,7699,3007,31.46,183,32.09,9,32.73,9,33.38,9,34.04,9,34.7,9,35.38,9,36.05,9,36.74,9,,,0,0
2011-03-31,20,206845,41406,171,,245,171,13732,10059,7699,3007,31.46,183,32.09,9,32.73,9,33.38,9,34.04,9,34.7,9,35.38,9,36.05,9,36.74,9,,,0,0
2011-03-31,21,206845,41406,172,,245,172,13732,10059,7699,3007,31.46,183,32.09,9,32.73,9,33.38,9,34.04,9,34.7,9,35.38,9,36.05,9,36.74,9,,,0,0
2011-03-31,22,206845,41406,172,,245,172,13732,10059,7699,3007,31.46,183,32.09,9,32.73,9,33.38,9,34.04,9,34.7,9,35.38,9,36.05,9,36.74,9,,,0,0
2011-03-31,23,206845,41406,172,,245,172,13732,10059,7699,3007,31.46,183,32.09,9,32.73,9,33.38,9,34.04,9,34.7,9,35.38,9,36.05,9,36.74,9,,,0,0
2011-03-31,24,206845,41406,172,,246,172,13732,10059,7699,3007,31.46,183,32.09,9,32.73,9,33.38,9,34.04,9,34.7,9,35.38,9,36.05,9,36.74,9,,,0,0
2011-03-31,1,206845,48398,12,,12.3,12.3,0.2,0.1,0,0,999,13.6,,,,,,,,,,,,,,,,,,,0,0
2011-03-31,2,206845,48398,12,,12.3,12.3,0.2,0.1,0,0,999,13.6,,,,,,,,,,,,,,,,,,,0,0
2011-03-31,3,206845,48398,12,,12.3,12.3,0.2,0.1,0,0,999,13.6,,,,,,,,,,,,,,,,,,,0,0
2011-03-31,4,206845,48398,12,,12.3,12.3,0.2,0.1,0,0,999,13.6,,,,,,,,,,,,,,,,,,,0,0
2011-03-31,5,206845,48398,12,,12.3,12.3,0.2,0.1,0,0,999,13.6,,,,,,,,,,,,,,,,,,,0,0
2011-03-31,6,206845,48398,12,,12.3,12.3,0.2,0.1,0,0,999,13.6,,,,,,,,,,,,,,,,,,,0,0
2011-03-31,7,206845,48398,12,,12.3,12.3,0.2,0.1,0,0,999,13.6,,,,,,,,,,,,,,,,,,,0,0
2011-03-31,8,206845,48398,12,,12.3,12.3,0.2,0.1,0,0,999,13.6,,,,,,,,,,,,,,,,,,,0,0
2011-03-31,9,206845,48398,12,,12.3,12.3,0.2,0.1,0,0,999,13.6,,,,,,,,,,,,,,,,,,,0,0
2011-03-31,10,206845,48398,12,,12.3,12.3,0.2,0.1,0,0,999,13.6,,,,,,,,,,,,,,,,,,,0,0
2011-03-31,11,206845,48398,12,,12.3,12.3,0.2,0.1,0,0,999,13.6,,,,,,,,,,,,,,,,,,,0,0
2011-03-31,12,206845,48398,12,,12.3,12.3,0.2,0.1,0,0,999,13.6,,,,,,,,,,,,,,,,,,,0,0
2011-03-31,13,206845,48398,12,,12.3,12.3,0.2,0.1,0,0,999,13.6,,,,,,,,,,,,,,,,,,,0,0
2011-03-31,14,206845,48398,12,,12.3,12.3,0.2,0.1,0,0,999,13.6,,,,,,,,,,,,,,,,,,,0,0
2011-03-31,15,206845,48398,12,,12.3,12.3,0.2,0.1,0,0,999,13.6,,,,,,,,,,,,,,,,,,,0,0
2011-03-31,16,206845,48398,12,,12.3,12.3,0.2,0.1,0,0,999,13.6,,,,,,,,,,,,,,,,,,,0,0
2011-03-31,17,206845,48398,12,,12.3,12.3,0.2,0.1,0,0,999,13.6,,,,,,,,,,,,,,,,,,,0,0
2011-03-31,18,206845,48398,12,,12.3,12.3,0.2,0.1,0,0,999,13.6,,,,,,,,,,,,,,,,,,,0,0
2011-03-31,19,206845,48398,12,,12.3,12.3,0.2,0.1,0,0,999,13.6,,,,,,,,,,,,,,,,,,,0,0
2011-03-31,20,206845,48398,12,,12.3,12.3,0.2,0.1,0,0,999,13.6,,,,,,,,,,,,,,,,,,,0,0
2011-03-31,21,206845,48398,12,,12.3,12.3,0.2,0.1,0,0,999,13.6,,,,,,,,,,,,,,,,,,,0,0
2011-03-31,22,206845,48398,12,,12.3,12.3,0.2,0.1,0,0,999,13.6,,,,,,,,,,,,,,,,,,,0,0
2011-03-31,23,206845,48398,12,,12.3,12.3,0.2,0.1,0,0,999,13.6,,,,,,,,,,,,,,,,,,,0,0
2011-03-31,24,206845,48398,12,,12.3,12.3,0.2,0.1,0,0,999,13.6,,,,,,,,,,,,,,,,,,,0,0
2011-03-31,1,206845,81593,0,,54,10,13372.27,10011.98,6651.68,923.38,184.75,10,192.15,15,199.54,10,205.46,10,211.08,9,,,,,,,,,,,0,0
2011-03-31,2,206845,81593,0,,54,10,13372.27,10011.98,6651.68,923.38,184.75,10,192.15,15,199.54,10,205.46,10,211.08,9,,,,,,,,,,,0,0
2011-03-31,3,206845,81593,0,,54,10,13372.27,10011.98,6651.68,923.38,184.75,10,192.15,15,199.54,10,205.46,10,211.08,9,,,,,,,,,,,0,0
2011-03-31,4,206845,81593,0,,54,10,13372.27,10011.98,6651.68,923.38,184.75,10,192.15,15,199.54,10,205.46,10,211.08,9,,,,,,,,,,,0,0
2011-03-31,5,206845,81593,0,,54,10,13372.27,10011.98,6651.68,923.38,184.75,10,192.15,15,199.54,10,205.46,10,211.08,9,,,,,,,,,,,0,0
2011-03-31,6,206845,81593,0,,54,10,13372.27,10011.98,6651.68,923.38,184.75,10,192.15,15,199.54,10,205.46,10,211.08,9,,,,,,,,,,,0,0
2011-03-31,7,206845,81593,0,,54,10,13372.27,10011.98,6651.68,923.38,184.75,10,192.15,15,199.54,10,205.46,10,211.08,9,,,,,,,,,,,0,0
2011-03-31,8,206845,81593,0,,54,10,13372.27,10011.98,6651.68,923.38,184.75,10,192.15,15,199.54,10,205.46,10,211.08,9,,,,,,,,,,,0,0
2011-03-31,9,206845,81593,0,,54,10,13372.27,10011.98,6651.68,923.38,184.75,10,192.15,15,199.54,10,205.46,10,211.08,9,,,,,,,,,,,0,0
2011-03-31,10,206845,81593,0,,54,10,13372.27,10011.98,6651.68,923.38,184.75,10,192.15,15,199.54,10,205.46,10,211.08,9,,,,,,,,,,,0,0
2011-03-31,11,206845,81593,0,,54,10,13372.27,10011.98,6651.68,923.38,184.75,10,192.15,15,199.54,10,205.46,10,211.08,9,,,,,,,,,,,0,0
2011-03-31,12,206845,81593,0,,54,10,13372.27,10011.98,6651.68,923.38,184.75,10,192.15,15,199.54,10,205.46,10,211.08,9,,,,,,,,,,,0,0
2011-03-31,13,206845,81593,0,,54,10,13372.27,10011.98,6651.68,923.38,184.75,10,192.15,15,199.54,10,205.46,10,211.08,9,,,,,,,,,,,0,0
2011-03-31,14,206845,81593,0,,54,10,13372.27,10011.98,6651.68,923.38,184.75,10,192.15,15,199.54,10,205.46,10,211.08,9,,,,,,,,,,,0,0
2011-03-31,15,206845,81593,0,,54,10,13372.27,10011.98,6651.68,923.38,184.75,10,192.15,15,199.54,10,205.46,10,211.08,9,,,,,,,,,,,0,0
2011-03-31,16,206845,81593,0,,54,10,13372.27,10011.98,6651.68,923.38,184.75,10,192.15,15,199.54,10,205.46,10,211.08,9,,,,,,,,,,,0,0
2011-03-31,17,206845,81593,0,,54,10,13372.27,10011.98,6651.68,923.38,184.75,10,192.15,15,199.54,10,205.46,10,211.08,9,,,,,,,,,,,0,0
2011-03-31,18,206845,81593,0,,54,10,13372.27,10011.98,6651.68,923.38,184.75,10,192.15,15,199.54,10,205.46,10,211.08,9,,,,,,,,,,,0,0
2011-03-31,19,206845,81593,0,,54,10,13372.27,10011.98,6651.68,923.38,184.75,10,192.15,15,199.54,10,205.46,10,211.08,9,,,,,,,,,,,0,0
2011-03-31,20,206845,81593,0,,54,10,13372.27,10011.98,6651.68,923.38,184.75,10,192.15,15,199.54,10,205.46,10,211.08,9,,,,,,,,,,,0,0
2011-03-31,21,206845,81593,0,,54,10,13372.27,10011.98,6651.68,923.38,184.75,10,192.15,15,199.54,10,205.46,10,211.08,9,,,,,,,,,,,0,0
2011-03-31,22,206845,81593,0,,54,10,13372.27,10011.98,6651.68,923.38,184.75,10,192.15,15,199.54,10,205.46,10,211.08,9,,,,,,,,,,,0,0
2011-03-31,23,206845,81593,0,,54,10,13372.27,10011.98,6651.68,923.38,184.75,10,192.15,15,199.54,10,205.46,10,211.08,9,,,,,,,,,,,0,0
2011-03-31,24,206845,81593,0,,54,10,13372.27,10011.98,6651.68,923.38,184.75,10,192.15,15,199.54,10,205.46,10,211.08,9,,,,,,,,,,,0,0
2011-03-31,1,206845,82310,17,,17,17,0.2,0.1,0,0,999,22.3,,,,,,,,,,,,,,,,,,,0,0
2011-03-31,2,206845,82310,17,,17,17,0.2,0.1,0,0,999,22.3,,,,,,,,,,,,,,,,,,,0,0
2011-03-31,3,206845,82310,17,,17,17,0.2,0.1,0,0,999,22.3,,,,,,,,,,,,,,,,,,,0,0
2011-03-31,4,206845,82310,17,,17,17,0.2,0.1,0,0,999,22.3,,,,,,,,,,,,,,,,,,,0,0
2011-03-31,5,206845,82310,17,,17,17,0.2,0.1,0,0,999,22.3,,,,,,,,,,,,,,,,,,,0,0
2011-03-31,6,206845,82310,17,,17,17,0.2,0.1,0,0,999,22.3,,,,,,,,,,,,,,,,,,,0,0
2011-03-31,7,206845,82310,17,,17,17,0.2,0.1,0,0,999,22.3,,,,,,,,,,,,,,,,,,,0,0
2011-03-31,8,206845,82310,17,,17,17,0.2,0.1,0,0,999,22.3,,,,,,,,,,,,,,,,,,,0,0
2011-03-31,9,206845,82310,17,,17,17,0.2,0.1,0,0,999,22.3,,,,,,,,,,,,,,,,,,,0,0
2011-03-31,10,206845,82310,17,,17,17,0.2,0.1,0,0,999,22.3,,,,,,,,,,,,,,,,,,,0,0
2011-03-31,11,206845,82310,17,,17,17,0.2,0.1,0,0,999,22.3,,,,,,,,,,,,,,,,,,,0,0
2011-03-31,12,206845,82310,17,,17,17,0.2,0.1,0,0,999,22.3,,,,,,,,,,,,,,,,,,,0,0
2011-03-31,13,206845,82310,17,,17,17,0.2,0.1,0,0,999,22.3,,,,,,,,,,,,,,,,,,,0,0
2011-03-31,14,206845,82310,17,,17,17,0.2,0.1,0,0,999,22.3,,,,,,,,,,,,,,,,,,,0,0
2011-03-31,15,206845,82310,17,,17,17,0.2,0.1,0,0,999,22.3,,,,,,,,,,,,,,,,,,,0,0
2011-03-31,16,206845,82310,17,,17,17,0.2,0.1,0,0,999,22.3,,,,,,,,,,,,,,,,,,,0,0
2011-03-31,17,206845,82310,17,,17,17,0.2,0.1,0,0,999,22.3,,,,,,,,,,,,,,,,,,,0,0
2011-03-31,18,206845,82310,17,,17,17,0.2,0.1,0,0,999,22.3,,,,,,,,,,,,,,,,,,,0,0
2011-03-31,19,206845,82310,17,,17,17,0.2,0.1,0,0,999,22.3,,,,,,,,,,,,,,,,,,,0,0
2011-03-31,20,206845,82310,17,,17,17,0.2,0.1,0,0,999,22.3,,,,,,,,,,,,,,,,,,,0,0
2011-03-31,21,206845,82310,17,,17,17,0.2,0.1,0,0,999,22.3,,,,,,,,,,,,,,,,,,,0,0
2011-03-31,22,206845,82310,17,,17,17,0.2,0.1,0,0,999,22.3,,,,,,,,,,,,,,,,,,,0,0
2011-03-31,23,206845,82310,17,,17,17,0.2,0.1,0,0,999,22.3,,,,,,,,,,,,,,,,,,,0,0
2011-03-31,24,206845,82310,17,,17,17,0.2,0.1,0,0,999,22.3,,,,,,,,,,,,,,,,,,,0,0
2011-03-31,1,212494,44171,0,99999,0,0,3877.27,3877.27,3847.82,487,,,,,,,,,,,,,,,,,,,,,0,0
2011-03-31,2,212494,44171,0,99999,0,0,3877.27,3877.27,3847.82,487,,,,,,,,,,,,,,,,,,,,,0,0
2011-03-31,3,212494,44171,0,99999,0,0,3877.27,3877.27,3847.82,487,,,,,,,,,,,,,,,,,,,,,0,0
2011-03-31,4,212494,44171,0,99999,0,0,3877.27,3877.27,3847.82,487,,,,,,,,,,,,,,,,,,,,,0,0
2011-03-31,5,212494,44171,0,99999,0,0,3877.27,3877.27,3847.82,487,,,,,,,,,,,,,,,,,,,,,0,0
2011-03-31,6,212494,44171,0,99999,0,0,3877.27,3877.27,3847.82,487,,,,,,,,,,,,,,,,,,,,,0,0
2011-03-31,7,212494,44171,0,99999,0,0,3877.27,3877.27,3847.82,487,,,,,,,,,,,,,,,,,,,,,0,0
2011-03-31,8,212494,44171,0,99999,0,0,3877.27,3877.27,3847.82,487,,,,,,,,,,,,,,,,,,,,,0,0
2011-03-31,9,212494,44171,0,99999,0,0,3877.27,3877.27,3847.82,487,,,,,,,,,,,,,,,,,,,,,0,0
2011-03-31,10,212494,44171,0,99999,0,0,3877.27,3877.27,3847.82,487,,,,,,,,,,,,,,,,,,,,,0,0
2011-03-31,11,212494,44171,0,99999,0,0,3877.27,3877.27,3847.82,487,,,,,,,,,,,,,,,,,,,,,0,0
2011-03-31,12,212494,44171,0,99999,0,0,3877.27,3877.27,3847.82,487,,,,,,,,,,,,,,,,,,,,,0,0
2011-03-31,13,212494,44171,0,99999,0,0,3877.27,3877.27,3847.82,487,,,,,,,,,,,,,,,,,,,,,0,0
2011-03-31,14,212494,44171,0,99999,0,0,3877.27,3877.27,3847.82,487,,,,,,,,,,,,,,,,,,,,,0,0
2011-03-31,15,212494,44171,0,99999,0,0,3877.27,3877.27,3847.82,487,,,,,,,,,,,,,,,,,,,,,0,0
2011-03-31,16,212494,44171,0,99999,0,0,3877.27,3877.27,3847.82,487,,,,,,,,,,,,,,,,,,,,,0,0
2011-03-31,17,212494,44171,0,99999,0,0,3877.27,3877.27,3847.82,487,,,,,,,,,,,,,,,,,,,,,0,0
2011-03-31,18,212494,44171,0,99999,0,0,3877.27,3877.27,3847.82,487,,,,,,,,,,,,,,,,,,,,,0,0
2011-03-31,19,212494,44171,0,99999,0,0,3877.27,3877.27,3847.82,487,,,,,,,,,,,,,,,,,,,,,0,0
2011-03-31,20,212494,44171,0,99999,0,0,3877.27,3877.27,3847.82,487,,,,,,,,,,,,,,,,,,,,,0,0
2011-03-31,21,212494,44171,0,99999,0,0,3877.27,3877.27,3847.82,487,,,,,,,,,,,,,,,,,,,,,0,0
2011-03-31,22,212494,44171,0,99999,0,0,3877.27,3877.27,3847.82,487,,,,,,,,,,,,,,,,,,,,,0,0
2011-03-31,23,212494,44171,0,99999,0,0,3877.27,3877.27,3847.82,487,,,,,,,,,,,,,,,,,,,,,0,0
2011-03-31,24,212494,44171,0,99999,0,0,3877.27,3877.27,3847.82,487,,,,,,,,,,,,,,,,,,,,,0,0
2011-03-31,1,212494,55388,0,99999,0,0,3877.27,3877.27,3847.82,487,,,,,,,,,,,,,,,,,,,,,0,0
2011-03-31,2,212494,55388,0,99999,0,0,3877.27,3877.27,3847.82,487,,,,,,,,,,,,,,,,,,,,,0,0
2011-03-31,3,212494,55388,0,99999,0,0,3877.27,3877.27,3847.82,487,,,,,,,,,,,,,,,,,,,,,0,0
2011-03-31,4,212494,55388,0,99999,0,0,3877.27,3877.27,3847.82,487,,,,,,,,,,,,,,,,,,,,,0,0
2011-03-31,5,212494,55388,0,99999,0,0,3877.27,3877.27,3847.82,487,,,,,,,,,,,,,,,,,,,,,0,0
2011-03-31,6,212494,55388,0,99999,0,0,3877.27,3877.27,3847.82,487,,,,,,,,,,,,,,,,,,,,,0,0
2011-03-31,7,212494,55388,0,99999,0,0,3877.27,3877.27,3847.82,487,,,,,,,,,,,,,,,,,,,,,0,0
2011-03-31,8,212494,55388,0,99999,0,0,3877.27,3877.27,3847.82,487,,,,,,,,,,,,,,,,,,,,,0,0
2011-03-31,9,212494,55388,0,99999,0,0,3877.27,3877.27,3847.82,487,,,,,,,,,,,,,,,,,,,,,0,0
2011-03-31,10,212494,55388,0,99999,0,0,3877.27,3877.27,3847.82,487,,,,,,,,,,,,,,,,,,,,,0,0
2011-03-31,11,212494,55388,0,99999,0,0,3877.27,3877.27,3847.82,487,,,,,,,,,,,,,,,,,,,,,0,0
2011-03-31,12,212494,55388,0,99999,0,0,3877.27,3877.27,3847.82,487,,,,,,,,,,,,,,,,,,,,,0,0
2011-03-31,13,212494,55388,0,99999,0,0,3877.27,3877.27,3847.82,487,,,,,,,,,,,,,,,,,,,,,0,0
2011-03-31,14,212494,55388,0,99999,0,0,3877.27,3877.27,3847.82,487,,,,,,,,,,,,,,,,,,,,,0,0
2011-03-31,15,212494,55388,0,99999,0,0,3877.27,3877.27,3847.82,487,,,,,,,,,,,,,,,,,,,,,0,0
2011-03-31,16,212494,55388,0,99999,0,0,3877.27,3877.27,3847.82,487,,,,,,,,,,,,,,,,,,,,,0,0
2011-03-31,17,212494,55388,0,99999,0,0,3877.27,3877.27,3847.82,487,,,,,,,,,,,,,,,,,,,,,0,0
2011-03-31,18,212494,55388,0,99999,0,0,3877.27,3877.27,3847.82,487,,,,,,,,,,,,,,,,,,,,,0,0
2011-03-31,19,212494,55388,0,99999,0,0,3877.27,3877.27,3847.82,487,,,,,,,,,,,,,,,,,,,,,0,0
2011-03-31,20,212494,55388,0,99999,0,0,3877.27,3877.27,3847.82,487,,,,,,,,,,,,,,,,,,,,,0,0
2011-03-31,21,212494,55388,0,99999,0,0,3877.27,3877.27,3847.82,487,,,,,,,,,,,,,,,,,,,,,0,0
2011-03-31,22,212494,55388,0,99999,0,0,3877.27,3877.27,3847.82,487,,,,,,,,,,,,,,,,,,,,,0,0
2011-03-31,23,212494,55388,0,99999,0,0,3877.27,3877.27,3847.82,487,,,,,,,,,,,,,,,,,,,,,0,0
2011-03-31,24,212494,55388,0,99999,0,0,3877.27,3877.27,3847.82,487,,,,,,,,,,,,,,,,,,,,,0,0
2011-03-31,1,218387,17884,0,1112,46.3,41,0,0,0,7771.05,398,46.3,,,,,,,,,,,,,,,,,,,30,43.9
2011-03-31,2,218387,17884,0,1112,46.3,41,0,0,0,7771.05,398,46.3,,,,,,,,,,,,,,,,,,,30,43.9
2011-03-31,3,218387,17884,0,1112,46.3,41,0,0,0,7771.05,398,46.3,,,,,,,,,,,,,,,,,,,30,43.9
2011-03-31,4,218387,17884,0,1112,46.3,41,0,0,0,7771.05,398,46.3,,,,,,,,,,,,,,,,,,,30,43.9
2011-03-31,5,218387,17884,0,1112,46.3,41,0,0,0,7771.05,398,46.3,,,,,,,,,,,,,,,,,,,30,43.9
2011-03-31,6,218387,17884,0,1112,46.3,41,0,0,0,7771.05,398,46.3,,,,,,,,,,,,,,,,,,,30,43.9
2011-03-31,7,218387,17884,0,1112,46.3,41,0,0,0,7771.05,398,46.3,,,,,,,,,,,,,,,,,,,30,43.9
2011-03-31,8,218387,17884,0,1112,46.3,41,0,0,0,7771.05,398,46.3,,,,,,,,,,,,,,,,,,,30,43.9
2011-03-31,9,218387,17884,0,1112,46.3,41,0,0,0,7771.05,398,46.3,,,,,,,,,,,,,,,,,,,30,43.9
2011-03-31,10,218387,17884,0,1112,46.3,41,0,0,0,7771.05,398,46.3,,,,,,,,,,,,,,,,,,,30,43.9
2011-03-31,11,218387,17884,0,1112,46.3,41,0,0,0,7771.05,398,46.3,,,,,,,,,,,,,,,,,,,30,43.9
2011-03-31,12,218387,17884,0,1112,46.3,41,0,0,0,7771.05,398,46.3,,,,,,,,,,,,,,,,,,,30,43.9
2011-03-31,13,218387,17884,0,1112,46.3,41,0,0,0,7771.05,398,46.3,,,,,,,,,,,,,,,,,,,30,43.9
2011-03-31,14,218387,17884,0,1112,46.3,41,0,0,0,7771.05,398,46.3,,,,,,,,,,,,,,,,,,,30,43.9
2011-03-31,15,218387,17884,0,1112,46.3,41,0,0,0,7771.05,398,46.3,,,,,,,,,,,,,,,,,,,30,43.9
2011-03-31,16,218387,17884,0,1112,46.3,41,0,0,0,7771.05,398,46.3,,,,,,,,,,,,,,,,,,,30,43.9
2011-03-31,17,218387,17884,0,1112,46.3,41,0,0,0,7771.05,398,46.3,,,,,,,,,,,,,,,,,,,30,43.9
2011-03-31,18,218387,17884,0,1112,46.3,41,0,0,0,7771.05,398,46.3,,,,,,,,,,,,,,,,,,,30,43.9
2011-03-31,19,218387,17884,0,1112,46.3,41,0,0,0,7771.05,398,46.3,,,,,,,,,,,,,,,,,,,30,43.9
2011-03-31,20,218387,17884,0,1112,46.3,41,0,0,0,7771.05,398,46.3,,,,,,,,,,,,,,,,,,,30,43.9
2011-03-31,21,218387,17884,0,1112,46.3,41,0,0,0,7771.05,398,46.3,,,,,,,,,,,,,,,,,,,30,43.9
2011-03-31,22,218387,17884,0,1112,46.3,41,0,0,0,7771.05,398,46.3,,,,,,,,,,,,,,,,,,,30,43.9
2011-03-31,23,218387,17884,0,1112,46.3,41,0,0,0,7771.05,398,46.3,,,,,,,,,,,,,,,,,,,30,43.9
2011-03-31,24,218387,17884,0,1112,46.3,41,0,0,0,7771.05,398,46.3,,,,,,,,,,,,,,,,,,,30,43.9
2011-03-31,1,218387,21918,0,1150,47.9,41,0,0,0,7771.05,405,47.9,,,,,,,,,,,,,,,,,,,0,47.4
2011-03-31,2,218387,21918,0,1150,47.9,41,0,0,0,7771.05,405,47.9,,,,,,,,,,,,,,,,,,,0,47.4
2011-03-31,3,218387,21918,0,1150,47.9,41,0,0,0,7771.05,405,47.9,,,,,,,,,,,,,,,,,,,0,47.4
2011-03-31,4,218387,21918,0,1150,47.9,41,0,0,0,7771.05,405,47.9,,,,,,,,,,,,,,,,,,,0,47.4
2011-03-31,5,218387,21918,0,1150,47.9,41,0,0,0,7771.05,405,47.9,,,,,,,,,,,,,,,,,,,0,47.4
2011-03-31,6,218387,21918,0,1150,47.9,41,0,0,0,7771.05,405,47.9,,,,,,,,,,,,,,,,,,,0,47.4
2011-03-31,7,218387,21918,0,1150,47.9,41,0,0,0,7771.05,405,47.9,,,,,,,,,,,,,,,,,,,0,47.4
2011-03-31,8,218387,21918,0,1150,47.9,41,0,0,0,7771.05,405,47.9,,,,,,,,,,,,,,,,,,,0,47.4
2011-03-31,9,218387,21918,0,1150,47.9,41,0,0,0,7771.05,405,47.9,,,,,,,,,,,,,,,,,,,0,47.4
2011-03-31,10,218387,21918,0,1150,47.9,41,0,0,0,7771.05,405,47.9,,,,,,,,,,,,,,,,,,,0,47.4
2011-03-31,11,218387,21918,0,1150,47.9,41,0,0,0,7771.05,405,47.9,,,,,,,,,,,,,,,,,,,0,47.4
2011-03-31,12,218387,21918,0,1150,47.9,41,0,0,0,7771.05,405,47.9,,,,,,,,,,,,,,,,,,,0,47.4
2011-03-31,13,218387,21918,0,1150,47.9,41,0,0,0,7771.05,405,47.9,,,,,,,,,,,,,,,,,,,0,47.4
2011-03-31,14,218387,21918,0,1150,47.9,41,0,0,0,7771.05,405,47.9,,,,,,,,,,,,,,,,,,,0,47.4
2011-03-31,15,218387,21918,0,1150,47.9,41,0,0,0,7771.05,405,47.9,,,,,,,,,,,,,,,,,,,0,47.4
2011-03-31,16,218387,21918,0,1150,47.9,41,0,0,0,7771.05,405,47.9,,,,,,,,,,,,,,,,,,,0,47.4
2011-03-31,17,218387,21918,0,1150,47.9,41,0,0,0,7771.05,405,47.9,,,,,,,,,,,,,,,,,,,0,47.4
2011-03-31,18,218387,21918,0,1150,47.9,41,0,0,0,7771.05,405,47.9,,,,,,,,,,,,,,,,,,,0,47.4
2011-03-31,19,218387,21918,0,1150,47.9,41,0,0,0,7771.05,405,47.9,,,,,,,,,,,,,,,,,,,0,47.4
2011-03-31,20,218387,21918,0,1150,47.9,41,0,0,0,7771.05,405,47.9,,,,,,,,,,,,,,,,,,,0,47.4
2011-03-31,21,218387,21918,0,1150,47.9,41,0,0,0,7771.05,405,47.9,,,,,,,,,,,,,,,,,,,0,47.4
2011-03-31,22,218387,21918,0,1150,47.9,41,0,0,0,7771.05,405,47.9,,,,,,,,,,,,,,,,,,,0,47.4
2011-03-31,23,218387,21918,0,1150,47.9,41,0,0,0,7771.05,405,47.9,,,,,,,,,,,,,,,,,,,0,47.4
2011-03-31,24,218387,21918,0,1150,47.9,41,0,0,0,7771.05,405,47.9,,,,,,,,,,,,,,,,,,,0,47.4
2011-03-31,1,218387,82019,0,1149,47.8,41,0,0,0,7771.05,395,47.8,,,,,,,,,,,,,,,,,,,0,47.2
2011-03-31,2,218387,82019,0,1149,47.8,41,0,0,0,7771.05,395,47.8,,,,,,,,,,,,,,,,,,,0,47.2
2011-03-31,3,218387,82019,0,1149,47.8,41,0,0,0,7771.05,395,47.8,,,,,,,,,,,,,,,,,,,0,47.2
2011-03-31,4,218387,82019,0,1149,47.8,41,0,0,0,7771.05,395,47.8,,,,,,,,,,,,,,,,,,,0,47.2
2011-03-31,5,218387,82019,0,1149,47.8,41,0,0,0,7771.05,395,47.8,,,,,,,,,,,,,,,,,,,0,47.2
2011-03-31,6,218387,82019,0,1149,47.8,41,0,0,0,7771.05,395,47.8,,,,,,,,,,,,,,,,,,,0,47.2
2011-03-31,7,218387,82019,0,1149,47.8,41,0,0,0,7771.05,395,47.8,,,,,,,,,,,,,,,,,,,0,47.2
2011-03-31,8,218387,82019,0,1149,47.8,41,0,0,0,7771.05,395,47.8,,,,,,,,,,,,,,,,,,,0,47.2
2011-03-31,9,218387,82019,0,1149,47.8,41,0,0,0,7771.05,395,47.8,,,,,,,,,,,,,,,,,,,0,47.2
2011-03-31,10,218387,82019,0,1149,47.8,41,0,0,0,7771.05,395,47.8,,,,,,,,,,,,,,,,,,,0,47.2
2011-03-31,11,218387,82019,0,1149,47.8,41,0,0,0,7771.05,395,47.8,,,,,,,,,,,,,,,,,,,0,47.2
2011-03-31,12,218387,82019,0,1149,47.8,41,0,0,0,7771.05,395,47.8,,,,,,,,,,,,,,,,,,,0,47.2
2011-03-31,13,218387,82019,0,1149,47.8,41,0,0,0,7771.05,395,47.8,,,,,,,,,,,,,,,,,,,0,47.2
2011-03-31,14,218387,82019,0,1149,47.8,41,0,0,0,7771.05,395,47.8,,,,,,,,,,,,,,,,,,,0,47.2
2011-03-31,15,218387,82019,0,1149,47.8,41,0,0,0,7771.05,395,47.8,,,,,,,,,,,,,,,,,,,0,47.2
2011-03-31,16,218387,82019,0,1149,47.8,41,0,0,0,7771.05,395,47.8,,,,,,,,,,,,,,,,,,,0,47.2
2011-03-31,17,218387,82019,0,1149,47.8,41,0,0,0,7771.05,395,47.8,,,,,,,,,,,,,,,,,,,0,47.2
2011-03-31,18,218387,82019,0,1149,47.8,41,0,0,0,7771.05,395,47.8,,,,,,,,,,,,,,,,,,,0,47.2
2011-03-31,19,218387,82019,0,1149,47.8,41,0,0,0,7771.05,395,47.8,,,,,,,,,,,,,,,,,,,0,47.2
2011-03-31,20,218387,82019,0,1149,47.8,41,0,0,0,7771.05,395,47.8,,,,,,,,,,,,,,,,,,,0,47.2
2011-03-31,21,218387,82019,0,1149,47.8,41,0,0,0,7771.05,395,47.8,,,,,,,,,,,,,,,,,,,0,47.2
2011-03-31,22,218387,82019,0,1149,47.8,41,0,0,0,7771.05,395,47.8,,,,,,,,,,,,,,,,,,,0,47.2
2011-03-31,23,218387,82019,0,1149,47.8,41,0,0,0,7771.05,395,47.8,,,,,,,,,,,,,,,,,,,0,47.2
2011-03-31,24,218387,82019,0,1149,47.8,41,0,0,0,7771.05,395,47.8,,,,,,,,,,,,,,,,,,,0,47.2
2011-03-31,1,218387,86608,0,1126,46.9,41,0,0,0,7771.05,401,46.9,,,,,,,,,,,,,,,,,,,30,45.6
2011-03-31,2,218387,86608,0,1126,46.9,41,0,0,0,7771.05,401,46.9,,,,,,,,,,,,,,,,,,,30,45.6
2011-03-31,3,218387,86608,0,1126,46.9,41,0,0,0,7771.05,401,46.9,,,,,,,,,,,,,,,,,,,30,45.6
2011-03-31,4,218387,86608,0,1126,46.9,41,0,0,0,7771.05,401,46.9,,,,,,,,,,,,,,,,,,,30,45.6
2011-03-31,5,218387,86608,0,1126,46.9,41,0,0,0,7771.05,401,46.9,,,,,,,,,,,,,,,,,,,30,45.6
2011-03-31,6,218387,86608,0,1126,46.9,41,0,0,0,7771.05,401,46.9,,,,,,,,,,,,,,,,,,,30,45.6
2011-03-31,7,218387,86608,0,1126,46.9,41,0,0,0,7771.05,401,46.9,,,,,,,,,,,,,,,,,,,30,45.6
2011-03-31,8,218387,86608,0,1126,46.9,41,0,0,0,7771.05,401,46.9,,,,,,,,,,,,,,,,,,,30,45.6
2011-03-31,9,218387,86608,0,1126,46.9,41,0,0,0,7771.05,401,46.9,,,,,,,,,,,,,,,,,,,30,45.6
2011-03-31,10,218387,86608,0,1126,46.9,41,0,0,0,7771.05,401,46.9,,,,,,,,,,,,,,,,,,,30,45.6
2011-03-31,11,218387,86608,0,1126,46.9,41,0,0,0,7771.05,401,46.9,,,,,,,,,,,,,,,,,,,30,45.6
2011-03-31,12,218387,86608,0,1126,46.9,41,0,0,0,7771.05,401,46.9,,,,,,,,,,,,,,,,,,,30,45.6
2011-03-31,13,218387,86608,0,1126,46.9,41,0,0,0,7771.05,401,46.9,,,,,,,,,,,,,,,,,,,30,45.6
2011-03-31,14,218387,86608,0,1126,46.9,41,0,0,0,7771.05,401,46.9,,,,,,,,,,,,,,,,,,,30,45.6
2011-03-31,15,218387,86608,0,1126,46.9,41,0,0,0,7771.05,401,46.9,,,,,,,,,,,,,,,,,,,30,45.6
2011-03-31,16,218387,86608,0,1126,46.9,41,0,0,0,7771.05,401,46.9,,,,,,,,,,,,,,,,,,,30,45.6
2011-03-31,17,218387,86608,0,1126,46.9,41,0,0,0,7771.05,401,46.9,,,,,,,,,,,,,,,,,,,30,45.6
2011-03-31,18,218387,86608,0,1126,46.9,41,0,0,0,7771.05,401,46.9,,,,,,,,,,,,,,,,,,,30,45.6
2011-03-31,19,218387,86608,0,1126,46.9,41,0,0,0,7771.05,401,46.9,,,,,,,,,,,,,,,,,,,30,45.6
2011-03-31,20,218387,86608,0,1126,46.9,41,0,0,0,7771.05,401,46.9,,,,,,,,,,,,,,,,,,,30,45.6
2011-03-31,21,218387,86608,0,1126,46.9,41,0,0,0,7771.05,401,46.9,,,,,,,,,,,,,,,,,,,30,45.6
2011-03-31,22,218387,86608,0,1126,46.9,41,0,0,0,7771.05,401,46.9,,,,,,,,,,,,,,,,,,,30,45.6
2011-03-31,23,218387,86608,0,1126,46.9,41,0,0,0,7771.05,401,46.9,,,,,,,,,,,,,,,,,,,30,45.6
2011-03-31,24,218387,86608,0,1126,46.9,41,0,0,0,7771.05,401,46.9,,,,,,,,,,,,,,,,,,,30,45.6
2011-03-31,1,219842,61580,625,,625,625,0,0,0,0,0,619,,,,,,,,,,,,,,,,,,,0,0
2011-03-31,2,219842,61580,625,,625,625,0,0,0,0,0,619,,,,,,,,,,,,,,,,,,,0,0
2011-03-31,3,219842,61580,625,,625,625,0,0,0,0,0,619,,,,,,,,,,,,,,,,,,,0,0
2011-03-31,4,219842,61580,625,,625,625,0,0,0,0,0,619,,,,,,,,,,,,,,,,,,,0,0
2011-03-31,5,219842,61580,625,,625,625,0,0,0,0,0,619,,,,,,,,,,,,,,,,,,,0,0
2011-03-31,6,219842,61580,625,,625,625,0,0,0,0,0,619,,,,,,,,,,,,,,,,,,,0,0
2011-03-31,7,219842,61580,625,,625,625,0,0,0,0,0,619,,,,,,,,,,,,,,,,,,,0,0
2011-03-31,8,219842,61580,625,,625,625,0,0,0,0,0,619,,,,,,,,,,,,,,,,,,,0,0
2011-03-31,9,219842,61580,625,,625,625,0,0,0,0,0,619,,,,,,,,,,,,,,,,,,,0,0
2011-03-31,10,219842,61580,625,,625,625,0,0,0,0,0,619,,,,,,,,,,,,,,,,,,,0,0
2011-03-31,11,219842,61580,625,,625,625,0,0,0,0,0,619,,,,,,,,,,,,,,,,,,,0,0
2011-03-31,12,219842,61580,625,,625,625,0,0,0,0,0,619,,,,,,,,,,,,,,,,,,,0,0
2011-03-31,13,219842,61580,625,,625,625,0,0,0,0,0,619,,,,,,,,,,,,,,,,,,,0,0
2011-03-31,14,219842,61580,625,,625,625,0,0,0,0,0,619,,,,,,,,,,,,,,,,,,,0,0
2011-03-31,15,219842,61580,625,,625,625,0,0,0,0,0,619,,,,,,,,,,,,,,,,,,,0,0
2011-03-31,16,219842,61580,625,,625,625,0,0,0,0,0,619,,,,,,,,,,,,,,,,,,,0,0
2011-03-31,17,219842,61580,625,,625,625,0,0,0,0,0,619,,,,,,,,,,,,,,,,,,,0,0
2011-03-31,18,219842,61580,625,,625,625,0,0,0,0,0,619,,,,,,,,,,,,,,,,,,,0,0
2011-03-31,19,219842,61580,625,,625,625,0,0,0,0,0,619,,,,,,,,,,,,,,,,,,,0,0
2011-03-31,20,219842,61580,625,,625,625,0,0,0,0,0,619,,,,,,,,,,,,,,,,,,,0,0
2011-03-31,21,219842,61580,625,,625,625,0,0,0,0,0,619,,,,,,,,,,,,,,,,,,,0,0
2011-03-31,22,219842,61580,625,,625,625,0,0,0,0,0,619,,,,,,,,,,,,,,,,,,,0,0
2011-03-31,23,219842,61580,625,,625,625,0,0,0,0,0,619,,,,,,,,,,,,,,,,,,,0,0
2011-03-31,24,219842,61580,625,,625,625,0,0,0,0,0,619,,,,,,,,,,,,,,,,,,,0,0
2011-03-31,1,219842,91063,607,,607,607,0,0,0,0,0,680,,,,,,,,,,,,,,,,,,,0,0
2011-03-31,2,219842,91063,607,,607,607,0,0,0,0,0,680,,,,,,,,,,,,,,,,,,,0,0
2011-03-31,3,219842,91063,607,,607,607,0,0,0,0,0,680,,,,,,,,,,,,,,,,,,,0,0
2011-03-31,4,219842,91063,607,,607,607,0,0,0,0,0,680,,,,,,,,,,,,,,,,,,,0,0
2011-03-31,5,219842,91063,607,,607,607,0,0,0,0,0,680,,,,,,,,,,,,,,,,,,,0,0
2011-03-31,6,219842,91063,607,,607,607,0,0,0,0,0,680,,,,,,,,,,,,,,,,,,,0,0
2011-03-31,7,219842,91063,607,,607,607,0,0,0,0,0,680,,,,,,,,,,,,,,,,,,,0,0
2011-03-31,8,219842,91063,607,,607,607,0,0,0,0,0,680,,,,,,,,,,,,,,,,,,,0,0
2011-03-31,9,219842,91063,607,,607,607,0,0,0,0,0,680,,,,,,,,,,,,,,,,,,,0,0
2011-03-31,10,219842,91063,607,,607,607,0,0,0,0,0,680,,,,,,,,,,,,,,,,,,,0,0
2011-03-31,11,219842,91063,607,,607,607,0,0,0,0,0,680,,,,,,,,,,,,,,,,,,,0,0
2011-03-31,12,219842,91063,607,,607,607,0,0,0,0,0,680,,,,,,,,,,,,,,,,,,,0,0
2011-03-31,13,219842,91063,607,,607,607,0,0,0,0,0,680,,,,,,,,,,,,,,,,,,,0,0
2011-03-31,14,219842,91063,607,,607,607,0,0,0,0,0,680,,,,,,,,,,,,,,,,,,,0,0
2011-03-31,15,219842,91063,607,,607,607,0,0,0,0,0,680,,,,,,,,,,,,,,,,,,,0,0
2011-03-31,16,219842,91063,607,,607,607,0,0,0,0,0,680,,,,,,,,,,,,,,,,,,,0,0
2011-03-31,17,219842,91063,607,,607,607,0,0,0,0,0,680,,,,,,,,,,,,,,,,,,,0,0
2011-03-31,18,219842,91063,607,,607,607,0,0,0,0,0,680,,,,,,,,,,,,,,,,,,,0,0
2011-03-31,19,219842,91063,607,,607,607,0,0,0,0,0,680,,,,,,,,,,,,,,,,,,,0,0
2011-03-31,20,219842,91063,607,,607,607,0,0,0,0,0,680,,,,,,,,,,,,,,,,,,,0,0
2011-03-31,21,219842,91063,607,,607,607,0,0,0,0,0,680,,,,,,,,,,,,,,,,,,,0,0
2011-03-31,22,219842,91063,607,,607,607,0,0,0,0,0,680,,,,,,,,,,,,,,,,,,,0,0
2011-03-31,23,219842,91063,607,,607,607,0,0,0,0,0,680,,,,,,,,,,,,,,,,,,,0,0
2011-03-31,24,219842,91063,607,,607,607,0,0,0,0,0,680,,,,,,,,,,,,,,,,,,,0,0
2011-03-31,1,261730,31604,11,,11,11,0,0,0,0,120,16,,,,,,,,,,,,,,,,,,,0,0
2011-03-31,2,261730,31604,11,,11,11,0,0,0,0,120,16,,,,,,,,,,,,,,,,,,,0,0
2011-03-31,3,261730,31604,11,,11,11,0,0,0,0,120,16,,,,,,,,,,,,,,,,,,,0,0
2011-03-31,4,261730,31604,11,,11,11,0,0,0,0,120,16,,,,,,,,,,,,,,,,,,,0,0
2011-03-31,5,261730,31604,11,,11,11,0,0,0,0,120,16,,,,,,,,,,,,,,,,,,,0,0
2011-03-31,6,261730,31604,11,,11,11,0,0,0,0,120,16,,,,,,,,,,,,,,,,,,,0,0
2011-03-31,7,261730,31604,11,,11,11,0,0,0,0,120,16,,,,,,,,,,,,,,,,,,,0,0
2011-03-31,8,261730,31604,14,,13.5,13.5,0,0,0,0,120,16,,,,,,,,,,,,,,,,,,,0,0
2011-03-31,9,261730,31604,14,,13.5,13.5,0,0,0,0,120,16,,,,,,,,,,,,,,,,,,,0,0
2011-03-31,10,261730,31604,14,,13.5,13.5,0,0,0,0,120,16,,,,,,,,,,,,,,,,,,,0,0
2011-03-31,11,261730,31604,14,,13.5,13.5,0,0,0,0,120,16,,,,,,,,,,,,,,,,,,,0,0
2011-03-31,12,261730,31604,14,,13.5,13.5,0,0,0,0,120,16,,,,,,,,,,,,,,,,,,,0,0
2011-03-31,13,261730,31604,14,,13.5,13.5,0,0,0,0,120,16,,,,,,,,,,,,,,,,,,,0,0
2011-03-31,14,261730,31604,14,,13.5,13.5,0,0,0,0,120,16,,,,,,,,,,,,,,,,,,,0,0
2011-03-31,15,261730,31604,14,,13.5,13.5,0,0,0,0,120,16,,,,,,,,,,,,,,,,,,,0,0
2011-03-31,16,261730,31604,14,,13.5,13.5,0,0,0,0,120,16,,,,,,,,,,,,,,,,,,,0,0
2011-03-31,17,261730,31604,14,,13.5,13.5,0,0,0,0,120,16,,,,,,,,,,,,,,,,,,,0,0
2011-03-31,18,261730,31604,14,,13.5,13.5,0,0,0,0,120,16,,,,,,,,,,,,,,,,,,,0,0
2011-03-31,19,261730,31604,14,,13.5,13.5,0,0,0,0,120,16,,,,,,,,,,,,,,,,,,,0,0
2011-03-31,20,261730,31604,14,,13.5,13.5,0,0,0,0,120,16,,,,,,,,,,,,,,,,,,,0,0
2011-03-31,21,261730,31604,14,,13.5,13.5,0,0,0,0,120,16,,,,,,,,,,,,,,,,,,,0,0
2011-03-31,22,261730,31604,11,,11,11,0,0,0,0,120,16,,,,,,,,,,,,,,,,,,,0,0
2011-03-31,23,261730,31604,11,,11,11,0,0,0,0,120,16,,,,,,,,,,,,,,,,,,,0,0
2011-03-31,24,261730,31604,11,,11,11,0,0,0,0,120,16,,,,,,,,,,,,,,,,,,,0,0
2011-03-31,1,261730,45270,0,,12.8,12.8,0,0,0,0,309,12.8,,,,,,,,,,,,,,,,,,,12.8,12.8
2011-03-31,2,261730,45270,0,,12.8,12.8,0,0,0,0,309,12.8,,,,,,,,,,,,,,,,,,,12.8,12.8
2011-03-31,3,261730,45270,0,,12.8,12.8,0,0,0,0,309,12.8,,,,,,,,,,,,,,,,,,,12.8,12.8
2011-03-31,4,261730,45270,0,,12.8,12.8,0,0,0,0,309,12.8,,,,,,,,,,,,,,,,,,,12.8,12.8
2011-03-31,5,261730,45270,0,,12.8,12.8,0,0,0,0,309,12.8,,,,,,,,,,,,,,,,,,,12.8,12.8
2011-03-31,6,261730,45270,0,,12.8,12.8,0,0,0,0,309,12.8,,,,,,,,,,,,,,,,,,,12.8,12.8
2011-03-31,7,261730,45270,0,,12.8,12.8,0,0,0,0,309,12.8,,,,,,,,,,,,,,,,,,,12.8,12.8
2011-03-31,8,261730,45270,0,,12.8,12.8,0,0,0,0,309,12.8,,,,,,,,,,,,,,,,,,,12.8,12.8
2011-03-31,9,261730,45270,0,,12.8,12.8,0,0,0,0,309,12.8,,,,,,,,,,,,,,,,,,,12.8,12.8
2011-03-31,10,261730,45270,0,,12.8,12.8,0,0,0,0,309,12.8,,,,,,,,,,,,,,,,,,,12.8,12.8
2011-03-31,11,261730,45270,0,,12.8,12.8,0,0,0,0,309,12.8,,,,,,,,,,,,,,,,,,,12.8,12.8
2011-03-31,12,261730,45270,0,,12.8,12.8,0,0,0,0,309,12.8,,,,,,,,,,,,,,,,,,,12.8,12.8
2011-03-31,13,261730,45270,0,,12.8,12.8,0,0,0,0,309,12.8,,,,,,,,,,,,,,,,,,,12.8,12.8
2011-03-31,14,261730,45270,0,,12.8,12.8,0,0,0,0,309,12.8,,,,,,,,,,,,,,,,,,,12.8,12.8
2011-03-31,15,261730,45270,0,,12.8,12.8,0,0,0,0,309,12.8,,,,,,,,,,,,,,,,,,,12.8,12.8
2011-03-31,16,261730,45270,0,,12.8,12.8,0,0,0,0,309,12.8,,,,,,,,,,,,,,,,,,,12.8,12.8
2011-03-31,17,261730,45270,0,,12.8,12.8,0,0,0,0,309,12.8,,,,,,,,,,,,,,,,,,,12.8,12.8
2011-03-31,18,261730,45270,0,,12.8,12.8,0,0,0,0,309,12.8,,,,,,,,,,,,,,,,,,,12.8,12.8
2011-03-31,19,261730,45270,0,,12.8,12.8,0,0,0,0,309,12.8,,,,,,,,,,,,,,,,,,,12.8,12.8
2011-03-31,20,261730,45270,0,,12.8,12.8,0,0,0,0,309,12.8,,,,,,,,,,,,,,,,,,,12.8,12.8
2011-03-31,21,261730,45270,0,,12.8,12.8,0,0,0,0,309,12.8,,,,,,,,,,,,,,,,,,,12.8,12.8
2011-03-31,22,261730,45270,0,,12.8,12.8,0,0,0,0,309,12.8,,,,,,,,,,,,,,,,,,,12.8,12.8
2011-03-31,23,261730,45270,0,,12.8,12.8,0,0,0,0,309,12.8,,,,,,,,,,,,,,,,,,,12.8,12.8
2011-03-31,24,261730,45270,0,,12.8,12.8,0,0,0,0,309,12.8,,,,,,,,,,,,,,,,,,,12.8,12.8
2011-03-31,1,261730,59141,3,,3,3,0,0,0,0,120,6,,,,,,,,,,,,,,,,,,,0,0
2011-03-31,2,261730,59141,3,,3,3,0,0,0,0,120,6,,,,,,,,,,,,,,,,,,,0,0
2011-03-31,3,261730,59141,3,,3,3,0,0,0,0,120,6,,,,,,,,,,,,,,,,,,,0,0
2011-03-31,4,261730,59141,3,,3,3,0,0,0,0,120,6,,,,,,,,,,,,,,,,,,,0,0
2011-03-31,5,261730,59141,3,,3,3,0,0,0,0,120,6,,,,,,,,,,,,,,,,,,,0,0
2011-03-31,6,261730,59141,3,,3,3,0,0,0,0,120,6,,,,,,,,,,,,,,,,,,,0,0
2011-03-31,7,261730,59141,3,,3,3,0,0,0,0,120,6,,,,,,,,,,,,,,,,,,,0,0
2011-03-31,8,261730,59141,5,,5,5,0,0,0,0,120,6,,,,,,,,,,,,,,,,,,,0,0
2011-03-31,9,261730,59141,5,,5,5,0,0,0,0,120,6,,,,,,,,,,,,,,,,,,,0,0
2011-03-31,10,261730,59141,5,,5,5,0,0,0,0,120,6,,,,,,,,,,,,,,,,,,,0,0
2011-03-31,11,261730,59141,5,,5,5,0,0,0,0,120,6,,,,,,,,,,,,,,,,,,,0,0
2011-03-31,12,261730,59141,5,,5,5,0,0,0,0,120,6,,,,,,,,,,,,,,,,,,,0,0
2011-03-31,13,261730,59141,5,,5,5,0,0,0,0,120,6,,,,,,,,,,,,,,,,,,,0,0
2011-03-31,14,261730,59141,5,,5,5,0,0,0,0,120,6,,,,,,,,,,,,,,,,,,,0,0
2011-03-31,15,261730,59141,5,,5,5,0,0,0,0,120,6,,,,,,,,,,,,,,,,,,,0,0
2011-03-31,16,261730,59141,5,,5,5,0,0,0,0,120,6,,,,,,,,,,,,,,,,,,,0,0
2011-03-31,17,261730,59141,5,,5,5,0,0,0,0,120,6,,,,,,,,,,,,,,,,,,,0,0
2011-03-31,18,261730,59141,5,,5,5,0,0,0,0,120,6,,,,,,,,,,,,,,,,,,,0,0
2011-03-31,19,261730,59141,5,,5,5,0,0,0,0,120,6,,,,,,,,,,,,,,,,,,,0,0
2011-03-31,20,261730,59141,5,,5,5,0,0,0,0,120,6,,,,,,,,,,,,,,,,,,,0,0
2011-03-31,21,261730,59141,5,,5,5,0,0,0,0,120,6,,,,,,,,,,,,,,,,,,,0,0
2011-03-31,22,261730,59141,5,,5,5,0,0,0,0,120,6,,,,,,,,,,,,,,,,,,,0,0
2011-03-31,23,261730,59141,3,,3,3,0,0,0,0,120,6,,,,,,,,,,,,,,,,,,,0,0
2011-03-31,24,261730,59141,3,,3,3,0,0,0,0,120,6,,,,,,,,,,,,,,,,,,,0,0
2011-03-31,1,261730,62660,1,,1,1,0,0,0,0,120,2,,,,,,,,,,,,,,,,,,,0,0
2011-03-31,2,261730,62660,1,,1,1,0,0,0,0,120,2,,,,,,,,,,,,,,,,,,,0,0
2011-03-31,3,261730,62660,1,,1,1,0,0,0,0,120,2,,,,,,,,,,,,,,,,,,,0,0
2011-03-31,4,261730,62660,1,,1,1,0,0,0,0,120,2,,,,,,,,,,,,,,,,,,,0,0
2011-03-31,5,261730,62660,1,,1,1,0,0,0,0,120,2,,,,,,,,,,,,,,,,,,,0,0
2011-03-31,6,261730,62660,1,,1,1,0,0,0,0,120,2,,,,,,,,,,,,,,,,,,,0,0
2011-03-31,7,261730,62660,1,,1,1,0,0,0,0,120,2,,,,,,,,,,,,,,,,,,,0,0
2011-03-31,8,261730,62660,3,,3.3,3.3,0,0,0,0,120,2,,,,,,,,,,,,,,,,,,,0,0
2011-03-31,9,261730,62660,3,,3.3,3.3,0,0,0,0,120,2,,,,,,,,,,,,,,,,,,,0,0
2011-03-31,10,261730,62660,3,,3.3,3.3,0,0,0,0,120,2,,,,,,,,,,,,,,,,,,,0,0
2011-03-31,11,261730,62660,3,,3.3,3.3,0,0,0,0,120,2,,,,,,,,,,,,,,,,,,,0,0
2011-03-31,12,261730,62660,3,,3.3,3.3,0,0,0,0,120,2,,,,,,,,,,,,,,,,,,,0,0
2011-03-31,13,261730,62660,3,,3.3,3.3,0,0,0,0,120,2,,,,,,,,,,,,,,,,,,,0,0
2011-03-31,14,261730,62660,3,,3.3,3.3,0,0,0,0,120,2,,,,,,,,,,,,,,,,,,,0,0
2011-03-31,15,261730,62660,3,,3.3,3.3,0,0,0,0,120,2,,,,,,,,,,,,,,,,,,,0,0
2011-03-31,16,261730,62660,3,,3.3,3.3,0,0,0,0,120,2,,,,,,,,,,,,,,,,,,,0,0
2011-03-31,17,261730,62660,3,,3.3,3.3,0,0,0,0,120,2,,,,,,,,,,,,,,,,,,,0,0
2011-03-31,18,261730,62660,3,,3.3,3.3,0,0,0,0,120,2,,,,,,,,,,,,,,,,,,,0,0
2011-03-31,19,261730,62660,3,,3.3,3.3,0,0,0,0,120,2,,,,,,,,,,,,,,,,,,,0,0
2011-03-31,20,261730,62660,3,,3.3,3.3,0,0,0,0,120,2,,,,,,,,,,,,,,,,,,,0,0
2011-03-31,21,261730,62660,3,,3.3,3.3,0,0,0,0,120,2,,,,,,,,,,,,,,,,,,,0,0
2011-03-31,22,261730,62660,1,,1,1,0,0,0,0,120,2,,,,,,,,,,,,,,,,,,,0,0
2011-03-31,23,261730,62660,1,,1,1,0,0,0,0,120,2,,,,,,,,,,,,,,,,,,,0,0
2011-03-31,24,261730,62660,1,,1,1,0,0,0,0,120,2,,,,,,,,,,,,,,,,,,,0,0
2011-03-31,1,261730,80971,0,,0,0,0,0,0,0,309,13.4,,,,,,,,,,,,,,,,,,,13.4,13.4
2011-03-31,2,261730,80971,0,,0,0,0,0,0,0,309,13.4,,,,,,,,,,,,,,,,,,,13.4,13.4
2011-03-31,3,261730,80971,0,,0,0,0,0,0,0,309,13.4,,,,,,,,,,,,,,,,,,,13.4,13.4
2011-03-31,4,261730,80971,0,,0,0,0,0,0,0,309,13.4,,,,,,,,,,,,,,,,,,,13.4,13.4
2011-03-31,5,261730,80971,0,,0,0,0,0,0,0,309,13.4,,,,,,,,,,,,,,,,,,,13.4,13.4
2011-03-31,6,261730,80971,0,,0,0,0,0,0,0,309,13.4,,,,,,,,,,,,,,,,,,,13.4,13.4
2011-03-31,7,261730,80971,0,,0,0,0,0,0,0,309,13.4,,,,,,,,,,,,,,,,,,,13.4,13.4
2011-03-31,8,261730,80971,0,,0,0,0,0,0,0,309,13.4,,,,,,,,,,,,,,,,,,,13.4,13.4
2011-03-31,9,261730,80971,0,,0,0,0,0,0,0,309,13.4,,,,,,,,,,,,,,,,,,,13.4,13.4
2011-03-31,10,261730,80971,0,,0,0,0,0,0,0,309,13.4,,,,,,,,,,,,,,,,,,,13.4,13.4
2011-03-31,11,261730,80971,0,,0,0,0,0,0,0,309,13.4,,,,,,,,,,,,,,,,,,,13.4,13.4
2011-03-31,12,261730,80971,0,,0,0,0,0,0,0,309,13.4,,,,,,,,,,,,,,,,,,,13.4,13.4
2011-03-31,13,261730,80971,0,,0,0,0,0,0,0,309,13.4,,,,,,,,,,,,,,,,,,,13.4,13.4
2011-03-31,14,261730,80971,0,,0,0,0,0,0,0,309,13.4,,,,,,,,,,,,,,,,,,,13.4,13.4
2011-03-31,15,261730,80971,0,,0,0,0,0,0,0,309,13.4,,,,,,,,,,,,,,,,,,,13.4,13.4
2011-03-31,16,261730,80971,0,,0,0,0,0,0,0,309,13.4,,,,,,,,,,,,,,,,,,,13.4,13.4
2011-03-31,17,261730,80971,0,,0,0,0,0,0,0,309,13.4,,,,,,,,,,,,,,,,,,,13.4,13.4
2011-03-31,18,261730,80971,0,,0,0,0,0,0,0,309,13.4,,,,,,,,,,,,,,,,,,,13.4,13.4
2011-03-31,19,261730,80971,0,,0,0,0,0,0,0,309,13.4,,,,,,,,,,,,,,,,,,,13.4,13.4
2011-03-31,20,261730,80971,0,,0,0,0,0,0,0,309,13.4,,,,,,,,,,,,,,,,,,,13.4,13.4
2011-03-31,21,261730,80971,0,,0,0,0,0,0,0,309,13.4,,,,,,,,,,,,,,,,,,,13.4,13.4
2011-03-31,22,261730,80971,0,,0,0,0,0,0,0,309,13.4,,,,,,,,,,,,,,,,,,,13.4,13.4
2011-03-31,23,261730,80971,0,,0,0,0,0,0,0,309,13.4,,,,,,,,,,,,,,,,,,,13.4,13.4
2011-03-31,24,261730,80971,0,,0,0,0,0,0,0,309,13.4,,,,,,,,,,,,,,,,,,,13.4,13.4
2011-03-31,1,267937,27247,13,,13,13,0,0,0,0,1,15,,,,,,,,,,,,,,,,,,,0,0
2011-03-31,2,267937,27247,13,,13,13,0,0,0,0,1,15,,,,,,,,,,,,,,,,,,,0,0
2011-03-31,3,267937,27247,13,,13,13,0,0,0,0,1,15,,,,,,,,,,,,,,,,,,,0,0
2011-03-31,4,267937,27247,13,,13,13,0,0,0,0,1,15,,,,,,,,,,,,,,,,,,,0,0
2011-03-31,5,267937,27247,13,,13,13,0,0,0,0,1,15,,,,,,,,,,,,,,,,,,,0,0
2011-03-31,6,267937,27247,13,,13,13,0,0,0,0,1,15,,,,,,,,,,,,,,,,,,,0,0
2011-03-31,7,267937,27247,13,,13,13,0,0,0,0,1,15,,,,,,,,,,,,,,,,,,,0,0
2011-03-31,8,267937,27247,13,,13,13,0,0,0,0,1,15,,,,,,,,,,,,,,,,,,,0,0
2011-03-31,9,267937,27247,13,,13,13,0,0,0,0,1,15,,,,,,,,,,,,,,,,,,,0,0
2011-03-31,10,267937,27247,13,,13,13,0,0,0,0,1,15,,,,,,,,,,,,,,,,,,,0,0
2011-03-31,11,267937,27247,13,,13,13,0,0,0,0,1,15,,,,,,,,,,,,,,,,,,,0,0
2011-03-31,12,267937,27247,13,,13,13,0,0,0,0,1,15,,,,,,,,,,,,,,,,,,,0,0
2011-03-31,13,267937,27247,13,,13,13,0,0,0,0,1,15,,,,,,,,,,,,,,,,,,,0,0
2011-03-31,14,267937,27247,13,,13,13,0,0,0,0,1,15,,,,,,,,,,,,,,,,,,,0,0
2011-03-31,15,267937,27247,13,,13,13,0,0,0,0,1,15,,,,,,,,,,,,,,,,,,,0,0
2011-03-31,16,267937,27247,13,,13,13,0,0,0,0,1,15,,,,,,,,,,,,,,,,,,,0,0
2011-03-31,17,267937,27247,13,,13,13,0,0,0,0,1,15,,,,,,,,,,,,,,,,,,,0,0
2011-03-31,18,267937,27247,13,,13,13,0,0,0,0,1,15,,,,,,,,,,,,,,,,,,,0,0
2011-03-31,19,267937,27247,13,,13,13,0,0,0,0,1,15,,,,,,,,,,,,,,,,,,,0,0
2011-03-31,20,267937,27247,13,,13,13,0,0,0,0,1,15,,,,,,,,,,,,,,,,,,,0,0
2011-03-31,21,267937,27247,13,,13,13,0,0,0,0,1,15,,,,,,,,,,,,,,,,,,,0,0
2011-03-31,22,267937,27247,13,,13,13,0,0,0,0,1,15,,,,,,,,,,,,,,,,,,,0,0
2011-03-31,23,267937,27247,13,,13,13,0,0,0,0,1,15,,,,,,,,,,,,,,,,,,,0,0
2011-03-31,24,267937,27247,13,,13,13,0,0,0,0,1,15,,,,,,,,,,,,,,,,,,,0,0
2011-03-31,1,270096,13547,0,18432,361,198,0,0,0,0,24,190,25,9,31,1,31.25,50,31.5,50,31.75,46,32,1,32.5,16,,,,,0,0
2011-03-31,2,270096,13547,0,18432,361,198,0,0,0,0,24,190,25,9,31,1,31.25,50,31.5,50,31.75,46,32,1,32.5,16,,,,,0,0
2011-03-31,3,270096,13547,0,18432,362,199,0,0,0,0,24,190,25,9,31,1,31.25,50,31.5,50,31.75,46,32,1,32.5,16,,,,,0,0
2011-03-31,4,270096,13547,0,18432,363,199,0,0,0,0,24,190,25,9,31,1,31.25,50,31.5,50,31.75,46,32,1,32.5,16,,,,,0,0
2011-03-31,5,270096,13547,0,18432,363,199,0,0,0,0,24,190,25,9,31,1,31.25,50,31.5,50,31.75,46,32,1,32.5,16,,,,,0,0
2011-03-31,6,270096,13547,0,18432,362,199,0,0,0,0,24,190,25,9,31,1,31.25,50,31.5,50,31.75,46,32,1,32.5,16,,,,,0,0
2011-03-31,7,270096,13547,0,18432,361,199,0,0,0,0,24,190,25,9,31,1,31.25,50,31.5,50,31.75,46,32,1,32.5,16,,,,,0,0
2011-03-31,8,270096,13547,0,18432,360,198,0,0,0,0,24,190,25,9,31,1,31.25,50,31.5,50,31.75,46,32,1,32.5,16,,,,,0,0
2011-03-31,9,270096,13547,0,18432,357,197,0,0,0,0,24,190,25,9,31,1,31.25,50,31.5,50,31.75,46,32,1,32.5,16,,,,,0,0
2011-03-31,10,270096,13547,0,18432,354,195,0,0,0,0,24,190,25,9,31,1,31.25,50,31.5,50,31.75,46,32,1,32.5,16,,,,,0,0
2011-03-31,11,270096,13547,0,18432,352,194,0,0,0,0,24,190,25,9,31,1,31.25,50,31.5,50,31.75,46,32,1,32.5,16,,,,,0,0
2011-03-31,12,270096,13547,0,18432,350,192,0,0,0,0,24,190,25,9,31,1,31.25,50,31.5,50,31.75,46,32,1,32.5,16,,,,,0,0
2011-03-31,13,270096,13547,0,18432,347,191,0,0,0,0,24,190,25,9,31,1,31.25,50,31.5,50,31.75,46,32,1,32.5,16,,,,,0,0
2011-03-31,14,270096,13547,0,18432,346,190,0,0,0,0,24,190,25,9,31,1,31.25,50,31.5,50,31.75,46,32,1,32.5,16,,,,,0,0
2011-03-31,15,270096,13547,0,18432,346,190,0,0,0,0,24,190,25,9,31,1,31.25,50,31.5,50,31.75,46,32,1,32.5,16,,,,,0,0
2011-03-31,16,270096,13547,0,18432,346,190,0,0,0,0,24,190,25,9,31,1,31.25,50,31.5,50,31.75,46,32,1,32.5,16,,,,,0,0
2011-03-31,17,270096,13547,0,18432,347,191,0,0,0,0,24,190,25,9,31,1,31.25,50,31.5,50,31.75,46,32,1,32.5,16,,,,,0,0
2011-03-31,18,270096,13547,0,18432,348,191,0,0,0,0,24,190,25,9,31,1,31.25,50,31.5,50,31.75,46,32,1,32.5,16,,,,,0,0
2011-03-31,19,270096,13547,0,18432,348,192,0,0,0,0,24,190,25,9,31,1,31.25,50,31.5,50,31.75,46,32,1,32.5,16,,,,,0,0
2011-03-31,20,270096,13547,0,18432,350,193,0,0,0,0,24,190,25,9,31,1,31.25,50,31.5,50,31.75,46,32,1,32.5,16,,,,,0,0
2011-03-31,21,270096,13547,0,18432,349,192,0,0,0,0,24,190,25,9,31,1,31.25,50,31.5,50,31.75,46,32,1,32.5,16,,,,,0,0
2011-03-31,22,270096,13547,0,18432,349,192,0,0,0,0,24,190,25,9,31,1,31.25,50,31.5,50,31.75,46,32,1,32.5,16,,,,,0,0
2011-03-31,23,270096,13547,0,18432,350,192,0,0,0,0,24,190,25,9,31,1,31.25,50,31.5,50,31.75,46,32,1,32.5,16,,,,,0,0
2011-03-31,24,270096,13547,0,18432,352,193,0,0,0,0,24,190,25,9,31,1,31.25,50,31.5,50,31.75,46,32,1,32.5,16,,,,,0,0
2011-03-31,1,313164,92542,5,,21.2,4.5,0,0,0,0,1,21.2,,,,,,,,,,,,,,,,,,,0,0
2011-03-31,2,313164,92542,5,,21.2,4.5,0,0,0,0,1,21.2,,,,,,,,,,,,,,,,,,,0,0
2011-03-31,3,313164,92542,5,,21.2,4.5,0,0,0,0,1,21.2,,,,,,,,,,,,,,,,,,,0,0
2011-03-31,4,313164,92542,5,,21.2,4.5,0,0,0,0,1,21.2,,,,,,,,,,,,,,,,,,,0,0
2011-03-31,5,313164,92542,5,,21.2,4.5,0,0,0,0,1,21.2,,,,,,,,,,,,,,,,,,,0,0
2011-03-31,6,313164,92542,5,,21.2,4.5,0,0,0,0,1,21.2,,,,,,,,,,,,,,,,,,,0,0
2011-03-31,7,313164,92542,5,,21.2,4.5,0,0,0,0,1,21.2,,,,,,,,,,,,,,,,,,,0,0
2011-03-31,8,313164,92542,5,,21.2,4.5,0,0,0,0,1,21.2,,,,,,,,,,,,,,,,,,,0,0
2011-03-31,9,313164,92542,5,,21.2,4.5,0,0,0,0,1,21.2,,,,,,,,,,,,,,,,,,,0,0
2011-03-31,10,313164,92542,5,,21.2,4.5,0,0,0,0,1,21.2,,,,,,,,,,,,,,,,,,,0,0
2011-03-31,11,313164,92542,5,,21.2,4.5,0,0,0,0,1,21.2,,,,,,,,,,,,,,,,,,,0,0
2011-03-31,12,313164,92542,5,,21.2,4.5,0,0,0,0,1,21.2,,,,,,,,,,,,,,,,,,,0,0
2011-03-31,13,313164,92542,5,,21.2,4.5,0,0,0,0,1,21.2,,,,,,,,,,,,,,,,,,,0,0
2011-03-31,14,313164,92542,5,,21.2,4.5,0,0,0,0,1,21.2,,,,,,,,,,,,,,,,,,,0,0
2011-03-31,15,313164,92542,5,,21.2,4.5,0,0,0,0,1,21.2,,,,,,,,,,,,,,,,,,,0,0
2011-03-31,16,313164,92542,5,,21.2,4.5,0,0,0,0,1,21.2,,,,,,,,,,,,,,,,,,,0,0
2011-03-31,17,313164,92542,5,,21.2,4.5,0,0,0,0,1,21.2,,,,,,,,,,,,,,,,,,,0,0
2011-03-31,18,313164,92542,5,,21.2,4.5,0,0,0,0,1,21.2,,,,,,,,,,,,,,,,,,,0,0
2011-03-31,19,313164,92542,5,,21.2,4.5,0,0,0,0,1,21.2,,,,,,,,,,,,,,,,,,,0,0
2011-03-31,20,313164,92542,5,,21.2,4.5,0,0,0,0,1,21.2,,,,,,,,,,,,,,,,,,,0,0
2011-03-31,21,313164,92542,5,,21.2,4.5,0,0,0,0,1,21.2,,,,,,,,,,,,,,,,,,,0,0
2011-03-31,22,313164,92542,5,,21.2,4.5,0,0,0,0,1,21.2,,,,,,,,,,,,,,,,,,,0,0
2011-03-31,23,313164,92542,5,,21.2,4.5,0,0,0,0,1,21.2,,,,,,,,,,,,,,,,,,,0,0
2011-03-31,24,313164,92542,5,,21.2,4.5,0,0,0,0,1,21.2,,,,,,,,,,,,,,,,,,,0,0
2011-03-31,1,331313,59866,0,624,26,23,468.04,364.9,261.76,151.81,207.39,5,209.39,5,211.39,5,213.39,5,215.39,6,,,,,,,,,,,0,0
2011-03-31,2,331313,59866,0,624,26,23,468.04,364.9,261.76,151.81,207.39,5,209.39,5,211.39,5,213.39,5,215.39,6,,,,,,,,,,,0,0
2011-03-31,3,331313,59866,0,624,26,23,468.04,364.9,261.76,151.81,207.39,5,209.39,5,211.39,5,213.39,5,215.39,6,,,,,,,,,,,0,0
2011-03-31,4,331313,59866,0,624,26,23,468.04,364.9,261.76,151.81,207.39,5,209.39,5,211.39,5,213.39,5,215.39,6,,,,,,,,,,,0,0
2011-03-31,5,331313,59866,0,624,26,23,468.04,364.9,261.76,151.81,207.39,5,209.39,5,211.39,5,213.39,5,215.39,6,,,,,,,,,,,0,0
2011-03-31,6,331313,59866,0,624,26,23,468.04,364.9,261.76,151.81,207.39,5,209.39,5,211.39,5,213.39,5,215.39,6,,,,,,,,,,,0,0
2011-03-31,7,331313,59866,0,624,26,23,468.04,364.9,261.76,151.81,207.39,5,209.39,5,211.39,5,213.39,5,215.39,6,,,,,,,,,,,0,0
2011-03-31,8,331313,59866,0,624,26,23,468.04,364.9,261.76,151.81,207.39,5,209.39,5,211.39,5,213.39,5,215.39,6,,,,,,,,,,,0,0
2011-03-31,9,331313,59866,0,624,26,23,468.04,364.9,261.76,151.81,207.39,5,209.39,5,211.39,5,213.39,5,215.39,6,,,,,,,,,,,0,0
2011-03-31,10,331313,59866,0,624,26,23,468.04,364.9,261.76,151.81,207.39,5,209.39,5,211.39,5,213.39,5,215.39,6,,,,,,,,,,,0,0
2011-03-31,11,331313,59866,0,624,26,23,468.04,364.9,261.76,151.81,207.39,5,209.39,5,211.39,5,213.39,5,215.39,6,,,,,,,,,,,0,0
2011-03-31,12,331313,59866,0,624,26,23,468.04,364.9,261.76,151.81,207.39,5,209.39,5,211.39,5,213.39,5,215.39,6,,,,,,,,,,,0,0
2011-03-31,13,331313,59866,0,624,26,23,468.04,364.9,261.76,151.81,207.39,5,209.39,5,211.39,5,213.39,5,215.39,6,,,,,,,,,,,0,0
2011-03-31,14,331313,59866,0,624,26,23,468.04,364.9,261.76,151.81,207.39,5,209.39,5,211.39,5,213.39,5,215.39,6,,,,,,,,,,,0,0
2011-03-31,15,331313,59866,0,624,26,23,468.04,364.9,261.76,151.81,207.39,5,209.39,5,211.39,5,213.39,5,215.39,6,,,,,,,,,,,0,0
2011-03-31,16,331313,59866,0,624,26,23,468.04,364.9,261.76,151.81,207.39,5,209.39,5,211.39,5,213.39,5,215.39,6,,,,,,,,,,,0,0
2011-03-31,17,331313,59866,0,624,26,23,468.04,364.9,261.76,151.81,207.39,5,209.39,5,211.39,5,213.39,5,215.39,6,,,,,,,,,,,0,0
2011-03-31,18,331313,59866,0,624,26,23,468.04,364.9,261.76,151.81,207.39,5,209.39,5,211.39,5,213.39,5,215.39,6,,,,,,,,,,,0,0
2011-03-31,19,331313,59866,0,624,26,23,468.04,364.9,261.76,151.81,207.39,5,209.39,5,211.39,5,213.39,5,215.39,6,,,,,,,,,,,0,0
2011-03-31,20,331313,59866,0,624,26,23,468.04,364.9,261.76,151.81,207.39,5,209.39,5,211.39,5,213.39,5,215.39,6,,,,,,,,,,,0,0
2011-03-31,21,331313,59866,0,624,26,23,468.04,364.9,261.76,151.81,207.39,5,209.39,5,211.39,5,213.39,5,215.39,6,,,,,,,,,,,0,0
2011-03-31,22,331313,59866,0,624,26,23,468.04,364.9,261.76,151.81,207.39,5,209.39,5,211.39,5,213.39,5,215.39,6,,,,,,,,,,,0,0
2011-03-31,23,331313,59866,0,624,26,23,468.04,364.9,261.76,151.81,207.39,5,209.39,5,211.39,5,213.39,5,215.39,6,,,,,,,,,,,0,0
2011-03-31,24,331313,59866,0,624,26,23,468.04,364.9,261.76,151.81,207.39,5,209.39,5,211.39,5,213.39,5,215.39,6,,,,,,,,,,,0,0
2011-03-31,1,331313,94830,0,2592,105,70,862.93,861.93,860.93,582.79,59.59,20,61.59,20,63.59,20,65.59,25,67.59,23,,,,,,,,,,,0,20
2011-03-31,2,331313,94830,0,2592,105,70,862.93,861.93,860.93,582.79,59.59,20,61.59,20,63.59,20,65.59,25,67.59,23,,,,,,,,,,,0,20
2011-03-31,3,331313,94830,0,2592,105,70,862.93,861.93,860.93,582.79,59.59,20,61.59,20,63.59,20,65.59,25,67.59,23,,,,,,,,,,,0,20
2011-03-31,4,331313,94830,0,2592,105,70,862.93,861.93,860.93,582.79,59.59,20,61.59,20,63.59,20,65.59,25,67.59,23,,,,,,,,,,,0,20
2011-03-31,5,331313,94830,0,2592,105,70,862.93,861.93,860.93,582.79,59.59,20,61.59,20,63.59,20,65.59,25,67.59,23,,,,,,,,,,,0,20
2011-03-31,6,331313,94830,0,2592,105,70,862.93,861.93,860.93,582.79,59.59,20,61.59,20,63.59,20,65.59,25,67.59,23,,,,,,,,,,,0,20
2011-03-31,7,331313,94830,0,2592,105,70,862.93,861.93,860.93,582.79,59.59,20,61.59,20,63.59,20,65.59,25,67.59,23,,,,,,,,,,,0,20
2011-03-31,8,331313,94830,0,2592,105,70,862.93,861.93,860.93,582.79,59.59,20,61.59,20,63.59,20,65.59,25,67.59,23,,,,,,,,,,,0,20
2011-03-31,9,331313,94830,0,2592,105,70,862.93,861.93,860.93,582.79,59.59,20,61.59,20,63.59,20,65.59,25,67.59,23,,,,,,,,,,,0,20
2011-03-31,10,331313,94830,0,2592,105,70,862.93,861.93,860.93,582.79,59.59,20,61.59,20,63.59,20,65.59,25,67.59,23,,,,,,,,,,,0,20
2011-03-31,11,331313,94830,0,2592,105,70,862.93,861.93,860.93,582.79,59.59,20,61.59,20,63.59,20,65.59,25,67.59,23,,,,,,,,,,,0,20
2011-03-31,12,331313,94830,0,2592,105,70,862.93,861.93,860.93,582.79,59.59,20,61.59,20,63.59,20,65.59,25,67.59,23,,,,,,,,,,,0,20
2011-03-31,13,331313,94830,0,2592,105,70,862.93,861.93,860.93,582.79,59.59,20,61.59,20,63.59,20,65.59,25,67.59,23,,,,,,,,,,,0,20
2011-03-31,14,331313,94830,0,2592,105,70,862.93,861.93,860.93,582.79,59.59,20,61.59,20,63.59,20,65.59,25,67.59,23,,,,,,,,,,,0,20
2011-03-31,15,331313,94830,0,2592,105,70,862.93,861.93,860.93,582.79,59.59,20,61.59,20,63.59,20,65.59,25,67.59,23,,,,,,,,,,,0,20
2011-03-31,16,331313,94830,0,2592,105,70,862.93,861.93,860.93,582.79,59.59,20,61.59,20,63.59,20,65.59,25,67.59,23,,,,,,,,,,,0,20
2011-03-31,17,331313,94830,0,2592,105,70,862.93,861.93,860.93,582.79,59.59,20,61.59,20,63.59,20,65.59,25,67.59,23,,,,,,,,,,,0,20
2011-03-31,18,331313,94830,0,2592,105,70,862.93,861.93,860.93,582.79,59.59,20,61.59,20,63.59,20,65.59,25,67.59,23,,,,,,,,,,,0,20
2011-03-31,19,331313,94830,0,2592,105,70,862.93,861.93,860.93,582.79,59.59,20,61.59,20,63.59,20,65.59,25,67.59,23,,,,,,,,,,,0,20
2011-03-31,20,331313,94830,0,2592,105,70,862.93,861.93,860.93,582.79,59.59,20,61.59,20,63.59,20,65.59,25,67.59,23,,,,,,,,,,,0,20
2011-03-31,21,331313,94830,0,2592,105,70,862.93,861.93,860.93,582.79,59.59,20,61.59,20,63.59,20,65.59,25,67.59,23,,,,,,,,,,,0,20
2011-03-31,22,331313,94830,0,2592,105,70,862.93,861.93,860.93,582.79,59.59,20,61.59,20,63.59,20,65.59,25,67.59,23,,,,,,,,,,,0,20
2011-03-31,23,331313,94830,0,2592,105,70,862.93,861.93,860.93,582.79,59.59,20,61.59,20,63.59,20,65.59,25,67.59,23,,,,,,,,,,,0,20
2011-03-31,24,331313,94830,0,2592,105,70,862.93,861.93,860.93,582.79,59.59,20,61.59,20,63.59,20,65.59,25,67.59,23,,,,,,,,,,,0,20
2011-03-31,1,353795,11009,515,15734,802,515,37518.81,30928.46,25313.9,5114.6,28.69,515,30.89,80,33.08,81,35.28,80,48.74,46,,,,,,,,,,,0,125
2011-03-31,2,353795,11009,515,15734,802,515,37518.81,30928.46,25313.9,5114.6,28.69,515,30.89,80,33.08,81,35.28,80,48.74,46,,,,,,,,,,,0,125
2011-03-31,3,353795,11009,515,15734,802,515,37518.81,30928.46,25313.9,5114.6,28.69,515,30.89,80,33.08,81,35.28,80,48.74,46,,,,,,,,,,,0,125
2011-03-31,4,353795,11009,515,15734,802,515,37518.81,30928.46,25313.9,5114.6,28.69,515,30.89,80,33.08,81,35.28,80,48.74,46,,,,,,,,,,,0,125
2011-03-31,5,353795,11009,515,15734,802,515,37518.81,30928.46,25313.9,5114.6,28.69,515,30.89,80,33.08,81,35.28,80,48.74,46,,,,,,,,,,,0,125
2011-03-31,6,353795,11009,515,15734,802,515,37518.81,30928.46,25313.9,5114.6,28.69,515,30.89,80,33.08,81,35.28,80,48.74,46,,,,,,,,,,,0,125
2011-03-31,7,353795,11009,515,15734,802,515,37518.81,30928.46,25313.9,5114.6,28.69,515,30.89,80,33.08,81,35.28,80,48.74,46,,,,,,,,,,,0,125
2011-03-31,8,353795,11009,515,15734,802,515,37518.81,30928.46,25313.9,5114.6,28.69,515,30.89,80,33.08,81,35.28,80,48.74,46,,,,,,,,,,,0,125
2011-03-31,9,353795,11009,515,15734,802,515,37518.81,30928.46,25313.9,5114.6,28.69,515,30.89,80,33.08,81,35.28,80,48.74,46,,,,,,,,,,,0,125
2011-03-31,10,353795,11009,515,15734,802,515,37518.81,30928.46,25313.9,5114.6,28.69,515,30.89,80,33.08,81,35.28,80,48.74,46,,,,,,,,,,,0,125
2011-03-31,11,353795,11009,515,15734,802,515,37518.81,30928.46,25313.9,5114.6,28.69,515,30.89,80,33.08,81,35.28,80,48.74,46,,,,,,,,,,,0,125
2011-03-31,12,353795,11009,515,15734,802,515,37518.81,30928.46,25313.9,5114.6,28.69,515,30.89,80,33.08,81,35.28,80,48.74,46,,,,,,,,,,,0,125
2011-03-31,13,353795,11009,515,15734,802,515,37518.81,30928.46,25313.9,5114.6,28.69,515,30.89,80,33.08,81,35.28,80,48.74,46,,,,,,,,,,,0,125
2011-03-31,14,353795,11009,515,15734,802,515,37518.81,30928.46,25313.9,5114.6,28.69,515,30.89,80,33.08,81,35.28,80,48.74,46,,,,,,,,,,,0,125
2011-03-31,15,353795,11009,515,15734,802,515,37518.81,30928.46,25313.9,5114.6,28.69,515,30.89,80,33.08,81,35.28,80,48.74,46,,,,,,,,,,,0,125
2011-03-31,16,353795,11009,515,15734,802,515,37518.81,30928.46,25313.9,5114.6,28.69,515,30.89,80,33.08,81,35.28,80,48.74,46,,,,,,,,,,,0,125
2011-03-31,17,353795,11009,515,15734,802,515,37518.81,30928.46,25313.9,5114.6,28.69,515,30.89,80,33.08,81,35.28,80,48.74,46,,,,,,,,,,,0,125
2011-03-31,18,353795,11009,515,15734,802,515,37518.81,30928.46,25313.9,5114.6,28.69,515,30.89,80,33.08,81,35.28,80,48.74,46,,,,,,,,,,,0,125
2011-03-31,19,353795,11009,515,15734,802,515,37518.81,30928.46,25313.9,5114.6,28.69,515,30.89,80,33.08,81,35.28,80,48.74,46,,,,,,,,,,,0,125
2011-03-31,20,353795,11009,515,15734,802,515,37518.81,30928.46,25313.9,5114.6,28.69,515,30.89,80,33.08,81,35.28,80,48.74,46,,,,,,,,,,,0,125
2011-03-31,21,353795,11009,515,15734,802,515,37518.81,30928.46,25313.9,5114.6,28.69,515,30.89,80,33.08,81,35.28,80,48.74,46,,,,,,,,,,,0,125
2011-03-31,22,353795,11009,515,15734,802,515,37518.81,30928.46,25313.9,5114.6,28.69,515,30.89,80,33.08,81,35.28,80,48.74,46,,,,,,,,,,,0,125
2011-03-31,23,353795,11009,515,15734,802,515,37518.81,30928.46,25313.9,5114.6,28.69,515,30.89,80,33.08,81,35.28,80,48.74,46,,,,,,,,,,,0,125
2011-03-31,24,353795,11009,515,15734,802,515,37518.81,30928.46,25313.9,5114.6,28.69,515,30.89,80,33.08,81,35.28,80,48.74,46,,,,,,,,,,,0,125
2011-03-31,1,353795,16496,248,13050,780,248,46420.25,39616.53,32237.78,5263.77,30.48,508,32.82,75,35.16,76,37.51,75,51.88,46,,,,,,,,,,,0,0
2011-03-31,2,353795,16496,248,13050,780,248,46420.25,39616.53,32237.78,5263.77,30.48,508,32.82,75,35.16,76,37.51,75,51.88,46,,,,,,,,,,,0,0
2011-03-31,3,353795,16496,248,13050,780,248,46420.25,39616.53,32237.78,5263.77,30.48,508,32.82,75,35.16,76,37.51,75,51.88,46,,,,,,,,,,,0,0
2011-03-31,4,353795,16496,248,13050,780,248,46420.25,39616.53,32237.78,5263.77,30.48,508,32.82,75,35.16,76,37.51,75,51.88,46,,,,,,,,,,,0,0
2011-03-31,5,353795,16496,248,13050,780,248,46420.25,39616.53,32237.78,5263.77,30.48,508,32.82,75,35.16,76,37.51,75,51.88,46,,,,,,,,,,,0,0
2011-03-31,6,353795,16496,248,13050,780,248,46420.25,39616.53,32237.78,5263.77,30.48,508,32.82,75,35.16,76,37.51,75,51.88,46,,,,,,,,,,,0,0
2011-03-31,7,353795,16496,248,13050,780,248,46420.25,39616.53,32237.78,5263.77,30.48,508,32.82,75,35.16,76,37.51,75,51.88,46,,,,,,,,,,,0,0
2011-03-31,8,353795,16496,508,13050,780,508,46420.25,39616.53,32237.78,5263.77,30.48,508,32.82,75,35.16,76,37.51,75,51.88,46,,,,,,,,,,,0,0
2011-03-31,9,353795,16496,508,13050,780,508,46420.25,39616.53,32237.78,5263.77,30.48,508,32.82,75,35.16,76,37.51,75,51.88,46,,,,,,,,,,,0,0
2011-03-31,10,353795,16496,508,13050,780,508,46420.25,39616.53,32237.78,5263.77,30.48,508,32.82,75,35.16,76,37.51,75,51.88,46,,,,,,,,,,,0,0
2011-03-31,11,353795,16496,508,13050,780,508,46420.25,39616.53,32237.78,5263.77,30.48,508,32.82,75,35.16,76,37.51,75,51.88,46,,,,,,,,,,,0,0
2011-03-31,12,353795,16496,508,13050,780,508,46420.25,39616.53,32237.78,5263.77,30.48,508,32.82,75,35.16,76,37.51,75,51.88,46,,,,,,,,,,,0,0
2011-03-31,13,353795,16496,508,13050,780,508,46420.25,39616.53,32237.78,5263.77,30.48,508,32.82,75,35.16,76,37.51,75,51.88,46,,,,,,,,,,,0,0
2011-03-31,14,353795,16496,508,13050,780,508,46420.25,39616.53,32237.78,5263.77,30.48,508,32.82,75,35.16,76,37.51,75,51.88,46,,,,,,,,,,,0,0
2011-03-31,15,353795,16496,508,13050,780,508,46420.25,39616.53,32237.78,5263.77,30.48,508,32.82,75,35.16,76,37.51,75,51.88,46,,,,,,,,,,,0,0
2011-03-31,16,353795,16496,508,13050,780,508,46420.25,39616.53,32237.78,5263.77,30.48,508,32.82,75,35.16,76,37.51,75,51.88,46,,,,,,,,,,,0,0
2011-03-31,17,353795,16496,508,13050,780,508,46420.25,39616.53,32237.78,5263.77,30.48,508,32.82,75,35.16,76,37.51,75,51.88,46,,,,,,,,,,,0,0
2011-03-31,18,353795,16496,508,13050,780,508,46420.25,39616.53,32237.78,5263.77,30.48,508,32.82,75,35.16,76,37.51,75,51.88,46,,,,,,,,,,,0,0
2011-03-31,19,353795,16496,508,13050,780,508,46420.25,39616.53,32237.78,5263.77,30.48,508,32.82,75,35.16,76,37.51,75,51.88,46,,,,,,,,,,,0,0
2011-03-31,20,353795,16496,508,13050,780,508,46420.25,39616.53,32237.78,5263.77,30.48,508,32.82,75,35.16,76,37.51,75,51.88,46,,,,,,,,,,,0,0
2011-03-31,21,353795,16496,508,13050,780,508,46420.25,39616.53,32237.78,5263.77,30.48,508,32.82,75,35.16,76,37.51,75,51.88,46,,,,,,,,,,,0,0
2011-03-31,22,353795,16496,508,13050,780,508,46420.25,39616.53,32237.78,5263.77,30.48,508,32.82,75,35.16,76,37.51,75,51.88,46,,,,,,,,,,,0,0
2011-03-31,23,353795,16496,508,13050,780,508,46420.25,39616.53,32237.78,5263.77,30.48,508,32.82,75,35.16,76,37.51,75,51.88,46,,,,,,,,,,,0,0
2011-03-31,24,353795,16496,248,13050,780,248,46420.25,39616.53,32237.78,5263.77,30.48,508,32.82,75,35.16,76,37.51,75,51.88,46,,,,,,,,,,,0,0
2011-03-31,1,353795,58548,0,,11.3,5,253.11,253.11,253.11,0,401.97,11.3,,,,,,,,,,,,,,,,,,,15,15
2011-03-31,2,353795,58548,0,,11.3,5,253.11,253.11,253.11,0,401.97,11.3,,,,,,,,,,,,,,,,,,,15,15
2011-03-31,3,353795,58548,0,,11.3,5,253.11,253.11,253.11,0,401.97,11.3,,,,,,,,,,,,,,,,,,,15,15
2011-03-31,4,353795,58548,0,,11.3,5,253.11,253.11,253.11,0,401.97,11.3,,,,,,,,,,,,,,,,,,,15,15
2011-03-31,5,353795,58548,0,,11.3,5,253.11,253.11,253.11,0,401.97,11.3,,,,,,,,,,,,,,,,,,,15,15
2011-03-31,6,353795,58548,0,,11.3,5,253.11,253.11,253.11,0,401.97,11.3,,,,,,,,,,,,,,,,,,,15,15
2011-03-31,7,353795,58548,0,,11.3,5,253.11,253.11,253.11,0,401.97,11.3,,,,,,,,,,,,,,,,,,,15,15
2011-03-31,8,353795,58548,0,,11.3,5,253.11,253.11,253.11,0,401.97,11.3,,,,,,,,,,,,,,,,,,,15,15
2011-03-31,9,353795,58548,0,,11.3,5,253.11,253.11,253.11,0,401.97,11.3,,,,,,,,,,,,,,,,,,,15,15
2011-03-31,10,353795,58548,0,,11.3,5,253.11,253.11,253.11,0,401.97,11.3,,,,,,,,,,,,,,,,,,,15,15
2011-03-31,11,353795,58548,0,,11.3,5,253.11,253.11,253.11,0,401.97,11.3,,,,,,,,,,,,,,,,,,,15,15
2011-03-31,12,353795,58548,0,,11.3,5,253.11,253.11,253.11,0,401.97,11.3,,,,,,,,,,,,,,,,,,,15,15
2011-03-31,13,353795,58548,0,,11.3,5,253.11,253.11,253.11,0,401.97,11.3,,,,,,,,,,,,,,,,,,,15,15
2011-03-31,14,353795,58548,0,,11.3,5,253.11,253.11,253.11,0,401.97,11.3,,,,,,,,,,,,,,,,,,,15,15
2011-03-31,15,353795,58548,0,,11.3,5,253.11,253.11,253.11,0,401.97,11.3,,,,,,,,,,,,,,,,,,,15,15
2011-03-31,16,353795,58548,0,,11.3,5,253.11,253.11,253.11,0,401.97,11.3,,,,,,,,,,,,,,,,,,,15,15
2011-03-31,17,353795,58548,0,,11.3,5,253.11,253.11,253.11,0,401.97,11.3,,,,,,,,,,,,,,,,,,,15,15
2011-03-31,18,353795,58548,0,,11.3,5,253.11,253.11,253.11,0,401.97,11.3,,,,,,,,,,,,,,,,,,,15,15
2011-03-31,19,353795,58548,0,,11.3,5,253.11,253.11,253.11,0,401.97,11.3,,,,,,,,,,,,,,,,,,,15,15
2011-03-31,20,353795,58548,0,,11.3,5,253.11,253.11,253.11,0,401.97,11.3,,,,,,,,,,,,,,,,,,,15,15
2011-03-31,21,353795,58548,0,,11.3,5,253.11,253.11,253.11,0,401.97,11.3,,,,,,,,,,,,,,,,,,,15,15
2011-03-31,22,353795,58548,0,,11.3,5,253.11,253.11,253.11,0,401.97,11.3,,,,,,,,,,,,,,,,,,,15,15
2011-03-31,23,353795,58548,0,,11.3,5,253.11,253.11,253.11,0,401.97,11.3,,,,,,,,,,,,,,,,,,,15,15
2011-03-31,24,353795,58548,0,,11.3,5,253.11,253.11,253.11,0,401.97,11.3,,,,,,,,,,,,,,,,,,,15,15
2011-03-31,1,353795,60658,0,,565,90,102768,73945.65,49454.95,5073.81,71.91,90,72.25,110,72.61,115,73.02,135,73.38,115,,,,,,,,,,,0,0
2011-03-31,2,353795,60658,0,,565,90,102768,73945.65,49454.95,5073.81,71.91,90,72.25,110,72.61,115,73.02,135,73.38,115,,,,,,,,,,,0,0
2011-03-31,3,353795,60658,0,,565,90,102768,73945.65,49454.95,5073.81,71.91,90,72.25,110,72.61,115,73.02,135,73.38,115,,,,,,,,,,,0,0
2011-03-31,4,353795,60658,0,,565,90,102768,73945.65,49454.95,5073.81,71.91,90,72.25,110,72.61,115,73.02,135,73.38,115,,,,,,,,,,,0,0
2011-03-31,5,353795,60658,0,,565,90,102768,73945.65,49454.95,5073.81,71.91,90,72.25,110,72.61,115,73.02,135,73.38,115,,,,,,,,,,,0,0
2011-03-31,6,353795,60658,0,,565,90,102768,73945.65,49454.95,5073.81,71.91,90,72.25,110,72.61,115,73.02,135,73.38,115,,,,,,,,,,,0,0
2011-03-31,7,353795,60658,0,,565,90,102768,73945.65,49454.95,5073.81,71.91,90,72.25,110,72.61,115,73.02,135,73.38,115,,,,,,,,,,,0,0
2011-03-31,8,353795,60658,0,,565,90,102768,73945.65,49454.95,5073.81,71.91,90,72.25,110,72.61,115,73.02,135,73.38,115,,,,,,,,,,,0,0
2011-03-31,9,353795,60658,0,,565,90,102768,73945.65,49454.95,5073.81,71.91,90,72.25,110,72.61,115,73.02,135,73.38,115,,,,,,,,,,,0,0
2011-03-31,10,353795,60658,0,,565,90,102768,73945.65,49454.95,5073.81,71.91,90,72.25,110,72.61,115,73.02,135,73.38,115,,,,,,,,,,,0,0
2011-03-31,11,353795,60658,0,,565,90,102768,73945.65,49454.95,5073.81,71.91,90,72.25,110,72.61,115,73.02,135,73.38,115,,,,,,,,,,,0,0
2011-03-31,12,353795,60658,0,,565,90,102768,73945.65,49454.95,5073.81,71.91,90,72.25,110,72.61,115,73.02,135,73.38,115,,,,,,,,,,,0,0
2011-03-31,13,353795,60658,0,,565,90,102768,73945.65,49454.95,5073.81,71.91,90,72.25,110,72.61,115,73.02,135,73.38,115,,,,,,,,,,,0,0
2011-03-31,14,353795,60658,0,,565,90,102768,73945.65,49454.95,5073.81,71.91,90,72.25,110,72.61,115,73.02,135,73.38,115,,,,,,,,,,,0,0
2011-03-31,15,353795,60658,0,,565,90,102768,73945.65,49454.95,5073.81,71.91,90,72.25,110,72.61,115,73.02,135,73.38,115,,,,,,,,,,,0,0
2011-03-31,16,353795,60658,0,,565,90,102768,73945.65,49454.95,5073.81,71.91,90,72.25,110,72.61,115,73.02,135,73.38,115,,,,,,,,,,,0,0
2011-03-31,17,353795,60658,0,,565,90,102768,73945.65,49454.95,5073.81,71.91,90,72.25,110,72.61,115,73.02,135,73.38,115,,,,,,,,,,,0,0
2011-03-31,18,353795,60658,0,,565,90,102768,73945.65,49454.95,5073.81,71.91,90,72.25,110,72.61,115,73.02,135,73.38,115,,,,,,,,,,,0,0
2011-03-31,19,353795,60658,0,,565,90,102768,73945.65,49454.95,5073.81,71.91,90,72.25,110,72.61,115,73.02,135,73.38,115,,,,,,,,,,,0,0
2011-03-31,20,353795,60658,0,,565,90,102768,73945.65,49454.95,5073.81,71.91,90,72.25,110,72.61,115,73.02,135,73.38,115,,,,,,,,,,,0,0
2011-03-31,21,353795,60658,0,,565,90,102768,73945.65,49454.95,5073.81,71.91,90,72.25,110,72.61,115,73.02,135,73.38,115,,,,,,,,,,,0,0
2011-03-31,22,353795,60658,0,,565,90,102768,73945.65,49454.95,5073.81,71.91,90,72.25,110,72.61,115,73.02,135,73.38,115,,,,,,,,,,,0,0
2011-03-31,23,353795,60658,0,,565,90,102768,73945.65,49454.95,5073.81,71.91,90,72.25,110,72.61,115,73.02,135,73.38,115,,,,,,,,,,,0,0
2011-03-31,24,353795,60658,0,,565,90,102768,73945.65,49454.95,5073.81,71.91,90,72.25,110,72.61,115,73.02,135,73.38,115,,,,,,,,,,,0,0
2011-03-31,1,353795,72020,251,7476,392,251,19164.73,16103.35,13664.65,2410.91,30.13,251,32.23,40,34.33,41,36.43,40,43.51,20,,,,,,,,,,,0,125
2011-03-31,2,353795,72020,251,7476,392,251,19164.73,16103.35,13664.65,2410.91,30.13,251,32.23,40,34.33,41,36.43,40,43.51,20,,,,,,,,,,,0,125
2011-03-31,3,353795,72020,251,7476,392,251,19164.73,16103.35,13664.65,2410.91,30.13,251,32.23,40,34.33,41,36.43,40,43.51,20,,,,,,,,,,,0,125
2011-03-31,4,353795,72020,251,7476,392,251,19164.73,16103.35,13664.65,2410.91,30.13,251,32.23,40,34.33,41,36.43,40,43.51,20,,,,,,,,,,,0,125
2011-03-31,5,353795,72020,251,7476,392,251,19164.73,16103.35,13664.65,2410.91,30.13,251,32.23,40,34.33,41,36.43,40,43.51,20,,,,,,,,,,,0,125
2011-03-31,6,353795,72020,251,7476,392,251,19164.73,16103.35,13664.65,2410.91,30.13,251,32.23,40,34.33,41,36.43,40,43.51,20,,,,,,,,,,,0,125
2011-03-31,7,353795,72020,251,7476,392,251,19164.73,16103.35,13664.65,2410.91,30.13,251,32.23,40,34.33,41,36.43,40,43.51,20,,,,,,,,,,,0,125
2011-03-31,8,353795,72020,251,7476,392,251,19164.73,16103.35,13664.65,2410.91,30.13,251,32.23,40,34.33,41,36.43,40,43.51,20,,,,,,,,,,,0,125
2011-03-31,9,353795,72020,251,7476,392,251,19164.73,16103.35,13664.65,2410.91,30.13,251,32.23,40,34.33,41,36.43,40,43.51,20,,,,,,,,,,,0,125
2011-03-31,10,353795,72020,251,7476,392,251,19164.73,16103.35,13664.65,2410.91,30.13,251,32.23,40,34.33,41,36.43,40,43.51,20,,,,,,,,,,,0,125
2011-03-31,11,353795,72020,251,7476,392,251,19164.73,16103.35,13664.65,2410.91,30.13,251,32.23,40,34.33,41,36.43,40,43.51,20,,,,,,,,,,,0,125
2011-03-31,12,353795,72020,251,7476,392,251,19164.73,16103.35,13664.65,2410.91,30.13,251,32.23,40,34.33,41,36.43,40,43.51,20,,,,,,,,,,,0,125
2011-03-31,13,353795,72020,251,7476,392,251,19164.73,16103.35,13664.65,2410.91,30.13,251,32.23,40,34.33,41,36.43,40,43.51,20,,,,,,,,,,,0,125
2011-03-31,14,353795,72020,251,7476,392,251,19164.73,16103.35,13664.65,2410.91,30.13,251,32.23,40,34.33,41,36.43,40,43.51,20,,,,,,,,,,,0,125
2011-03-31,15,353795,72020,251,7476,392,251,19164.73,16103.35,13664.65,2410.91,30.13,251,32.23,40,34.33,41,36.43,40,43.51,20,,,,,,,,,,,0,125
2011-03-31,16,353795,72020,251,7476,392,251,19164.73,16103.35,13664.65,2410.91,30.13,251,32.23,40,34.33,41,36.43,40,43.51,20,,,,,,,,,,,0,125
2011-03-31,17,353795,72020,251,7476,392,251,19164.73,16103.35,13664.65,2410.91,30.13,251,32.23,40,34.33,41,36.43,40,43.51,20,,,,,,,,,,,0,125
2011-03-31,18,353795,72020,251,7476,392,251,19164.73,16103.35,13664.65,2410.91,30.13,251,32.23,40,34.33,41,36.43,40,43.51,20,,,,,,,,,,,0,125
2011-03-31,19,353795,72020,251,7476,392,251,19164.73,16103.35,13664.65,2410.91,30.13,251,32.23,40,34.33,41,36.43,40,43.51,20,,,,,,,,,,,0,125
2011-03-31,20,353795,72020,251,7476,392,251,19164.73,16103.35,13664.65,2410.91,30.13,251,32.23,40,34.33,41,36.43,40,43.51,20,,,,,,,,,,,0,125
2011-03-31,21,353795,72020,251,7476,392,251,19164.73,16103.35,13664.65,2410.91,30.13,251,32.23,40,34.33,41,36.43,40,43.51,20,,,,,,,,,,,0,125
2011-03-31,22,353795,72020,251,7476,392,251,19164.73,16103.35,13664.65,2410.91,30.13,251,32.23,40,34.33,41,36.43,40,43.51,20,,,,,,,,,,,0,125
2011-03-31,23,353795,72020,251,7476,392,251,19164.73,16103.35,13664.65,2410.91,30.13,251,32.23,40,34.33,41,36.43,40,43.51,20,,,,,,,,,,,0,125
2011-03-31,24,353795,72020,251,7476,392,251,19164.73,16103.35,13664.65,2410.91,30.13,251,32.23,40,34.33,41,36.43,40,43.51,20,,,,,,,,,,,0,125
2011-03-31,1,353795,96743,17,432,16.5,16.5,3000,1800,1500,0,1,16.5,,,,,,,,,,,,,,,,,,,0,0
2011-03-31,2,353795,96743,17,432,16.5,16.5,3000,1800,1500,0,1,16.5,,,,,,,,,,,,,,,,,,,0,0
2011-03-31,3,353795,96743,17,432,16.5,16.5,3000,1800,1500,0,1,16.5,,,,,,,,,,,,,,,,,,,0,0
2011-03-31,4,353795,96743,17,432,16.5,16.5,3000,1800,1500,0,1,16.5,,,,,,,,,,,,,,,,,,,0,0
2011-03-31,5,353795,96743,17,432,16.5,16.5,3000,1800,1500,0,1,16.5,,,,,,,,,,,,,,,,,,,0,0
2011-03-31,6,353795,96743,17,432,16.5,16.5,3000,1800,1500,0,1,16.5,,,,,,,,,,,,,,,,,,,0,0
2011-03-31,7,353795,96743,17,432,16.5,16.5,3000,1800,1500,0,1,16.5,,,,,,,,,,,,,,,,,,,0,0
2011-03-31,8,353795,96743,17,432,16.5,16.5,3000,1800,1500,0,1,16.5,,,,,,,,,,,,,,,,,,,0,0
2011-03-31,9,353795,96743,17,432,16.5,16.5,3000,1800,1500,0,1,16.5,,,,,,,,,,,,,,,,,,,0,0
2011-03-31,10,353795,96743,17,432,16.5,16.5,3000,1800,1500,0,1,16.5,,,,,,,,,,,,,,,,,,,0,0
2011-03-31,11,353795,96743,17,432,16.5,16.5,3000,1800,1500,0,1,16.5,,,,,,,,,,,,,,,,,,,0,0
2011-03-31,12,353795,96743,17,432,16.5,16.5,3000,1800,1500,0,1,16.5,,,,,,,,,,,,,,,,,,,0,0
2011-03-31,13,353795,96743,17,432,16.5,16.5,3000,1800,1500,0,1,16.5,,,,,,,,,,,,,,,,,,,0,0
2011-03-31,14,353795,96743,17,432,16.5,16.5,3000,1800,1500,0,1,16.5,,,,,,,,,,,,,,,,,,,0,0
2011-03-31,15,353795,96743,17,432,16.5,16.5,3000,1800,1500,0,1,16.5,,,,,,,,,,,,,,,,,,,0,0
2011-03-31,16,353795,96743,17,432,16.5,16.5,3000,1800,1500,0,1,16.5,,,,,,,,,,,,,,,,,,,0,0
2011-03-31,17,353795,96743,17,432,16.5,16.5,3000,1800,1500,0,1,16.5,,,,,,,,,,,,,,,,,,,0,0
2011-03-31,18,353795,96743,17,432,16.5,16.5,3000,1800,1500,0,1,16.5,,,,,,,,,,,,,,,,,,,0,0
2011-03-31,19,353795,96743,17,432,16.5,16.5,3000,1800,1500,0,1,16.5,,,,,,,,,,,,,,,,,,,0,0
2011-03-31,20,353795,96743,17,432,16.5,16.5,3000,1800,1500,0,1,16.5,,,,,,,,,,,,,,,,,,,0,0
2011-03-31,21,353795,96743,17,432,16.5,16.5,3000,1800,1500,0,1,16.5,,,,,,,,,,,,,,,,,,,0,0
2011-03-31,22,353795,96743,17,432,16.5,16.5,3000,1800,1500,0,1,16.5,,,,,,,,,,,,,,,,,,,0,0
2011-03-31,23,353795,96743,17,432,16.5,16.5,3000,1800,1500,0,1,16.5,,,,,,,,,,,,,,,,,,,0,0
2011-03-31,24,353795,96743,17,432,16.5,16.5,3000,1800,1500,0,1,16.5,,,,,,,,,,,,,,,,,,,0,0
2011-03-31,1,355376,21216,4,,4,4,0,0,0,0,0,6,,,,,,,,,,,,,,,,,,,0,0
2011-03-31,2,355376,21216,4,,4,4,0,0,0,0,0,6,,,,,,,,,,,,,,,,,,,0,0
2011-03-31,3,355376,21216,4,,4,4,0,0,0,0,0,6,,,,,,,,,,,,,,,,,,,0,0
2011-03-31,4,355376,21216,4,,4,4,0,0,0,0,0,6,,,,,,,,,,,,,,,,,,,0,0
2011-03-31,5,355376,21216,4,,4,4,0,0,0,0,0,6,,,,,,,,,,,,,,,,,,,0,0
2011-03-31,6,355376,21216,4,,4,4,0,0,0,0,0,6,,,,,,,,,,,,,,,,,,,0,0
2011-03-31,7,355376,21216,4,,4,4,0,0,0,0,0,6,,,,,,,,,,,,,,,,,,,0,0
2011-03-31,8,355376,21216,4,,4,4,0,0,0,0,0,6,,,,,,,,,,,,,,,,,,,0,0
2011-03-31,9,355376,21216,4,,4,4,0,0,0,0,0,6,,,,,,,,,,,,,,,,,,,0,0
2011-03-31,10,355376,21216,4,,4,4,0,0,0,0,0,6,,,,,,,,,,,,,,,,,,,0,0
2011-03-31,11,355376,21216,4,,4,4,0,0,0,0,0,6,,,,,,,,,,,,,,,,,,,0,0
2011-03-31,12,355376,21216,4,,4,4,0,0,0,0,0,6,,,,,,,,,,,,,,,,,,,0,0
2011-03-31,13,355376,21216,4,,4,4,0,0,0,0,0,6,,,,,,,,,,,,,,,,,,,0,0
2011-03-31,14,355376,21216,4,,4,4,0,0,0,0,0,6,,,,,,,,,,,,,,,,,,,0,0
2011-03-31,15,355376,21216,4,,4,4,0,0,0,0,0,6,,,,,,,,,,,,,,,,,,,0,0
2011-03-31,16,355376,21216,4,,4,4,0,0,0,0,0,6,,,,,,,,,,,,,,,,,,,0,0
2011-03-31,17,355376,21216,4,,4,4,0,0,0,0,0,6,,,,,,,,,,,,,,,,,,,0,0
2011-03-31,18,355376,21216,4,,4,4,0,0,0,0,0,6,,,,,,,,,,,,,,,,,,,0,0
2011-03-31,19,355376,21216,4,,4,4,0,0,0,0,0,6,,,,,,,,,,,,,,,,,,,0,0
2011-03-31,20,355376,21216,4,,4,4,0,0,0,0,0,6,,,,,,,,,,,,,,,,,,,0,0
2011-03-31,21,355376,21216,4,,4,4,0,0,0,0,0,6,,,,,,,,,,,,,,,,,,,0,0
2011-03-31,22,355376,21216,4,,4,4,0,0,0,0,0,6,,,,,,,,,,,,,,,,,,,0,0
2011-03-31,23,355376,21216,4,,4,4,0,0,0,0,0,6,,,,,,,,,,,,,,,,,,,0,0
2011-03-31,24,355376,21216,4,,4,4,0,0,0,0,0,6,,,,,,,,,,,,,,,,,,,0,0
2011-03-31,1,355376,23707,0,,21,10,0,0,0,5114.95,249.57,10,269.48,5,304.31,6,,,,,,,,,,,,,,,21,21
2011-03-31,2,355376,23707,0,,21,10,0,0,0,5114.95,249.57,10,269.48,5,304.31,6,,,,,,,,,,,,,,,21,21
2011-03-31,3,355376,23707,0,,21,10,0,0,0,5114.95,249.57,10,269.48,5,304.31,6,,,,,,,,,,,,,,,21,21
2011-03-31,4,355376,23707,0,,21,10,0,0,0,5114.95,249.57,10,269.48,5,304.31,6,,,,,,,,,,,,,,,21,21
2011-03-31,5,355376,23707,0,,21,10,0,0,0,5114.95,249.57,10,269.48,5,304.31,6,,,,,,,,,,,,,,,21,21
2011-03-31,6,355376,23707,0,,21,10,0,0,0,5114.95,249.57,10,269.48,5,304.31,6,,,,,,,,,,,,,,,21,21
2011-03-31,7,355376,23707,0,,21,10,0,0,0,5114.95,249.57,10,269.48,5,304.31,6,,,,,,,,,,,,,,,21,21
2011-03-31,8,355376,23707,0,,21,10,0,0,0,5114.95,249.57,10,269.48,5,304.31,6,,,,,,,,,,,,,,,21,21
2011-03-31,9,355376,23707,0,,21,10,0,0,0,5114.95,249.57,10,269.48,5,304.31,6,,,,,,,,,,,,,,,21,21
2011-03-31,10,355376,23707,0,,21,10,0,0,0,5114.95,249.57,10,269.48,5,304.31,6,,,,,,,,,,,,,,,21,21
2011-03-31,11,355376,23707,0,,21,10,0,0,0,5114.95,249.57,10,269.48,5,304.31,6,,,,,,,,,,,,,,,21,21
2011-03-31,12,355376,23707,0,,21,10,0,0,0,5114.95,249.57,10,269.48,5,304.31,6,,,,,,,,,,,,,,,21,21
2011-03-31,13,355376,23707,0,,21,10,0,0,0,5114.95,249.57,10,269.48,5,304.31,6,,,,,,,,,,,,,,,21,21
2011-03-31,14,355376,23707,0,,21,10,0,0,0,5114.95,249.57,10,269.48,5,304.31,6,,,,,,,,,,,,,,,21,21
2011-03-31,15,355376,23707,0,,21,10,0,0,0,5114.95,249.57,10,269.48,5,304.31,6,,,,,,,,,,,,,,,21,21
2011-03-31,16,355376,23707,0,,21,10,0,0,0,5114.95,249.57,10,269.48,5,304.31,6,,,,,,,,,,,,,,,21,21
2011-03-31,17,355376,23707,0,,21,10,0,0,0,5114.95,249.57,10,269.48,5,304.31,6,,,,,,,,,,,,,,,21,21
2011-03-31,18,355376,23707,0,,21,10,0,0,0,5114.95,249.57,10,269.48,5,304.31,6,,,,,,,,,,,,,,,21,21
2011-03-31,19,355376,23707,0,,21,10,0,0,0,5114.95,249.57,10,269.48,5,304.31,6,,,,,,,,,,,,,,,21,21
2011-03-31,20,355376,23707,0,,21,10,0,0,0,5114.95,249.57,10,269.48,5,304.31,6,,,,,,,,,,,,,,,21,21
2011-03-31,21,355376,23707,0,,21,10,0,0,0,5114.95,249.57,10,269.48,5,304.31,6,,,,,,,,,,,,,,,21,21
2011-03-31,22,355376,23707,0,,21,10,0,0,0,5114.95,249.57,10,269.48,5,304.31,6,,,,,,,,,,,,,,,21,21
2011-03-31,23,355376,23707,0,,21,10,0,0,0,5114.95,249.57,10,269.48,5,304.31,6,,,,,,,,,,,,,,,21,21
2011-03-31,24,355376,23707,0,,21,10,0,0,0,5114.95,249.57,10,269.48,5,304.31,6,,,,,,,,,,,,,,,21,21
2011-03-31,1,355376,28636,3,,3,3,0,0,0,0,0,3,,,,,,,,,,,,,,,,,,,4,0
2011-03-31,2,355376,28636,3,,3,3,0,0,0,0,0,3,,,,,,,,,,,,,,,,,,,4,0
2011-03-31,3,355376,28636,3,,3,3,0,0,0,0,0,3,,,,,,,,,,,,,,,,,,,4,0
2011-03-31,4,355376,28636,3,,3,3,0,0,0,0,0,3,,,,,,,,,,,,,,,,,,,4,0
2011-03-31,5,355376,28636,3,,3,3,0,0,0,0,0,3,,,,,,,,,,,,,,,,,,,4,0
2011-03-31,6,355376,28636,3,,3,3,0,0,0,0,0,3,,,,,,,,,,,,,,,,,,,4,0
2011-03-31,7,355376,28636,3,,3,3,0,0,0,0,0,3,,,,,,,,,,,,,,,,,,,4,0
2011-03-31,8,355376,28636,3,,3,3,0,0,0,0,0,3,,,,,,,,,,,,,,,,,,,4,0
2011-03-31,9,355376,28636,3,,3,3,0,0,0,0,0,3,,,,,,,,,,,,,,,,,,,4,0
2011-03-31,10,355376,28636,3,,3,3,0,0,0,0,0,3,,,,,,,,,,,,,,,,,,,4,0
2011-03-31,11,355376,28636,3,,3,3,0,0,0,0,0,3,,,,,,,,,,,,,,,,,,,4,0
2011-03-31,12,355376,28636,3,,3,3,0,0,0,0,0,3,,,,,,,,,,,,,,,,,,,4,0
2011-03-31,13,355376,28636,3,,3,3,0,0,0,0,0,3,,,,,,,,,,,,,,,,,,,4,0
2011-03-31,14,355376,28636,3,,3,3,0,0,0,0,0,3,,,,,,,,,,,,,,,,,,,4,0
2011-03-31,15,355376,28636,3,,3,3,0,0,0,0,0,3,,,,,,,,,,,,,,,,,,,4,0
2011-03-31,16,355376,28636,3,,3,3,0,0,0,0,0,3,,,,,,,,,,,,,,,,,,,4,0
2011-03-31,17,355376,28636,3,,3,3,0,0,0,0,0,3,,,,,,,,,,,,,,,,,,,4,0
2011-03-31,18,355376,28636,3,,3,3,0,0,0,0,0,3,,,,,,,,,,,,,,,,,,,4,0
2011-03-31,19,355376,28636,3,,3,3,0,0,0,0,0,3,,,,,,,,,,,,,,,,,,,4,0
2011-03-31,20,355376,28636,3,,3,3,0,0,0,0,0,3,,,,,,,,,,,,,,,,,,,4,0
2011-03-31,21,355376,28636,3,,3,3,0,0,0,0,0,3,,,,,,,,,,,,,,,,,,,4,0
2011-03-31,22,355376,28636,3,,3,3,0,0,0,0,0,3,,,,,,,,,,,,,,,,,,,4,0
2011-03-31,23,355376,28636,3,,3,3,0,0,0,0,0,3,,,,,,,,,,,,,,,,,,,4,0
2011-03-31,24,355376,28636,3,,3,3,0,0,0,0,0,3,,,,,,,,,,,,,,,,,,,4,0
2011-03-31,1,355376,30616,0,,18,10,0,0,0,4983.24,245.7,10,257.7,3,288.51,5,,,,,,,,,,,,,,,18,18
2011-03-31,2,355376,30616,0,,18,10,0,0,0,4983.24,245.7,10,257.7,3,288.51,5,,,,,,,,,,,,,,,18,18
2011-03-31,3,355376,30616,0,,18,10,0,0,0,4983.24,245.7,10,257.7,3,288.51,5,,,,,,,,,,,,,,,18,18
2011-03-31,4,355376,30616,0,,18,10,0,0,0,4983.24,245.7,10,257.7,3,288.51,5,,,,,,,,,,,,,,,18,18
2011-03-31,5,355376,30616,0,,18,10,0,0,0,4983.24,245.7,10,257.7,3,288.51,5,,,,,,,,,,,,,,,18,18
2011-03-31,6,355376,30616,0,,18,10,0,0,0,4983.24,245.7,10,257.7,3,288.51,5,,,,,,,,,,,,,,,18,18
2011-03-31,7,355376,30616,0,,18,10,0,0,0,4983.24,245.7,10,257.7,3,288.51,5,,,,,,,,,,,,,,,18,18
2011-03-31,8,355376,30616,0,,18,10,0,0,0,4983.24,245.7,10,257.7,3,288.51,5,,,,,,,,,,,,,,,18,18
2011-03-31,9,355376,30616,0,,18,10,0,0,0,4983.24,245.7,10,257.7,3,288.51,5,,,,,,,,,,,,,,,18,18
2011-03-31,10,355376,30616,0,,18,10,0,0,0,4983.24,245.7,10,257.7,3,288.51,5,,,,,,,,,,,,,,,18,18
2011-03-31,11,355376,30616,0,,18,10,0,0,0,4983.24,245.7,10,257.7,3,288.51,5,,,,,,,,,,,,,,,18,18
2011-03-31,12,355376,30616,0,,18,10,0,0,0,4983.24,245.7,10,257.7,3,288.51,5,,,,,,,,,,,,,,,18,18
2011-03-31,13,355376,30616,0,,18,10,0,0,0,4983.24,245.7,10,257.7,3,288.51,5,,,,,,,,,,,,,,,18,18
2011-03-31,14,355376,30616,0,,18,10,0,0,0,4983.24,245.7,10,257.7,3,288.51,5,,,,,,,,,,,,,,,18,18
2011-03-31,15,355376,30616,0,,18,10,0,0,0,4983.24,245.7,10,257.7,3,288.51,5,,,,,,,,,,,,,,,18,18
2011-03-31,16,355376,30616,0,,18,10,0,0,0,4983.24,245.7,10,257.7,3,288.51,5,,,,,,,,,,,,,,,18,18
2011-03-31,17,355376,30616,0,,18,10,0,0,0,4983.24,245.7,10,257.7,3,288.51,5,,,,,,,,,,,,,,,18,18
2011-03-31,18,355376,30616,0,,18,10,0,0,0,4983.24,245.7,10,257.7,3,288.51,5,,,,,,,,,,,,,,,18,18
2011-03-31,19,355376,30616,0,,18,10,0,0,0,4983.24,245.7,10,257.7,3,288.51,5,,,,,,,,,,,,,,,18,18
2011-03-31,20,355376,30616,0,,18,10,0,0,0,4983.24,245.7,10,257.7,3,288.51,5,,,,,,,,,,,,,,,18,18
2011-03-31,21,355376,30616,0,,18,10,0,0,0,4983.24,245.7,10,257.7,3,288.51,5,,,,,,,,,,,,,,,18,18
2011-03-31,22,355376,30616,0,,18,10,0,0,0,4983.24,245.7,10,257.7,3,288.51,5,,,,,,,,,,,,,,,18,18
2011-03-31,23,355376,30616,0,,18,10,0,0,0,4983.24,245.7,10,257.7,3,288.51,5,,,,,,,,,,,,,,,18,18
2011-03-31,24,355376,30616,0,,18,10,0,0,0,4983.24,245.7,10,257.7,3,288.51,5,,,,,,,,,,,,,,,18,18
2011-03-31,1,355376,45970,0,,21,10,0,0,0,4658.95,249.57,10,269.48,5,304.31,6,,,,,,,,,,,,,,,21,21
2011-03-31,2,355376,45970,0,,21,10,0,0,0,4658.95,249.57,10,269.48,5,304.31,6,,,,,,,,,,,,,,,21,21
2011-03-31,3,355376,45970,0,,21,10,0,0,0,4658.95,249.57,10,269.48,5,304.31,6,,,,,,,,,,,,,,,21,21
2011-03-31,4,355376,45970,0,,21,10,0,0,0,4658.95,249.57,10,269.48,5,304.31,6,,,,,,,,,,,,,,,21,21
2011-03-31,5,355376,45970,0,,21,10,0,0,0,4658.95,249.57,10,269.48,5,304.31,6,,,,,,,,,,,,,,,21,21
2011-03-31,6,355376,45970,0,,21,10,0,0,0,4658.95,249.57,10,269.48,5,304.31,6,,,,,,,,,,,,,,,21,21
2011-03-31,7,355376,45970,0,,21,10,0,0,0,4658.95,249.57,10,269.48,5,304.31,6,,,,,,,,,,,,,,,21,21
2011-03-31,8,355376,45970,0,,21,10,0,0,0,4658.95,249.57,10,269.48,5,304.31,6,,,,,,,,,,,,,,,21,21
2011-03-31,9,355376,45970,0,,21,10,0,0,0,4658.95,249.57,10,269.48,5,304.31,6,,,,,,,,,,,,,,,21,21
2011-03-31,10,355376,45970,0,,21,10,0,0,0,4658.95,249.57,10,269.48,5,304.31,6,,,,,,,,,,,,,,,21,21
2011-03-31,11,355376,45970,0,,21,10,0,0,0,4658.95,249.57,10,269.48,5,304.31,6,,,,,,,,,,,,,,,21,21
2011-03-31,12,355376,45970,0,,21,10,0,0,0,4658.95,249.57,10,269.48,5,304.31,6,,,,,,,,,,,,,,,21,21
2011-03-31,13,355376,45970,0,,21,10,0,0,0,4658.95,249.57,10,269.48,5,304.31,6,,,,,,,,,,,,,,,21,21
2011-03-31,14,355376,45970,0,,21,10,0,0,0,4658.95,249.57,10,269.48,5,304.31,6,,,,,,,,,,,,,,,21,21
2011-03-31,15,355376,45970,0,,21,10,0,0,0,4658.95,249.57,10,269.48,5,304.31,6,,,,,,,,,,,,,,,21,21
2011-03-31,16,355376,45970,0,,21,10,0,0,0,4658.95,249.57,10,269.48,5,304.31,6,,,,,,,,,,,,,,,21,21
2011-03-31,17,355376,45970,0,,21,10,0,0,0,4658.95,249.57,10,269.48,5,304.31,6,,,,,,,,,,,,,,,21,21
2011-03-31,18,355376,45970,0,,21,10,0,0,0,4658.95,249.57,10,269.48,5,304.31,6,,,,,,,,,,,,,,,21,21
2011-03-31,19,355376,45970,0,,21,10,0,0,0,4658.95,249.57,10,269.48,5,304.31,6,,,,,,,,,,,,,,,21,21
2011-03-31,20,355376,45970,0,,21,10,0,0,0,4658.95,249.57,10,269.48,5,304.31,6,,,,,,,,,,,,,,,21,21
2011-03-31,21,355376,45970,0,,21,10,0,0,0,4658.95,249.57,10,269.48,5,304.31,6,,,,,,,,,,,,,,,21,21
2011-03-31,22,355376,45970,0,,21,10,0,0,0,4658.95,249.57,10,269.48,5,304.31,6,,,,,,,,,,,,,,,21,21
2011-03-31,23,355376,45970,0,,21,10,0,0,0,4658.95,249.57,10,269.48,5,304.31,6,,,,,,,,,,,,,,,21,21
2011-03-31,24,355376,45970,0,,21,10,0,0,0,4658.95,249.57,10,269.48,5,304.31,6,,,,,,,,,,,,,,,21,21
2011-03-31,1,355376,47769,7,,7,7,0,0,0,0,0,9,,,,,,,,,,,,,,,,,,,0,0
2011-03-31,2,355376,47769,7,,7,7,0,0,0,0,0,9,,,,,,,,,,,,,,,,,,,0,0
2011-03-31,3,355376,47769,7,,7,7,0,0,0,0,0,9,,,,,,,,,,,,,,,,,,,0,0
2011-03-31,4,355376,47769,7,,7,7,0,0,0,0,0,9,,,,,,,,,,,,,,,,,,,0,0
2011-03-31,5,355376,47769,7,,7,7,0,0,0,0,0,9,,,,,,,,,,,,,,,,,,,0,0
2011-03-31,6,355376,47769,7,,7,7,0,0,0,0,0,9,,,,,,,,,,,,,,,,,,,0,0
2011-03-31,7,355376,47769,7,,7,7,0,0,0,0,0,9,,,,,,,,,,,,,,,,,,,0,0
2011-03-31,8,355376,47769,7,,7,7,0,0,0,0,0,9,,,,,,,,,,,,,,,,,,,0,0
2011-03-31,9,355376,47769,7,,7,7,0,0,0,0,0,9,,,,,,,,,,,,,,,,,,,0,0
2011-03-31,10,355376,47769,7,,7,7,0,0,0,0,0,9,,,,,,,,,,,,,,,,,,,0,0
2011-03-31,11,355376,47769,7,,7,7,0,0,0,0,0,9,,,,,,,,,,,,,,,,,,,0,0
2011-03-31,12,355376,47769,7,,7,7,0,0,0,0,0,9,,,,,,,,,,,,,,,,,,,0,0
2011-03-31,13,355376,47769,7,,7,7,0,0,0,0,0,9,,,,,,,,,,,,,,,,,,,0,0
2011-03-31,14,355376,47769,7,,7,7,0,0,0,0,0,9,,,,,,,,,,,,,,,,,,,0,0
2011-03-31,15,355376,47769,7,,7,7,0,0,0,0,0,9,,,,,,,,,,,,,,,,,,,0,0
2011-03-31,16,355376,47769,7,,7,7,0,0,0,0,0,9,,,,,,,,,,,,,,,,,,,0,0
2011-03-31,17,355376,47769,7,,7,7,0,0,0,0,0,9,,,,,,,,,,,,,,,,,,,0,0
2011-03-31,18,355376,47769,7,,7,7,0,0,0,0,0,9,,,,,,,,,,,,,,,,,,,0,0
2011-03-31,19,355376,47769,7,,7,7,0,0,0,0,0,9,,,,,,,,,,,,,,,,,,,0,0
2011-03-31,20,355376,47769,7,,7,7,0,0,0,0,0,9,,,,,,,,,,,,,,,,,,,0,0
2011-03-31,21,355376,47769,7,,7,7,0,0,0,0,0,9,,,,,,,,,,,,,,,,,,,0,0
2011-03-31,22,355376,47769,7,,7,7,0,0,0,0,0,9,,,,,,,,,,,,,,,,,,,0,0
2011-03-31,23,355376,47769,7,,7,7,0,0,0,0,0,9,,,,,,,,,,,,,,,,,,,0,0
2011-03-31,24,355376,47769,7,,7,7,0,0,0,0,0,9,,,,,,,,,,,,,,,,,,,0,0
2011-03-31,1,355376,48591,0,,0,0,67178.57,39937.26,12695.95,4850.7,59.64,60,60.42,40,62,50,63.77,50,64.16,30,65.69,20,72.95,60,193.14,40,193.33,10,423.52,40,0,0
2011-03-31,2,355376,48591,0,,0,0,67178.57,39937.26,12695.95,4850.7,59.64,60,60.42,40,62,50,63.77,50,64.16,30,65.69,20,72.95,60,193.14,40,193.33,10,423.52,40,0,0
2011-03-31,3,355376,48591,0,,0,0,67178.57,39937.26,12695.95,4850.7,59.64,60,60.42,40,62,50,63.77,50,64.16,30,65.69,20,72.95,60,193.14,40,193.33,10,423.52,40,0,0
2011-03-31,4,355376,48591,0,,0,0,67178.57,39937.26,12695.95,4850.7,59.64,60,60.42,40,62,50,63.77,50,64.16,30,65.69,20,72.95,60,193.14,40,193.33,10,423.52,40,0,0
2011-03-31,5,355376,48591,0,,0,0,67178.57,39937.26,12695.95,4850.7,59.64,60,60.42,40,62,50,63.77,50,64.16,30,65.69,20,72.95,60,193.14,40,193.33,10,423.52,40,0,0
2011-03-31,6,355376,48591,0,,0,0,67178.57,39937.26,12695.95,4850.7,59.64,60,60.42,40,62,50,63.77,50,64.16,30,65.69,20,72.95,60,193.14,40,193.33,10,423.52,40,0,0
2011-03-31,7,355376,48591,0,,0,0,67178.57,39937.26,12695.95,4850.7,59.64,60,60.42,40,62,50,63.77,50,64.16,30,65.69,20,72.95,60,193.14,40,193.33,10,423.52,40,0,0
2011-03-31,8,355376,48591,0,,0,0,67178.57,39937.26,12695.95,4850.7,59.64,60,60.42,40,62,50,63.77,50,64.16,30,65.69,20,72.95,60,193.14,40,193.33,10,423.52,40,0,0
2011-03-31,9,355376,48591,0,,0,0,67178.57,39937.26,12695.95,4850.7,59.64,60,60.42,40,62,50,63.77,50,64.16,30,65.69,20,72.95,60,193.14,40,193.33,10,423.52,40,0,0
2011-03-31,10,355376,48591,0,,0,0,67178.57,39937.26,12695.95,4850.7,59.64,60,60.42,40,62,50,63.77,50,64.16,30,65.69,20,72.95,60,193.14,40,193.33,10,423.52,40,0,0
2011-03-31,11,355376,48591,0,,0,0,67178.57,39937.26,12695.95,4850.7,59.64,60,60.42,40,62,50,63.77,50,64.16,30,65.69,20,72.95,60,193.14,40,193.33,10,423.52,40,0,0
2011-03-31,12,355376,48591,0,,0,0,67178.57,39937.26,12695.95,4850.7,59.64,60,60.42,40,62,50,63.77,50,64.16,30,65.69,20,72.95,60,193.14,40,193.33,10,423.52,40,0,0
2011-03-31,13,355376,48591,0,,0,0,67178.57,39937.26,12695.95,4850.7,59.64,60,60.42,40,62,50,63.77,50,64.16,30,65.69,20,72.95,60,193.14,40,193.33,10,423.52,40,0,0
2011-03-31,14,355376,48591,0,,0,0,67178.57,39937.26,12695.95,4850.7,59.64,60,60.42,40,62,50,63.77,50,64.16,30,65.69,20,72.95,60,193.14,40,193.33,10,423.52,40,0,0
2011-03-31,15,355376,48591,0,,0,0,67178.57,39937.26,12695.95,4850.7,59.64,60,60.42,40,62,50,63.77,50,64.16,30,65.69,20,72.95,60,193.14,40,193.33,10,423.52,40,0,0
2011-03-31,16,355376,48591,0,,0,0,67178.57,39937.26,12695.95,4850.7,59.64,60,60.42,40,62,50,63.77,50,64.16,30,65.69,20,72.95,60,193.14,40,193.33,10,423.52,40,0,0
2011-03-31,17,355376,48591,0,,0,0,67178.57,39937.26,12695.95,4850.7,59.64,60,60.42,40,62,50,63.77,50,64.16,30,65.69,20,72.95,60,193.14,40,193.33,10,423.52,40,0,0
2011-03-31,18,355376,48591,0,,0,0,67178.57,39937.26,12695.95,4850.7,59.64,60,60.42,40,62,50,63.77,50,64.16,30,65.69,20,72.95,60,193.14,40,193.33,10,423.52,40,0,0
2011-03-31,19,355376,48591,0,,0,0,67178.57,39937.26,12695.95,4850.7,59.64,60,60.42,40,62,50,63.77,50,64.16,30,65.69,20,72.95,60,193.14,40,193.33,10,423.52,40,0,0
2011-03-31,20,355376,48591,0,,0,0,67178.57,39937.26,12695.95,4850.7,59.64,60,60.42,40,62,50,63.77,50,64.16,30,65.69,20,72.95,60,193.14,40,193.33,10,423.52,40,0,0
2011-03-31,21,355376,48591,0,,0,0,67178.57,39937.26,12695.95,4850.7,59.64,60,60.42,40,62,50,63.77,50,64.16,30,65.69,20,72.95,60,193.14,40,193.33,10,423.52,40,0,0
2011-03-31,22,355376,48591,0,,0,0,67178.57,39937.26,12695.95,4850.7,59.64,60,60.42,40,62,50,63.77,50,64.16,30,65.69,20,72.95,60,193.14,40,193.33,10,423.52,40,0,0
2011-03-31,23,355376,48591,0,,0,0,67178.57,39937.26,12695.95,4850.7,59.64,60,60.42,40,62,50,63.77,50,64.16,30,65.69,20,72.95,60,193.14,40,193.33,10,423.52,40,0,0
2011-03-31,24,355376,48591,0,,0,0,67178.57,39937.26,12695.95,4850.7,59.64,60,60.42,40,62,50,63.77,50,64.16,30,65.69,20,72.95,60,193.14,40,193.33,10,423.52,40,0,0
2011-03-31,1,355376,50149,85,,114,85,36107.16,25574.88,15042.6,0,42,30,42,30,42,30,42,23,500,1,,,,,,,,,,,0,0
2011-03-31,2,355376,50149,85,,114,85,36107.16,25574.88,15042.6,0,42,30,42,30,42,30,42,23,500,1,,,,,,,,,,,0,0
2011-03-31,3,355376,50149,85,,114,85,36107.16,25574.88,15042.6,0,42,30,42,30,42,30,42,23,500,1,,,,,,,,,,,0,0
2011-03-31,4,355376,50149,85,,114,85,36107.16,25574.88,15042.6,0,42,30,42,30,42,30,42,23,500,1,,,,,,,,,,,0,0
2011-03-31,5,355376,50149,85,,114,85,36107.16,25574.88,15042.6,0,42,30,42,30,42,30,42,23,500,1,,,,,,,,,,,0,0
2011-03-31,6,355376,50149,85,,114,85,36107.16,25574.88,15042.6,0,42,30,42,30,42,30,42,23,500,1,,,,,,,,,,,0,0
2011-03-31,7,355376,50149,85,,114,85,36107.16,25574.88,15042.6,0,42,30,42,30,42,30,42,23,500,1,,,,,,,,,,,0,0
2011-03-31,8,355376,50149,85,,114,85,36107.16,25574.88,15042.6,0,42,30,42,30,42,30,42,23,500,1,,,,,,,,,,,0,0
2011-03-31,9,355376,50149,85,,114,85,36107.16,25574.88,15042.6,0,42,30,42,30,42,30,42,23,500,1,,,,,,,,,,,0,0
2011-03-31,10,355376,50149,85,,114,85,36107.16,25574.88,15042.6,0,42,30,42,30,42,30,42,23,500,1,,,,,,,,,,,0,0
2011-03-31,11,355376,50149,85,,114,85,36107.16,25574.88,15042.6,0,42,30,42,30,42,30,42,23,500,1,,,,,,,,,,,0,0
2011-03-31,12,355376,50149,85,,114,85,36107.16,25574.88,15042.6,0,42,30,42,30,42,30,42,23,500,1,,,,,,,,,,,0,0
2011-03-31,13,355376,50149,85,,114,85,36107.16,25574.88,15042.6,0,42,30,42,30,42,30,42,23,500,1,,,,,,,,,,,0,0
2011-03-31,14,355376,50149,85,,114,85,36107.16,25574.88,15042.6,0,42,30,42,30,42,30,42,23,500,1,,,,,,,,,,,0,0
2011-03-31,15,355376,50149,85,,114,85,36107.16,25574.88,15042.6,0,42,30,42,30,42,30,42,23,500,1,,,,,,,,,,,0,0
2011-03-31,16,355376,50149,85,,114,85,36107.16,25574.88,15042.6,0,42,30,42,30,42,30,42,23,500,1,,,,,,,,,,,0,0
2011-03-31,17,355376,50149,85,,114,85,36107.16,25574.88,15042.6,0,42,30,42,30,42,30,42,23,500,1,,,,,,,,,,,0,0
2011-03-31,18,355376,50149,85,,114,85,36107.16,25574.88,15042.6,0,42,30,42,30,42,30,42,23,500,1,,,,,,,,,,,0,0
2011-03-31,19,355376,50149,85,,114,85,36107.16,25574.88,15042.6,0,42,30,42,30,42,30,42,23,500,1,,,,,,,,,,,0,0
2011-03-31,20,355376,50149,85,,114,85,36107.16,25574.88,15042.6,0,42,30,42,30,42,30,42,23,500,1,,,,,,,,,,,0,0
2011-03-31,21,355376,50149,85,,114,85,36107.16,25574.88,15042.6,0,42,30,42,30,42,30,42,23,500,1,,,,,,,,,,,0,0
2011-03-31,22,355376,50149,85,,114,85,36107.16,25574.88,15042.6,0,42,30,42,30,42,30,42,23,500,1,,,,,,,,,,,0,0
2011-03-31,23,355376,50149,85,,114,85,36107.16,25574.88,15042.6,0,42,30,42,30,42,30,42,23,500,1,,,,,,,,,,,0,0
2011-03-31,24,355376,50149,85,,114,85,36107.16,25574.88,15042.6,0,42,30,42,30,42,30,42,23,500,1,,,,,,,,,,,0,0
2011-03-31,1,355376,51787,0,,22,10,0,0,0,4229.25,250.13,10,273.59,6,308.31,6,,,,,,,,,,,,,,,22,22
2011-03-31,2,355376,51787,0,,22,10,0,0,0,4229.25,250.13,10,273.59,6,308.31,6,,,,,,,,,,,,,,,22,22
2011-03-31,3,355376,51787,0,,22,10,0,0,0,4229.25,250.13,10,273.59,6,308.31,6,,,,,,,,,,,,,,,22,22
2011-03-31,4,355376,51787,0,,22,10,0,0,0,4229.25,250.13,10,273.59,6,308.31,6,,,,,,,,,,,,,,,22,22
2011-03-31,5,355376,51787,0,,22,10,0,0,0,4229.25,250.13,10,273.59,6,308.31,6,,,,,,,,,,,,,,,22,22
2011-03-31,6,355376,51787,0,,22,10,0,0,0,4229.25,250.13,10,273.59,6,308.31,6,,,,,,,,,,,,,,,22,22
2011-03-31,7,355376,51787,0,,22,10,0,0,0,4229.25,250.13,10,273.59,6,308.31,6,,,,,,,,,,,,,,,22,22
2011-03-31,8,355376,51787,0,,22,10,0,0,0,4229.25,250.13,10,273.59,6,308.31,6,,,,,,,,,,,,,,,22,22
2011-03-31,9,355376,51787,0,,22,10,0,0,0,4229.25,250.13,10,273.59,6,308.31,6,,,,,,,,,,,,,,,22,22
2011-03-31,10,355376,51787,0,,22,10,0,0,0,4229.25,250.13,10,273.59,6,308.31,6,,,,,,,,,,,,,,,22,22
2011-03-31,11,355376,51787,0,,22,10,0,0,0,4229.25,250.13,10,273.59,6,308.31,6,,,,,,,,,,,,,,,22,22
2011-03-31,12,355376,51787,0,,22,10,0,0,0,4229.25,250.13,10,273.59,6,308.31,6,,,,,,,,,,,,,,,22,22
2011-03-31,13,355376,51787,0,,22,10,0,0,0,4229.25,250.13,10,273.59,6,308.31,6,,,,,,,,,,,,,,,22,22
2011-03-31,14,355376,51787,0,,22,10,0,0,0,4229.25,250.13,10,273.59,6,308.31,6,,,,,,,,,,,,,,,22,22
2011-03-31,15,355376,51787,0,,22,10,0,0,0,4229.25,250.13,10,273.59,6,308.31,6,,,,,,,,,,,,,,,22,22
2011-03-31,16,355376,51787,0,,22,10,0,0,0,4229.25,250.13,10,273.59,6,308.31,6,,,,,,,,,,,,,,,22,22
2011-03-31,17,355376,51787,0,,22,10,0,0,0,4229.25,250.13,10,273.59,6,308.31,6,,,,,,,,,,,,,,,22,22
2011-03-31,18,355376,51787,0,,22,10,0,0,0,4229.25,250.13,10,273.59,6,308.31,6,,,,,,,,,,,,,,,22,22
2011-03-31,19,355376,51787,0,,22,10,0,0,0,4229.25,250.13,10,273.59,6,308.31,6,,,,,,,,,,,,,,,22,22
2011-03-31,20,355376,51787,0,,22,10,0,0,0,4229.25,250.13,10,273.59,6,308.31,6,,,,,,,,,,,,,,,22,22
2011-03-31,21,355376,51787,0,,22,10,0,0,0,4229.25,250.13,10,273.59,6,308.31,6,,,,,,,,,,,,,,,22,22
2011-03-31,22,355376,51787,0,,22,10,0,0,0,4229.25,250.13,10,273.59,6,308.31,6,,,,,,,,,,,,,,,22,22
2011-03-31,23,355376,51787,0,,22,10,0,0,0,4229.25,250.13,10,273.59,6,308.31,6,,,,,,,,,,,,,,,22,22
2011-03-31,24,355376,51787,0,,22,10,0,0,0,4229.25,250.13,10,273.59,6,308.31,6,,,,,,,,,,,,,,,22,22
2011-03-31,1,355376,52005,0,,47,27,8081.56,6198.64,4315.72,0,36.11,13,36.91,7,37.44,7,48.6,17,180,3,,,,,,,,,,,0,0
2011-03-31,2,355376,52005,0,,47,27,8081.56,6198.64,4315.72,0,36.11,13,36.91,7,37.44,7,48.6,17,180,3,,,,,,,,,,,0,0
2011-03-31,3,355376,52005,0,,47,27,8081.56,6198.64,4315.72,0,36.11,13,36.91,7,37.44,7,48.6,17,180,3,,,,,,,,,,,0,0
2011-03-31,4,355376,52005,0,,47,27,8081.56,6198.64,4315.72,0,36.11,13,36.91,7,37.44,7,48.6,17,180,3,,,,,,,,,,,0,0
2011-03-31,5,355376,52005,0,,47,27,8081.56,6198.64,4315.72,0,36.11,13,36.91,7,37.44,7,48.6,17,180,3,,,,,,,,,,,0,0
2011-03-31,6,355376,52005,0,,47,27,8081.56,6198.64,4315.72,0,36.11,13,36.91,7,37.44,7,48.6,17,180,3,,,,,,,,,,,0,0
2011-03-31,7,355376,52005,0,,47,27,8081.56,6198.64,4315.72,0,36.11,13,36.91,7,37.44,7,48.6,17,180,3,,,,,,,,,,,0,0
2011-03-31,8,355376,52005,0,,47,27,8081.56,6198.64,4315.72,0,36.11,13,36.91,7,37.44,7,48.6,17,180,3,,,,,,,,,,,0,0
2011-03-31,9,355376,52005,0,,47,27,8081.56,6198.64,4315.72,0,36.11,13,36.91,7,37.44,7,48.6,17,180,3,,,,,,,,,,,0,0
2011-03-31,10,355376,52005,0,,47,27,8081.56,6198.64,4315.72,0,36.11,13,36.91,7,37.44,7,48.6,17,180,3,,,,,,,,,,,0,0
2011-03-31,11,355376,52005,0,,47,27,8081.56,6198.64,4315.72,0,36.11,13,36.91,7,37.44,7,48.6,17,180,3,,,,,,,,,,,0,0
2011-03-31,12,355376,52005,0,,47,27,8081.56,6198.64,4315.72,0,36.11,13,36.91,7,37.44,7,48.6,17,180,3,,,,,,,,,,,0,0
2011-03-31,13,355376,52005,0,,47,27,8081.56,6198.64,4315.72,0,36.11,13,36.91,7,37.44,7,48.6,17,180,3,,,,,,,,,,,0,0
2011-03-31,14,355376,52005,0,,47,27,8081.56,6198.64,4315.72,0,36.11,13,36.91,7,37.44,7,48.6,17,180,3,,,,,,,,,,,0,0
2011-03-31,15,355376,52005,0,,47,27,8081.56,6198.64,4315.72,0,36.11,13,36.91,7,37.44,7,48.6,17,180,3,,,,,,,,,,,0,0
2011-03-31,16,355376,52005,0,,47,27,8081.56,6198.64,4315.72,0,36.11,13,36.91,7,37.44,7,48.6,17,180,3,,,,,,,,,,,0,0
2011-03-31,17,355376,52005,0,,47,27,8081.56,6198.64,4315.72,0,36.11,13,36.91,7,37.44,7,48.6,17,180,3,,,,,,,,,,,0,0
2011-03-31,18,355376,52005,0,,47,27,8081.56,6198.64,4315.72,0,36.11,13,36.91,7,37.44,7,48.6,17,180,3,,,,,,,,,,,0,0
2011-03-31,19,355376,52005,0,,47,27,8081.56,6198.64,4315.72,0,36.11,13,36.91,7,37.44,7,48.6,17,180,3,,,,,,,,,,,0,0
2011-03-31,20,355376,52005,0,,47,27,8081.56,6198.64,4315.72,0,36.11,13,36.91,7,37.44,7,48.6,17,180,3,,,,,,,,,,,0,0
2011-03-31,21,355376,52005,0,,47,27,8081.56,6198.64,4315.72,0,36.11,13,36.91,7,37.44,7,48.6,17,180,3,,,,,,,,,,,0,0
2011-03-31,22,355376,52005,0,,47,27,8081.56,6198.64,4315.72,0,36.11,13,36.91,7,37.44,7,48.6,17,180,3,,,,,,,,,,,0,0
2011-03-31,23,355376,52005,0,,47,27,8081.56,6198.64,4315.72,0,36.11,13,36.91,7,37.44,7,48.6,17,180,3,,,,,,,,,,,0,0
2011-03-31,24,355376,52005,0,,47,27,8081.56,6198.64,4315.72,0,36.11,13,36.91,7,37.44,7,48.6,17,180,3,,,,,,,,,,,0,0
2011-03-31,1,355376,54750,240,,343,240,109820.81,78445.19,47069.57,0,50,150,50,30,50,30,50,50,50,30,50,15,50,10,50,17,500,3,501,8,0,0
2011-03-31,2,355376,54750,240,,343,240,109820.81,78445.19,47069.57,0,50,150,50,30,50,30,50,50,50,30,50,15,50,10,50,17,500,3,501,8,0,0
2011-03-31,3,355376,54750,240,,343,240,109820.81,78445.19,47069.57,0,50,150,50,30,50,30,50,50,50,30,50,15,50,10,50,17,500,3,501,8,0,0
2011-03-31,4,355376,54750,240,,343,240,109820.81,78445.19,47069.57,0,50,150,50,30,50,30,50,50,50,30,50,15,50,10,50,17,500,3,501,8,0,0
2011-03-31,5,355376,54750,240,,343,240,109820.81,78445.19,47069.57,0,50,150,50,30,50,30,50,50,50,30,50,15,50,10,50,17,500,3,501,8,0,0
2011-03-31,6,355376,54750,240,,343,240,109820.81,78445.19,47069.57,0,50,150,50,30,50,30,50,50,50,30,50,15,50,10,50,17,500,3,501,8,0,0
2011-03-31,7,355376,54750,240,,343,240,109820.81,78445.19,47069.57,0,50,150,50,30,50,30,50,50,50,30,50,15,50,10,50,17,500,3,501,8,0,0
2011-03-31,8,355376,54750,240,,343,240,109820.81,78445.19,47069.57,0,50,150,50,30,50,30,50,50,50,30,50,15,50,10,50,17,500,3,501,8,0,0
2011-03-31,9,355376,54750,240,,343,240,109820.81,78445.19,47069.57,0,50,150,50,30,50,30,50,50,50,30,50,15,50,10,50,17,500,3,501,8,0,0
2011-03-31,10,355376,54750,240,,343,240,109820.81,78445.19,47069.57,0,50,150,50,30,50,30,50,50,50,30,50,15,50,10,50,17,500,3,501,8,0,0
2011-03-31,11,355376,54750,240,,343,240,109820.81,78445.19,47069.57,0,50,150,50,30,50,30,50,50,50,30,50,15,50,10,50,17,500,3,501,8,0,0
2011-03-31,12,355376,54750,240,,343,240,109820.81,78445.19,47069.57,0,50,150,50,30,50,30,50,50,50,30,50,15,50,10,50,17,500,3,501,8,0,0
2011-03-31,13,355376,54750,240,,343,240,109820.81,78445.19,47069.57,0,50,150,50,30,50,30,50,50,50,30,50,15,50,10,50,17,500,3,501,8,0,0
2011-03-31,14,355376,54750,240,,343,240,109820.81,78445.19,47069.57,0,50,150,50,30,50,30,50,50,50,30,50,15,50,10,50,17,500,3,501,8,0,0
2011-03-31,15,355376,54750,240,,343,240,109820.81,78445.19,47069.57,0,50,150,50,30,50,30,50,50,50,30,50,15,50,10,50,17,500,3,501,8,0,0
2011-03-31,16,355376,54750,240,,343,240,109820.81,78445.19,47069.57,0,50,150,50,30,50,30,50,50,50,30,50,15,50,10,50,17,500,3,501,8,0,0
2011-03-31,17,355376,54750,240,,343,240,109820.81,78445.19,47069.57,0,50,150,50,30,50,30,50,50,50,30,50,15,50,10,50,17,500,3,501,8,0,0
2011-03-31,18,355376,54750,240,,343,240,109820.81,78445.19,47069.57,0,50,150,50,30,50,30,50,50,50,30,50,15,50,10,50,17,500,3,501,8,0,0
2011-03-31,19,355376,54750,240,,343,240,109820.81,78445.19,47069.57,0,50,150,50,30,50,30,50,50,50,30,50,15,50,10,50,17,500,3,501,8,0,0
2011-03-31,20,355376,54750,240,,343,240,109820.81,78445.19,47069.57,0,50,150,50,30,50,30,50,50,50,30,50,15,50,10,50,17,500,3,501,8,0,0
2011-03-31,21,355376,54750,240,,343,240,109820.81,78445.19,47069.57,0,50,150,50,30,50,30,50,50,50,30,50,15,50,10,50,17,500,3,501,8,0,0
2011-03-31,22,355376,54750,240,,343,240,109820.81,78445.19,47069.57,0,50,150,50,30,50,30,50,50,50,30,50,15,50,10,50,17,500,3,501,8,0,0
2011-03-31,23,355376,54750,240,,343,240,109820.81,78445.19,47069.57,0,50,150,50,30,50,30,50,50,50,30,50,15,50,10,50,17,500,3,501,8,0,0
2011-03-31,24,355376,54750,240,,343,240,109820.81,78445.19,47069.57,0,50,150,50,30,50,30,50,50,50,30,50,15,50,10,50,17,500,3,501,8,0,0
2011-03-31,1,355376,60331,0,,10,4,0,0,0,0,0,10,,,,,,,,,,,,,,,,,,,0,0
2011-03-31,2,355376,60331,0,,10,4,0,0,0,0,0,10,,,,,,,,,,,,,,,,,,,0,0
2011-03-31,3,355376,60331,0,,10,4,0,0,0,0,0,10,,,,,,,,,,,,,,,,,,,0,0
2011-03-31,4,355376,60331,0,,10,4,0,0,0,0,0,10,,,,,,,,,,,,,,,,,,,0,0
2011-03-31,5,355376,60331,0,,10,4,0,0,0,0,0,10,,,,,,,,,,,,,,,,,,,0,0
2011-03-31,6,355376,60331,0,,10,4,0,0,0,0,0,10,,,,,,,,,,,,,,,,,,,0,0
2011-03-31,7,355376,60331,0,,10,4,0,0,0,0,0,10,,,,,,,,,,,,,,,,,,,0,0
2011-03-31,8,355376,60331,0,,10,4,0,0,0,0,0,10,,,,,,,,,,,,,,,,,,,0,0
2011-03-31,9,355376,60331,0,,10,4,0,0,0,0,0,10,,,,,,,,,,,,,,,,,,,0,0
2011-03-31,10,355376,60331,0,,10,4,0,0,0,0,0,10,,,,,,,,,,,,,,,,,,,0,0
2011-03-31,11,355376,60331,0,,10,4,0,0,0,0,0,10,,,,,,,,,,,,,,,,,,,0,0
2011-03-31,12,355376,60331,0,,10,4,0,0,0,0,0,10,,,,,,,,,,,,,,,,,,,0,0
2011-03-31,13,355376,60331,0,,10,4,0,0,0,0,0,10,,,,,,,,,,,,,,,,,,,0,0
2011-03-31,14,355376,60331,0,,10,4,0,0,0,0,0,10,,,,,,,,,,,,,,,,,,,0,0
2011-03-31,15,355376,60331,0,,10,4,0,0,0,0,0,10,,,,,,,,,,,,,,,,,,,0,0
2011-03-31,16,355376,60331,0,,10,4,0,0,0,0,0,10,,,,,,,,,,,,,,,,,,,0,0
2011-03-31,17,355376,60331,0,,10,4,0,0,0,0,0,10,,,,,,,,,,,,,,,,,,,0,0
2011-03-31,18,355376,60331,0,,10,4,0,0,0,0,0,10,,,,,,,,,,,,,,,,,,,0,0
2011-03-31,19,355376,60331,0,,10,4,0,0,0,0,0,10,,,,,,,,,,,,,,,,,,,0,0
2011-03-31,20,355376,60331,0,,10,4,0,0,0,0,0,10,,,,,,,,,,,,,,,,,,,0,0
2011-03-31,21,355376,60331,0,,10,4,0,0,0,0,0,10,,,,,,,,,,,,,,,,,,,0,0
2011-03-31,22,355376,60331,0,,10,4,0,0,0,0,0,10,,,,,,,,,,,,,,,,,,,0,0
2011-03-31,23,355376,60331,0,,10,4,0,0,0,0,0,10,,,,,,,,,,,,,,,,,,,0,0
2011-03-31,24,355376,60331,0,,10,4,0,0,0,0,0,10,,,,,,,,,,,,,,,,,,,0,0
2011-03-31,1,355376,62064,13,,47,13,8081.56,6198.64,4315.72,0,45.27,13,47.22,7,47.82,7,48.12,17,180,3,,,,,,,,,,,0,0
2011-03-31,2,355376,62064,13,,47,13,8081.56,6198.64,4315.72,0,45.27,13,47.22,7,47.82,7,48.12,17,180,3,,,,,,,,,,,0,0
2011-03-31,3,355376,62064,13,,47,13,8081.56,6198.64,4315.72,0,45.27,13,47.22,7,47.82,7,48.12,17,180,3,,,,,,,,,,,0,0
2011-03-31,4,355376,62064,13,,47,13,8081.56,6198.64,4315.72,0,45.27,13,47.22,7,47.82,7,48.12,17,180,3,,,,,,,,,,,0,0
2011-03-31,5,355376,62064,13,,47,13,8081.56,6198.64,4315.72,0,45.27,13,47.22,7,47.82,7,48.12,17,180,3,,,,,,,,,,,0,0
2011-03-31,6,355376,62064,13,,47,13,8081.56,6198.64,4315.72,0,45.27,13,47.22,7,47.82,7,48.12,17,180,3,,,,,,,,,,,0,0
2011-03-31,7,355376,62064,13,,47,13,8081.56,6198.64,4315.72,0,45.27,13,47.22,7,47.82,7,48.12,17,180,3,,,,,,,,,,,0,0
2011-03-31,8,355376,62064,44,,47,44,8081.56,6198.64,4315.72,0,45.27,13,47.22,7,47.82,7,48.12,17,180,3,,,,,,,,,,,0,0
2011-03-31,9,355376,62064,44,,47,44,8081.56,6198.64,4315.72,0,45.27,13,47.22,7,47.82,7,48.12,17,180,3,,,,,,,,,,,0,0
2011-03-31,10,355376,62064,44,,47,44,8081.56,6198.64,4315.72,0,45.27,13,47.22,7,47.82,7,48.12,17,180,3,,,,,,,,,,,0,0
2011-03-31,11,355376,62064,44,,47,44,8081.56,6198.64,4315.72,0,45.27,13,47.22,7,47.82,7,48.12,17,180,3,,,,,,,,,,,0,0
2011-03-31,12,355376,62064,44,,47,44,8081.56,6198.64,4315.72,0,45.27,13,47.22,7,47.82,7,48.12,17,180,3,,,,,,,,,,,0,0
2011-03-31,13,355376,62064,44,,47,44,8081.56,6198.64,4315.72,0,45.27,13,47.22,7,47.82,7,48.12,17,180,3,,,,,,,,,,,0,0
2011-03-31,14,355376,62064,44,,47,44,8081.56,6198.64,4315.72,0,45.27,13,47.22,7,47.82,7,48.12,17,180,3,,,,,,,,,,,0,0
2011-03-31,15,355376,62064,44,,47,44,8081.56,6198.64,4315.72,0,45.27,13,47.22,7,47.82,7,48.12,17,180,3,,,,,,,,,,,0,0
2011-03-31,16,355376,62064,44,,47,44,8081.56,6198.64,4315.72,0,45.27,13,47.22,7,47.82,7,48.12,17,180,3,,,,,,,,,,,0,0
2011-03-31,17,355376,62064,44,,47,44,8081.56,6198.64,4315.72,0,45.27,13,47.22,7,47.82,7,48.12,17,180,3,,,,,,,,,,,0,0
2011-03-31,18,355376,62064,44,,47,44,8081.56,6198.64,4315.72,0,45.27,13,47.22,7,47.82,7,48.12,17,180,3,,,,,,,,,,,0,0
2011-03-31,19,355376,62064,44,,47,44,8081.56,6198.64,4315.72,0,45.27,13,47.22,7,47.82,7,48.12,17,180,3,,,,,,,,,,,0,0
2011-03-31,20,355376,62064,44,,47,44,8081.56,6198.64,4315.72,0,45.27,13,47.22,7,47.82,7,48.12,17,180,3,,,,,,,,,,,0,0
2011-03-31,21,355376,62064,44,,47,44,8081.56,6198.64,4315.72,0,45.27,13,47.22,7,47.82,7,48.12,17,180,3,,,,,,,,,,,0,0
2011-03-31,22,355376,62064,44,,47,44,8081.56,6198.64,4315.72,0,45.27,13,47.22,7,47.82,7,48.12,17,180,3,,,,,,,,,,,0,0
2011-03-31,23,355376,62064,44,,47,44,8081.56,6198.64,4315.72,0,45.27,13,47.22,7,47.82,7,48.12,17,180,3,,,,,,,,,,,0,0
2011-03-31,24,355376,62064,13,,47,13,8081.56,6198.64,4315.72,0,45.27,13,47.22,7,47.82,7,48.12,17,180,3,,,,,,,,,,,0,0
2011-03-31,1,355376,62469,1,,1,1,0,0,0,0,0,2,,,,,,,,,,,,,,,,,,,0,0
2011-03-31,2,355376,62469,1,,1,1,0,0,0,0,0,2,,,,,,,,,,,,,,,,,,,0,0
2011-03-31,3,355376,62469,1,,1,1,0,0,0,0,0,2,,,,,,,,,,,,,,,,,,,0,0
2011-03-31,4,355376,62469,1,,1,1,0,0,0,0,0,2,,,,,,,,,,,,,,,,,,,0,0
2011-03-31,5,355376,62469,1,,1,1,0,0,0,0,0,2,,,,,,,,,,,,,,,,,,,0,0
2011-03-31,6,355376,62469,1,,1,1,0,0,0,0,0,2,,,,,,,,,,,,,,,,,,,0,0
2011-03-31,7,355376,62469,1,,1,1,0,0,0,0,0,2,,,,,,,,,,,,,,,,,,,0,0
2011-03-31,8,355376,62469,1,,1,1,0,0,0,0,0,2,,,,,,,,,,,,,,,,,,,0,0
2011-03-31,9,355376,62469,1,,1,1,0,0,0,0,0,2,,,,,,,,,,,,,,,,,,,0,0
2011-03-31,10,355376,62469,1,,1,1,0,0,0,0,0,2,,,,,,,,,,,,,,,,,,,0,0
2011-03-31,11,355376,62469,1,,1,1,0,0,0,0,0,2,,,,,,,,,,,,,,,,,,,0,0
2011-03-31,12,355376,62469,1,,1,1,0,0,0,0,0,2,,,,,,,,,,,,,,,,,,,0,0
2011-03-31,13,355376,62469,1,,1,1,0,0,0,0,0,2,,,,,,,,,,,,,,,,,,,0,0
2011-03-31,14,355376,62469,1,,1,1,0,0,0,0,0,2,,,,,,,,,,,,,,,,,,,0,0
2011-03-31,15,355376,62469,1,,1,1,0,0,0,0,0,2,,,,,,,,,,,,,,,,,,,0,0
2011-03-31,16,355376,62469,1,,1,1,0,0,0,0,0,2,,,,,,,,,,,,,,,,,,,0,0
2011-03-31,17,355376,62469,1,,1,1,0,0,0,0,0,2,,,,,,,,,,,,,,,,,,,0,0
2011-03-31,18,355376,62469,1,,1,1,0,0,0,0,0,2,,,,,,,,,,,,,,,,,,,0,0
2011-03-31,19,355376,62469,1,,1,1,0,0,0,0,0,2,,,,,,,,,,,,,,,,,,,0,0
2011-03-31,20,355376,62469,1,,1,1,0,0,0,0,0,2,,,,,,,,,,,,,,,,,,,0,0
2011-03-31,21,355376,62469,1,,1,1,0,0,0,0,0,2,,,,,,,,,,,,,,,,,,,0,0
2011-03-31,22,355376,62469,1,,1,1,0,0,0,0,0,2,,,,,,,,,,,,,,,,,,,0,0
2011-03-31,23,355376,62469,1,,1,1,0,0,0,0,0,2,,,,,,,,,,,,,,,,,,,0,0
2011-03-31,24,355376,62469,1,,1,1,0,0,0,0,0,2,,,,,,,,,,,,,,,,,,,0,0
2011-03-31,1,355376,63678,9,,9,9,0,0,0,0,0,14,,,,,,,,,,,,,,,,,,,0,0
2011-03-31,2,355376,63678,9,,9,9,0,0,0,0,0,14,,,,,,,,,,,,,,,,,,,0,0
2011-03-31,3,355376,63678,9,,9,9,0,0,0,0,0,14,,,,,,,,,,,,,,,,,,,0,0
2011-03-31,4,355376,63678,9,,9,9,0,0,0,0,0,14,,,,,,,,,,,,,,,,,,,0,0
2011-03-31,5,355376,63678,9,,9,9,0,0,0,0,0,14,,,,,,,,,,,,,,,,,,,0,0
2011-03-31,6,355376,63678,9,,9,9,0,0,0,0,0,14,,,,,,,,,,,,,,,,,,,0,0
2011-03-31,7,355376,63678,9,,9,9,0,0,0,0,0,14,,,,,,,,,,,,,,,,,,,0,0
2011-03-31,8,355376,63678,9,,9,9,0,0,0,0,0,14,,,,,,,,,,,,,,,,,,,0,0
2011-03-31,9,355376,63678,9,,9,9,0,0,0,0,0,14,,,,,,,,,,,,,,,,,,,0,0
2011-03-31,10,355376,63678,9,,9,9,0,0,0,0,0,14,,,,,,,,,,,,,,,,,,,0,0
2011-03-31,11,355376,63678,9,,9,9,0,0,0,0,0,14,,,,,,,,,,,,,,,,,,,0,0
2011-03-31,12,355376,63678,9,,9,9,0,0,0,0,0,14,,,,,,,,,,,,,,,,,,,0,0
2011-03-31,13,355376,63678,9,,9,9,0,0,0,0,0,14,,,,,,,,,,,,,,,,,,,0,0
2011-03-31,14,355376,63678,9,,9,9,0,0,0,0,0,14,,,,,,,,,,,,,,,,,,,0,0
2011-03-31,15,355376,63678,9,,9,9,0,0,0,0,0,14,,,,,,,,,,,,,,,,,,,0,0
2011-03-31,16,355376,63678,9,,9,9,0,0,0,0,0,14,,,,,,,,,,,,,,,,,,,0,0
2011-03-31,17,355376,63678,9,,9,9,0,0,0,0,0,14,,,,,,,,,,,,,,,,,,,0,0
2011-03-31,18,355376,63678,9,,9,9,0,0,0,0,0,14,,,,,,,,,,,,,,,,,,,0,0
2011-03-31,19,355376,63678,9,,9,9,0,0,0,0,0,14,,,,,,,,,,,,,,,,,,,0,0
2011-03-31,20,355376,63678,9,,9,9,0,0,0,0,0,14,,,,,,,,,,,,,,,,,,,0,0
2011-03-31,21,355376,63678,9,,9,9,0,0,0,0,0,14,,,,,,,,,,,,,,,,,,,0,0
2011-03-31,22,355376,63678,9,,9,9,0,0,0,0,0,14,,,,,,,,,,,,,,,,,,,0,0
2011-03-31,23,355376,63678,9,,9,9,0,0,0,0,0,14,,,,,,,,,,,,,,,,,,,0,0
2011-03-31,24,355376,63678,9,,9,9,0,0,0,0,0,14,,,,,,,,,,,,,,,,,,,0,0
2011-03-31,1,355376,76250,13,,13,13,0,0,0,0,0,13,,,,,,,,,,,,,,,,,,,0,0
2011-03-31,2,355376,76250,13,,13,13,0,0,0,0,0,13,,,,,,,,,,,,,,,,,,,0,0
2011-03-31,3,355376,76250,13,,13,13,0,0,0,0,0,13,,,,,,,,,,,,,,,,,,,0,0
2011-03-31,4,355376,76250,13,,13,13,0,0,0,0,0,13,,,,,,,,,,,,,,,,,,,0,0
2011-03-31,5,355376,76250,13,,13,13,0,0,0,0,0,13,,,,,,,,,,,,,,,,,,,0,0
2011-03-31,6,355376,76250,13,,13,13,0,0,0,0,0,13,,,,,,,,,,,,,,,,,,,0,0
2011-03-31,7,355376,76250,13,,13,13,0,0,0,0,0,13,,,,,,,,,,,,,,,,,,,0,0
2011-03-31,8,355376,76250,13,,13,13,0,0,0,0,0,13,,,,,,,,,,,,,,,,,,,0,0
2011-03-31,9,355376,76250,13,,13,13,0,0,0,0,0,13,,,,,,,,,,,,,,,,,,,0,0
2011-03-31,10,355376,76250,13,,13,13,0,0,0,0,0,13,,,,,,,,,,,,,,,,,,,0,0
2011-03-31,11,355376,76250,13,,13,13,0,0,0,0,0,13,,,,,,,,,,,,,,,,,,,0,0
2011-03-31,12,355376,76250,13,,13,13,0,0,0,0,0,13,,,,,,,,,,,,,,,,,,,0,0
2011-03-31,13,355376,76250,13,,13,13,0,0,0,0,0,13,,,,,,,,,,,,,,,,,,,0,0
2011-03-31,14,355376,76250,13,,13,13,0,0,0,0,0,13,,,,,,,,,,,,,,,,,,,0,0
2011-03-31,15,355376,76250,13,,13,13,0,0,0,0,0,13,,,,,,,,,,,,,,,,,,,0,0
2011-03-31,16,355376,76250,13,,13,13,0,0,0,0,0,13,,,,,,,,,,,,,,,,,,,0,0
2011-03-31,17,355376,76250,13,,13,13,0,0,0,0,0,13,,,,,,,,,,,,,,,,,,,0,0
2011-03-31,18,355376,76250,13,,13,13,0,0,0,0,0,13,,,,,,,,,,,,,,,,,,,0,0
2011-03-31,19,355376,76250,13,,13,13,0,0,0,0,0,13,,,,,,,,,,,,,,,,,,,0,0
2011-03-31,20,355376,76250,13,,13,13,0,0,0,0,0,13,,,,,,,,,,,,,,,,,,,0,0
2011-03-31,21,355376,76250,13,,13,13,0,0,0,0,0,13,,,,,,,,,,,,,,,,,,,0,0
2011-03-31,22,355376,76250,13,,13,13,0,0,0,0,0,13,,,,,,,,,,,,,,,,,,,0,0
2011-03-31,23,355376,76250,13,,13,13,0,0,0,0,0,13,,,,,,,,,,,,,,,,,,,0,0
2011-03-31,24,355376,76250,13,,13,13,0,0,0,0,0,13,,,,,,,,,,,,,,,,,,,0,0
2011-03-31,1,355376,90983,40,,42.6,40,8081.56,6198.64,4315.72,0,24.93,13,24.93,7,24.93,13,24.93,4,150,5.6,,,,,,,,,,,0,0
2011-03-31,2,355376,90983,40,,42.6,40,8081.56,6198.64,4315.72,0,24.93,13,24.93,7,24.93,13,24.93,4,150,5.6,,,,,,,,,,,0,0
2011-03-31,3,355376,90983,40,,42.6,40,8081.56,6198.64,4315.72,0,24.93,13,24.93,7,24.93,13,24.93,4,150,5.6,,,,,,,,,,,0,0
2011-03-31,4,355376,90983,40,,42.6,40,8081.56,6198.64,4315.72,0,24.93,13,24.93,7,24.93,13,24.93,4,150,5.6,,,,,,,,,,,0,0
2011-03-31,5,355376,90983,40,,42.6,40,8081.56,6198.64,4315.72,0,24.93,13,24.93,7,24.93,13,24.93,4,150,5.6,,,,,,,,,,,0,0
2011-03-31,6,355376,90983,40,,42.6,40,8081.56,6198.64,4315.72,0,24.93,13,24.93,7,24.93,13,24.93,4,150,5.6,,,,,,,,,,,0,0
2011-03-31,7,355376,90983,40,,42.6,40,8081.56,6198.64,4315.72,0,24.93,13,24.93,7,24.93,13,24.93,4,150,5.6,,,,,,,,,,,0,0
2011-03-31,8,355376,90983,40,,42.6,40,8081.56,6198.64,4315.72,0,24.93,13,24.93,7,24.93,13,24.93,4,150,5.6,,,,,,,,,,,0,0
2011-03-31,9,355376,90983,40,,42.6,40,8081.56,6198.64,4315.72,0,24.93,13,24.93,7,24.93,13,24.93,4,150,5.6,,,,,,,,,,,0,0
2011-03-31,10,355376,90983,40,,42.6,40,8081.56,6198.64,4315.72,0,24.93,13,24.93,7,24.93,13,24.93,4,150,5.6,,,,,,,,,,,0,0
2011-03-31,11,355376,90983,40,,42.6,40,8081.56,6198.64,4315.72,0,24.93,13,24.93,7,24.93,13,24.93,4,150,5.6,,,,,,,,,,,0,0
2011-03-31,12,355376,90983,40,,42.6,40,8081.56,6198.64,4315.72,0,24.93,13,24.93,7,24.93,13,24.93,4,150,5.6,,,,,,,,,,,0,0
2011-03-31,13,355376,90983,40,,42.6,40,8081.56,6198.64,4315.72,0,24.93,13,24.93,7,24.93,13,24.93,4,150,5.6,,,,,,,,,,,0,0
2011-03-31,14,355376,90983,40,,42.6,40,8081.56,6198.64,4315.72,0,24.93,13,24.93,7,24.93,13,24.93,4,150,5.6,,,,,,,,,,,0,0
2011-03-31,15,355376,90983,40,,42.6,40,8081.56,6198.64,4315.72,0,24.93,13,24.93,7,24.93,13,24.93,4,150,5.6,,,,,,,,,,,0,0
2011-03-31,16,355376,90983,40,,42.6,40,8081.56,6198.64,4315.72,0,24.93,13,24.93,7,24.93,13,24.93,4,150,5.6,,,,,,,,,,,0,0
2011-03-31,17,355376,90983,40,,42.6,40,8081.56,6198.64,4315.72,0,24.93,13,24.93,7,24.93,13,24.93,4,150,5.6,,,,,,,,,,,0,0
2011-03-31,18,355376,90983,40,,42.6,40,8081.56,6198.64,4315.72,0,24.93,13,24.93,7,24.93,13,24.93,4,150,5.6,,,,,,,,,,,0,0
2011-03-31,19,355376,90983,40,,42.6,40,8081.56,6198.64,4315.72,0,24.93,13,24.93,7,24.93,13,24.93,4,150,5.6,,,,,,,,,,,0,0
2011-03-31,20,355376,90983,40,,42.6,40,8081.56,6198.64,4315.72,0,24.93,13,24.93,7,24.93,13,24.93,4,150,5.6,,,,,,,,,,,0,0
2011-03-31,21,355376,90983,40,,42.6,40,8081.56,6198.64,4315.72,0,24.93,13,24.93,7,24.93,13,24.93,4,150,5.6,,,,,,,,,,,0,0
2011-03-31,22,355376,90983,40,,42.6,40,8081.56,6198.64,4315.72,0,24.93,13,24.93,7,24.93,13,24.93,4,150,5.6,,,,,,,,,,,0,0
2011-03-31,23,355376,90983,40,,42.6,40,8081.56,6198.64,4315.72,0,24.93,13,24.93,7,24.93,13,24.93,4,150,5.6,,,,,,,,,,,0,0
2011-03-31,24,355376,90983,40,,42.6,40,8081.56,6198.64,4315.72,0,24.93,13,24.93,7,24.93,13,24.93,4,150,5.6,,,,,,,,,,,0,0
2011-03-31,1,355376,94398,17,,17,17,0,0,0,0,0,14,,,,,,,,,,,,,,,,,,,0,0
2011-03-31,2,355376,94398,17,,17,17,0,0,0,0,0,14,,,,,,,,,,,,,,,,,,,0,0
2011-03-31,3,355376,94398,17,,17,17,0,0,0,0,0,14,,,,,,,,,,,,,,,,,,,0,0
2011-03-31,4,355376,94398,17,,17,17,0,0,0,0,0,14,,,,,,,,,,,,,,,,,,,0,0
2011-03-31,5,355376,94398,17,,17,17,0,0,0,0,0,14,,,,,,,,,,,,,,,,,,,0,0
2011-03-31,6,355376,94398,17,,17,17,0,0,0,0,0,14,,,,,,,,,,,,,,,,,,,0,0
2011-03-31,7,355376,94398,17,,17,17,0,0,0,0,0,14,,,,,,,,,,,,,,,,,,,0,0
2011-03-31,8,355376,94398,17,,17,17,0,0,0,0,0,14,,,,,,,,,,,,,,,,,,,0,0
2011-03-31,9,355376,94398,17,,17,17,0,0,0,0,0,14,,,,,,,,,,,,,,,,,,,0,0
2011-03-31,10,355376,94398,17,,17,17,0,0,0,0,0,14,,,,,,,,,,,,,,,,,,,0,0
2011-03-31,11,355376,94398,17,,17,17,0,0,0,0,0,14,,,,,,,,,,,,,,,,,,,0,0
2011-03-31,12,355376,94398,17,,17,17,0,0,0,0,0,14,,,,,,,,,,,,,,,,,,,0,0
2011-03-31,13,355376,94398,17,,17,17,0,0,0,0,0,14,,,,,,,,,,,,,,,,,,,0,0
2011-03-31,14,355376,94398,17,,17,17,0,0,0,0,0,14,,,,,,,,,,,,,,,,,,,0,0
2011-03-31,15,355376,94398,17,,17,17,0,0,0,0,0,14,,,,,,,,,,,,,,,,,,,0,0
2011-03-31,16,355376,94398,17,,17,17,0,0,0,0,0,14,,,,,,,,,,,,,,,,,,,0,0
2011-03-31,17,355376,94398,17,,17,17,0,0,0,0,0,14,,,,,,,,,,,,,,,,,,,0,0
2011-03-31,18,355376,94398,17,,17,17,0,0,0,0,0,14,,,,,,,,,,,,,,,,,,,0,0
2011-03-31,19,355376,94398,17,,17,17,0,0,0,0,0,14,,,,,,,,,,,,,,,,,,,0,0
2011-03-31,20,355376,94398,17,,17,17,0,0,0,0,0,14,,,,,,,,,,,,,,,,,,,0,0
2011-03-31,21,355376,94398,17,,17,17,0,0,0,0,0,14,,,,,,,,,,,,,,,,,,,0,0
2011-03-31,22,355376,94398,17,,17,17,0,0,0,0,0,14,,,,,,,,,,,,,,,,,,,0,0
2011-03-31,23,355376,94398,17,,17,17,0,0,0,0,0,14,,,,,,,,,,,,,,,,,,,0,0
2011-03-31,24,355376,94398,17,,17,17,0,0,0,0,0,14,,,,,,,,,,,,,,,,,,,0,0
2011-03-31,1,355376,95081,16,,16,16,0,0,0,0,0,17,,,,,,,,,,,,,,,,,,,0,0
2011-03-31,2,355376,95081,16,,16,16,0,0,0,0,0,17,,,,,,,,,,,,,,,,,,,0,0
2011-03-31,3,355376,95081,16,,16,16,0,0,0,0,0,17,,,,,,,,,,,,,,,,,,,0,0
2011-03-31,4,355376,95081,16,,16,16,0,0,0,0,0,17,,,,,,,,,,,,,,,,,,,0,0
2011-03-31,5,355376,95081,16,,16,16,0,0,0,0,0,17,,,,,,,,,,,,,,,,,,,0,0
2011-03-31,6,355376,95081,16,,16,16,0,0,0,0,0,17,,,,,,,,,,,,,,,,,,,0,0
2011-03-31,7,355376,95081,16,,16,16,0,0,0,0,0,17,,,,,,,,,,,,,,,,,,,0,0
2011-03-31,8,355376,95081,16,,16,16,0,0,0,0,0,17,,,,,,,,,,,,,,,,,,,0,0
2011-03-31,9,355376,95081,16,,16,16,0,0,0,0,0,17,,,,,,,,,,,,,,,,,,,0,0
2011-03-31,10,355376,95081,16,,16,16,0,0,0,0,0,17,,,,,,,,,,,,,,,,,,,0,0
2011-03-31,11,355376,95081,16,,16,16,0,0,0,0,0,17,,,,,,,,,,,,,,,,,,,0,0
2011-03-31,12,355376,95081,16,,16,16,0,0,0,0,0,17,,,,,,,,,,,,,,,,,,,0,0
2011-03-31,13,355376,95081,16,,16,16,0,0,0,0,0,17,,,,,,,,,,,,,,,,,,,0,0
2011-03-31,14,355376,95081,16,,16,16,0,0,0,0,0,17,,,,,,,,,,,,,,,,,,,0,0
2011-03-31,15,355376,95081,16,,16,16,0,0,0,0,0,17,,,,,,,,,,,,,,,,,,,0,0
2011-03-31,16,355376,95081,16,,16,16,0,0,0,0,0,17,,,,,,,,,,,,,,,,,,,0,0
2011-03-31,17,355376,95081,16,,16,16,0,0,0,0,0,17,,,,,,,,,,,,,,,,,,,0,0
2011-03-31,18,355376,95081,16,,16,16,0,0,0,0,0,17,,,,,,,,,,,,,,,,,,,0,0
2011-03-31,19,355376,95081,16,,16,16,0,0,0,0,0,17,,,,,,,,,,,,,,,,,,,0,0
2011-03-31,20,355376,95081,16,,16,16,0,0,0,0,0,17,,,,,,,,,,,,,,,,,,,0,0
2011-03-31,21,355376,95081,16,,16,16,0,0,0,0,0,17,,,,,,,,,,,,,,,,,,,0,0
2011-03-31,22,355376,95081,16,,16,16,0,0,0,0,0,17,,,,,,,,,,,,,,,,,,,0,0
2011-03-31,23,355376,95081,16,,16,16,0,0,0,0,0,17,,,,,,,,,,,,,,,,,,,0,0
2011-03-31,24,355376,95081,16,,16,16,0,0,0,0,0,17,,,,,,,,,,,,,,,,,,,0,0
2011-03-31,1,355376,99493,0,,18.5,10,0,0,0,3626.97,217.16,10,272.8,6,310.61,2.5,,,,,,,,,,,,,,,18.5,18.5
2011-03-31,2,355376,99493,0,,18.5,10,0,0,0,3626.97,217.16,10,272.8,6,310.61,2.5,,,,,,,,,,,,,,,18.5,18.5
2011-03-31,3,355376,99493,0,,18.5,10,0,0,0,3626.97,217.16,10,272.8,6,310.61,2.5,,,,,,,,,,,,,,,18.5,18.5
2011-03-31,4,355376,99493,0,,18.5,10,0,0,0,3626.97,217.16,10,272.8,6,310.61,2.5,,,,,,,,,,,,,,,18.5,18.5
2011-03-31,5,355376,99493,0,,18.5,10,0,0,0,3626.97,217.16,10,272.8,6,310.61,2.5,,,,,,,,,,,,,,,18.5,18.5
2011-03-31,6,355376,99493,0,,18.5,10,0,0,0,3626.97,217.16,10,272.8,6,310.61,2.5,,,,,,,,,,,,,,,18.5,18.5
2011-03-31,7,355376,99493,0,,18.5,10,0,0,0,3626.97,217.16,10,272.8,6,310.61,2.5,,,,,,,,,,,,,,,18.5,18.5
2011-03-31,8,355376,99493,0,,18.5,10,0,0,0,3626.97,217.16,10,272.8,6,310.61,2.5,,,,,,,,,,,,,,,18.5,18.5
2011-03-31,9,355376,99493,0,,18.5,10,0,0,0,3626.97,217.16,10,272.8,6,310.61,2.5,,,,,,,,,,,,,,,18.5,18.5
2011-03-31,10,355376,99493,0,,18.5,10,0,0,0,3626.97,217.16,10,272.8,6,310.61,2.5,,,,,,,,,,,,,,,18.5,18.5
2011-03-31,11,355376,99493,0,,18.5,10,0,0,0,3626.97,217.16,10,272.8,6,310.61,2.5,,,,,,,,,,,,,,,18.5,18.5
2011-03-31,12,355376,99493,0,,18.5,10,0,0,0,3626.97,217.16,10,272.8,6,310.61,2.5,,,,,,,,,,,,,,,18.5,18.5
2011-03-31,13,355376,99493,0,,18.5,10,0,0,0,3626.97,217.16,10,272.8,6,310.61,2.5,,,,,,,,,,,,,,,18.5,18.5
2011-03-31,14,355376,99493,0,,18.5,10,0,0,0,3626.97,217.16,10,272.8,6,310.61,2.5,,,,,,,,,,,,,,,18.5,18.5
2011-03-31,15,355376,99493,0,,18.5,10,0,0,0,3626.97,217.16,10,272.8,6,310.61,2.5,,,,,,,,,,,,,,,18.5,18.5
2011-03-31,16,355376,99493,0,,18.5,10,0,0,0,3626.97,217.16,10,272.8,6,310.61,2.5,,,,,,,,,,,,,,,18.5,18.5
2011-03-31,17,355376,99493,0,,18.5,10,0,0,0,3626.97,217.16,10,272.8,6,310.61,2.5,,,,,,,,,,,,,,,18.5,18.5
2011-03-31,18,355376,99493,0,,18.5,10,0,0,0,3626.97,217.16,10,272.8,6,310.61,2.5,,,,,,,,,,,,,,,18.5,18.5
2011-03-31,19,355376,99493,0,,18.5,10,0,0,0,3626.97,217.16,10,272.8,6,310.61,2.5,,,,,,,,,,,,,,,18.5,18.5
2011-03-31,20,355376,99493,0,,18.5,10,0,0,0,3626.97,217.16,10,272.8,6,310.61,2.5,,,,,,,,,,,,,,,18.5,18.5
2011-03-31,21,355376,99493,0,,18.5,10,0,0,0,3626.97,217.16,10,272.8,6,310.61,2.5,,,,,,,,,,,,,,,18.5,18.5
2011-03-31,22,355376,99493,0,,18.5,10,0,0,0,3626.97,217.16,10,272.8,6,310.61,2.5,,,,,,,,,,,,,,,18.5,18.5
2011-03-31,23,355376,99493,0,,18.5,10,0,0,0,3626.97,217.16,10,272.8,6,310.61,2.5,,,,,,,,,,,,,,,18.5,18.5
2011-03-31,24,355376,99493,0,,18.5,10,0,0,0,3626.97,217.16,10,272.8,6,310.61,2.5,,,,,,,,,,,,,,,18.5,18.5
2011-03-31,1,364108,26086,0,192,8.3,7.5,100,100,100,0,250,8,,,,,,,,,,,,,,,,,,,7.5,7.5
2011-03-31,2,364108,26086,0,192,8.3,7.5,100,100,100,0,250,8,,,,,,,,,,,,,,,,,,,7.5,7.5
2011-03-31,3,364108,26086,0,192,8.3,7.5,100,100,100,0,250,8,,,,,,,,,,,,,,,,,,,7.5,7.5
2011-03-31,4,364108,26086,0,192,8.3,7.5,100,100,100,0,250,8,,,,,,,,,,,,,,,,,,,7.5,7.5
2011-03-31,5,364108,26086,0,192,8.3,7.5,100,100,100,0,250,8,,,,,,,,,,,,,,,,,,,7.5,7.5
2011-03-31,6,364108,26086,0,192,8.3,7.5,100,100,100,0,250,8,,,,,,,,,,,,,,,,,,,7.5,7.5
2011-03-31,7,364108,26086,0,192,8.3,7.5,100,100,100,0,250,8,,,,,,,,,,,,,,,,,,,7.5,7.5
2011-03-31,8,364108,26086,0,192,8.3,7.5,100,100,100,0,250,8,,,,,,,,,,,,,,,,,,,7.5,7.5
2011-03-31,9,364108,26086,0,192,8.3,7.5,100,100,100,0,250,8,,,,,,,,,,,,,,,,,,,7.5,7.5
2011-03-31,10,364108,26086,0,192,8.3,7.5,100,100,100,0,250,8,,,,,,,,,,,,,,,,,,,7.5,7.5
2011-03-31,11,364108,26086,0,192,8.3,7.5,100,100,100,0,250,8,,,,,,,,,,,,,,,,,,,7.5,7.5
2011-03-31,12,364108,26086,0,192,8.3,7.5,100,100,100,0,250,8,,,,,,,,,,,,,,,,,,,7.5,7.5
2011-03-31,13,364108,26086,0,192,8.3,7.5,100,100,100,0,250,8,,,,,,,,,,,,,,,,,,,7.5,7.5
2011-03-31,14,364108,26086,0,192,8.3,7.5,100,100,100,0,250,8,,,,,,,,,,,,,,,,,,,7.5,7.5
2011-03-31,15,364108,26086,0,192,8.3,7.5,100,100,100,0,250,8,,,,,,,,,,,,,,,,,,,7.5,7.5
2011-03-31,16,364108,26086,0,192,8.3,7.5,100,100,100,0,250,8,,,,,,,,,,,,,,,,,,,7.5,7.5
2011-03-31,17,364108,26086,0,192,8.3,7.5,100,100,100,0,250,8,,,,,,,,,,,,,,,,,,,7.5,7.5
2011-03-31,18,364108,26086,0,192,8.3,7.5,100,100,100,0,250,8,,,,,,,,,,,,,,,,,,,7.5,7.5
2011-03-31,19,364108,26086,0,192,8.3,7.5,100,100,100,0,250,8,,,,,,,,,,,,,,,,,,,7.5,7.5
2011-03-31,20,364108,26086,0,192,8.3,7.5,100,100,100,0,250,8,,,,,,,,,,,,,,,,,,,7.5,7.5
2011-03-31,21,364108,26086,0,192,8.3,7.5,100,100,100,0,250,8,,,,,,,,,,,,,,,,,,,7.5,7.5
2011-03-31,22,364108,26086,0,192,8.3,7.5,100,100,100,0,250,8,,,,,,,,,,,,,,,,,,,7.5,7.5
2011-03-31,23,364108,26086,0,192,8.3,7.5,100,100,100,0,250,8,,,,,,,,,,,,,,,,,,,7.5,7.5
2011-03-31,24,364108,26086,0,192,8.3,7.5,100,100,100,0,250,8,,,,,,,,,,,,,,,,,,,7.5,7.5
2011-03-31,1,375291,26783,7,,7,7,0,0,0,0,0,8.4,,,,,,,,,,,,,,,,,,,0,0
2011-03-31,2,375291,26783,7,,7,7,0,0,0,0,0,8.4,,,,,,,,,,,,,,,,,,,0,0
2011-03-31,3,375291,26783,7,,7,7,0,0,0,0,0,8.4,,,,,,,,,,,,,,,,,,,0,0
2011-03-31,4,375291,26783,7,,7,7,0,0,0,0,0,8.4,,,,,,,,,,,,,,,,,,,0,0
2011-03-31,5,375291,26783,7,,7,7,0,0,0,0,0,8.4,,,,,,,,,,,,,,,,,,,0,0
2011-03-31,6,375291,26783,7,,7,7,0,0,0,0,0,8.4,,,,,,,,,,,,,,,,,,,0,0
2011-03-31,7,375291,26783,7,,7,7,0,0,0,0,0,8.4,,,,,,,,,,,,,,,,,,,0,0
2011-03-31,8,375291,26783,7,,7,7,0,0,0,0,0,8.4,,,,,,,,,,,,,,,,,,,0,0
2011-03-31,9,375291,26783,7,,7,7,0,0,0,0,0,8.4,,,,,,,,,,,,,,,,,,,0,0
2011-03-31,10,375291,26783,7,,7,7,0,0,0,0,0,8.4,,,,,,,,,,,,,,,,,,,0,0
2011-03-31,11,375291,26783,7,,7,7,0,0,0,0,0,8.4,,,,,,,,,,,,,,,,,,,0,0
2011-03-31,12,375291,26783,7,,7,7,0,0,0,0,0,8.4,,,,,,,,,,,,,,,,,,,0,0
2011-03-31,13,375291,26783,7,,7,7,0,0,0,0,0,8.4,,,,,,,,,,,,,,,,,,,0,0
2011-03-31,14,375291,26783,7,,7,7,0,0,0,0,0,8.4,,,,,,,,,,,,,,,,,,,0,0
2011-03-31,15,375291,26783,7,,7,7,0,0,0,0,0,8.4,,,,,,,,,,,,,,,,,,,0,0
2011-03-31,16,375291,26783,7,,7,7,0,0,0,0,0,8.4,,,,,,,,,,,,,,,,,,,0,0
2011-03-31,17,375291,26783,7,,7,7,0,0,0,0,0,8.4,,,,,,,,,,,,,,,,,,,0,0
2011-03-31,18,375291,26783,7,,7,7,0,0,0,0,0,8.4,,,,,,,,,,,,,,,,,,,0,0
2011-03-31,19,375291,26783,7,,7,7,0,0,0,0,0,8.4,,,,,,,,,,,,,,,,,,,0,0
2011-03-31,20,375291,26783,7,,7,7,0,0,0,0,0,8.4,,,,,,,,,,,,,,,,,,,0,0
2011-03-31,21,375291,26783,7,,7,7,0,0,0,0,0,8.4,,,,,,,,,,,,,,,,,,,0,0
2011-03-31,22,375291,26783,7,,7,7,0,0,0,0,0,8.4,,,,,,,,,,,,,,,,,,,0,0
2011-03-31,23,375291,26783,7,,7,7,0,0,0,0,0,8.4,,,,,,,,,,,,,,,,,,,0,0
2011-03-31,24,375291,26783,7,,7,7,0,0,0,0,0,8.4,,,,,,,,,,,,,,,,,,,0,0
2011-03-31,1,375492,73325,0,,23,23,0,0,0,0,,,,,,,,,,,,,,,,,,,,,0,0
2011-03-31,2,375492,73325,0,,23,23,0,0,0,0,,,,,,,,,,,,,,,,,,,,,0,0
2011-03-31,3,375492,73325,0,,23,23,0,0,0,0,,,,,,,,,,,,,,,,,,,,,0,0
2011-03-31,4,375492,73325,0,,23,23,0,0,0,0,,,,,,,,,,,,,,,,,,,,,0,0
2011-03-31,5,375492,73325,0,,23,23,0,0,0,0,,,,,,,,,,,,,,,,,,,,,0,0
2011-03-31,6,375492,73325,0,,23,23,0,0,0,0,,,,,,,,,,,,,,,,,,,,,0,0
2011-03-31,7,375492,73325,0,,23,23,0,0,0,0,,,,,,,,,,,,,,,,,,,,,0,0
2011-03-31,8,375492,73325,0,,23,23,0,0,0,0,,,,,,,,,,,,,,,,,,,,,0,0
2011-03-31,9,375492,73325,0,,23,23,0,0,0,0,,,,,,,,,,,,,,,,,,,,,0,0
2011-03-31,10,375492,73325,0,,23,23,0,0,0,0,,,,,,,,,,,,,,,,,,,,,0,0
2011-03-31,11,375492,73325,0,,23,23,0,0,0,0,,,,,,,,,,,,,,,,,,,,,0,0
2011-03-31,12,375492,73325,0,,23,23,0,0,0,0,,,,,,,,,,,,,,,,,,,,,0,0
2011-03-31,13,375492,73325,0,,23,23,0,0,0,0,,,,,,,,,,,,,,,,,,,,,0,0
2011-03-31,14,375492,73325,0,,23,23,0,0,0,0,,,,,,,,,,,,,,,,,,,,,0,0
2011-03-31,15,375492,73325,0,,23,23,0,0,0,0,,,,,,,,,,,,,,,,,,,,,0,0
2011-03-31,16,375492,73325,0,,23,23,0,0,0,0,,,,,,,,,,,,,,,,,,,,,0,0
2011-03-31,17,375492,73325,0,,23,23,0,0,0,0,,,,,,,,,,,,,,,,,,,,,0,0
2011-03-31,18,375492,73325,0,,23,23,0,0,0,0,,,,,,,,,,,,,,,,,,,,,0,0
2011-03-31,19,375492,73325,0,,23,23,0,0,0,0,,,,,,,,,,,,,,,,,,,,,0,0
2011-03-31,20,375492,73325,0,,23,23,0,0,0,0,,,,,,,,,,,,,,,,,,,,,0,0
2011-03-31,21,375492,73325,0,,23,23,0,0,0,0,,,,,,,,,,,,,,,,,,,,,0,0
2011-03-31,22,375492,73325,0,,23,23,0,0,0,0,,,,,,,,,,,,,,,,,,,,,0,0
2011-03-31,23,375492,73325,0,,23,23,0,0,0,0,,,,,,,,,,,,,,,,,,,,,0,0
2011-03-31,24,375492,73325,0,,23,23,0,0,0,0,,,,,,,,,,,,,,,,,,,,,0,0
2011-03-31,1,389507,14588,28,,33,28,0,0,0,0,144,25,147,5,150,4,153,2,156,2,160,1,310,1,334,2,361,3,,,0,0
2011-03-31,2,389507,14588,28,,33,28,0,0,0,0,144,25,147,5,150,4,153,2,156,2,160,1,310,1,334,2,361,3,,,0,0
2011-03-31,3,389507,14588,28,,33,28,0,0,0,0,144,25,147,5,150,4,153,2,156,2,160,1,310,1,334,2,361,3,,,0,0
2011-03-31,4,389507,14588,28,,33,28,0,0,0,0,144,25,147,5,150,4,153,2,156,2,160,1,310,1,334,2,361,3,,,0,0
2011-03-31,5,389507,14588,28,,33,28,0,0,0,0,144,25,147,5,150,4,153,2,156,2,160,1,310,1,334,2,361,3,,,0,0
2011-03-31,6,389507,14588,28,,33,28,0,0,0,0,144,25,147,5,150,4,153,2,156,2,160,1,310,1,334,2,361,3,,,0,0
2011-03-31,7,389507,14588,28,,33,28,0,0,0,0,144,25,147,5,150,4,153,2,156,2,160,1,310,1,334,2,361,3,,,0,0
2011-03-31,8,389507,14588,28,,33,28,0,0,0,0,144,25,147,5,150,4,153,2,156,2,160,1,310,1,334,2,361,3,,,0,0
2011-03-31,9,389507,14588,28,,33,28,0,0,0,0,144,25,147,5,150,4,153,2,156,2,160,1,310,1,334,2,361,3,,,0,0
2011-03-31,10,389507,14588,28,,33,28,0,0,0,0,144,25,147,5,150,4,153,2,156,2,160,1,310,1,334,2,361,3,,,0,0
2011-03-31,11,389507,14588,28,,33,28,0,0,0,0,144,25,147,5,150,4,153,2,156,2,160,1,310,1,334,2,361,3,,,0,0
2011-03-31,12,389507,14588,28,,33,28,0,0,0,0,144,25,147,5,150,4,153,2,156,2,160,1,310,1,334,2,361,3,,,0,0
2011-03-31,13,389507,14588,28,,33,28,0,0,0,0,144,25,147,5,150,4,153,2,156,2,160,1,310,1,334,2,361,3,,,0,0
2011-03-31,14,389507,14588,28,,33,28,0,0,0,0,144,25,147,5,150,4,153,2,156,2,160,1,310,1,334,2,361,3,,,0,0
2011-03-31,15,389507,14588,28,,33,28,0,0,0,0,144,25,147,5,150,4,153,2,156,2,160,1,310,1,334,2,361,3,,,0,0
2011-03-31,16,389507,14588,28,,33,28,0,0,0,0,144,25,147,5,150,4,153,2,156,2,160,1,310,1,334,2,361,3,,,0,0
2011-03-31,17,389507,14588,28,,33,28,0,0,0,0,144,25,147,5,150,4,153,2,156,2,160,1,310,1,334,2,361,3,,,0,0
2011-03-31,18,389507,14588,28,,33,28,0,0,0,0,144,25,147,5,150,4,153,2,156,2,160,1,310,1,334,2,361,3,,,0,0
2011-03-31,19,389507,14588,28,,33,28,0,0,0,0,144,25,147,5,150,4,153,2,156,2,160,1,310,1,334,2,361,3,,,0,0
2011-03-31,20,389507,14588,28,,33,28,0,0,0,0,144,25,147,5,150,4,153,2,156,2,160,1,310,1,334,2,361,3,,,0,0
2011-03-31,21,389507,14588,28,,33,28,0,0,0,0,144,25,147,5,150,4,153,2,156,2,160,1,310,1,334,2,361,3,,,0,0
2011-03-31,22,389507,14588,28,,33,28,0,0,0,0,144,25,147,5,150,4,153,2,156,2,160,1,310,1,334,2,361,3,,,0,0
2011-03-31,23,389507,14588,28,,33,28,0,0,0,0,144,25,147,5,150,4,153,2,156,2,160,1,310,1,334,2,361,3,,,0,0
2011-03-31,24,389507,14588,28,,33,28,0,0,0,0,144,25,147,5,150,4,153,2,156,2,160,1,310,1,334,2,361,3,,,0,0
2011-03-31,1,389507,18070,0,432,12,6,1426,0,0,0,273,18,,,,,,,,,,,,,,,,,,,0,18
2011-03-31,2,389507,18070,0,432,12,6,1426,0,0,0,273,18,,,,,,,,,,,,,,,,,,,0,18
2011-03-31,3,389507,18070,0,432,12,6,1426,0,0,0,273,18,,,,,,,,,,,,,,,,,,,0,18
2011-03-31,4,389507,18070,0,432,12,6,1426,0,0,0,273,18,,,,,,,,,,,,,,,,,,,0,18
2011-03-31,5,389507,18070,0,432,12,6,1426,0,0,0,273,18,,,,,,,,,,,,,,,,,,,0,18
2011-03-31,6,389507,18070,0,432,12,6,1426,0,0,0,273,18,,,,,,,,,,,,,,,,,,,0,18
2011-03-31,7,389507,18070,0,432,12,6,1426,0,0,0,273,18,,,,,,,,,,,,,,,,,,,0,18
2011-03-31,8,389507,18070,0,432,12,6,1426,0,0,0,273,18,,,,,,,,,,,,,,,,,,,0,18
2011-03-31,9,389507,18070,0,432,12,6,1426,0,0,0,273,18,,,,,,,,,,,,,,,,,,,0,18
2011-03-31,10,389507,18070,0,432,12,6,1426,0,0,0,273,18,,,,,,,,,,,,,,,,,,,0,18
2011-03-31,11,389507,18070,0,432,12,6,1426,0,0,0,273,18,,,,,,,,,,,,,,,,,,,0,18
2011-03-31,12,389507,18070,0,432,12,6,1426,0,0,0,273,18,,,,,,,,,,,,,,,,,,,0,18
2011-03-31,13,389507,18070,0,432,12,6,1426,0,0,0,273,18,,,,,,,,,,,,,,,,,,,0,18
2011-03-31,14,389507,18070,0,432,12,6,1426,0,0,0,273,18,,,,,,,,,,,,,,,,,,,0,18
2011-03-31,15,389507,18070,0,432,12,6,1426,0,0,0,273,18,,,,,,,,,,,,,,,,,,,0,18
2011-03-31,16,389507,18070,0,432,12,6,1426,0,0,0,273,18,,,,,,,,,,,,,,,,,,,0,18
2011-03-31,17,389507,18070,0,432,12,6,1426,0,0,0,273,18,,,,,,,,,,,,,,,,,,,0,18
2011-03-31,18,389507,18070,0,432,12,6,1426,0,0,0,273,18,,,,,,,,,,,,,,,,,,,0,18
2011-03-31,19,389507,18070,0,432,12,6,1426,0,0,0,273,18,,,,,,,,,,,,,,,,,,,0,18
2011-03-31,20,389507,18070,0,432,12,6,1426,0,0,0,273,18,,,,,,,,,,,,,,,,,,,0,18
2011-03-31,21,389507,18070,0,432,12,6,1426,0,0,0,273,18,,,,,,,,,,,,,,,,,,,0,18
2011-03-31,22,389507,18070,0,432,12,6,1426,0,0,0,273,18,,,,,,,,,,,,,,,,,,,0,18
2011-03-31,23,389507,18070,0,432,12,6,1426,0,0,0,273,18,,,,,,,,,,,,,,,,,,,0,18
2011-03-31,24,389507,18070,0,432,12,6,1426,0,0,0,273,18,,,,,,,,,,,,,,,,,,,0,18
2011-03-31,1,389507,81190,0,432,13,6,1426,0,0,0,274,19,,,,,,,,,,,,,,,,,,,0,19
2011-03-31,2,389507,81190,0,432,13,6,1426,0,0,0,274,19,,,,,,,,,,,,,,,,,,,0,19
2011-03-31,3,389507,81190,0,432,13,6,1426,0,0,0,274,19,,,,,,,,,,,,,,,,,,,0,19
2011-03-31,4,389507,81190,0,432,13,6,1426,0,0,0,274,19,,,,,,,,,,,,,,,,,,,0,19
2011-03-31,5,389507,81190,0,432,13,6,1426,0,0,0,274,19,,,,,,,,,,,,,,,,,,,0,19
2011-03-31,6,389507,81190,0,432,13,6,1426,0,0,0,274,19,,,,,,,,,,,,,,,,,,,0,19
2011-03-31,7,389507,81190,0,432,13,6,1426,0,0,0,274,19,,,,,,,,,,,,,,,,,,,0,19
2011-03-31,8,389507,81190,0,432,13,6,1426,0,0,0,274,19,,,,,,,,,,,,,,,,,,,0,19
2011-03-31,9,389507,81190,0,432,13,6,1426,0,0,0,274,19,,,,,,,,,,,,,,,,,,,0,19
2011-03-31,10,389507,81190,0,432,13,6,1426,0,0,0,274,19,,,,,,,,,,,,,,,,,,,0,19
2011-03-31,11,389507,81190,0,432,13,6,1426,0,0,0,274,19,,,,,,,,,,,,,,,,,,,0,19
2011-03-31,12,389507,81190,0,432,13,6,1426,0,0,0,274,19,,,,,,,,,,,,,,,,,,,0,19
2011-03-31,13,389507,81190,0,432,13,6,1426,0,0,0,274,19,,,,,,,,,,,,,,,,,,,0,19
2011-03-31,14,389507,81190,0,432,13,6,1426,0,0,0,274,19,,,,,,,,,,,,,,,,,,,0,19
2011-03-31,15,389507,81190,0,432,13,6,1426,0,0,0,274,19,,,,,,,,,,,,,,,,,,,0,19
2011-03-31,16,389507,81190,0,432,13,6,1426,0,0,0,274,19,,,,,,,,,,,,,,,,,,,0,19
2011-03-31,17,389507,81190,0,432,13,6,1426,0,0,0,274,19,,,,,,,,,,,,,,,,,,,0,19
2011-03-31,18,389507,81190,0,432,13,6,1426,0,0,0,274,19,,,,,,,,,,,,,,,,,,,0,19
2011-03-31,19,389507,81190,0,432,13,6,1426,0,0,0,274,19,,,,,,,,,,,,,,,,,,,0,19
2011-03-31,20,389507,81190,0,432,13,6,1426,0,0,0,274,19,,,,,,,,,,,,,,,,,,,0,19
2011-03-31,21,389507,81190,0,432,13,6,1426,0,0,0,274,19,,,,,,,,,,,,,,,,,,,0,19
2011-03-31,22,389507,81190,0,432,13,6,1426,0,0,0,274,19,,,,,,,,,,,,,,,,,,,0,19
2011-03-31,23,389507,81190,0,432,13,6,1426,0,0,0,274,19,,,,,,,,,,,,,,,,,,,0,19
2011-03-31,24,389507,81190,0,432,13,6,1426,0,0,0,274,19,,,,,,,,,,,,,,,,,,,0,19
2011-03-31,1,399648,54968,6,,6,6,0,0,0,0,0,6,,,,,,,,,,,,,,,,,,,0,0
2011-03-31,2,399648,54968,6,,6,6,0,0,0,0,0,6,,,,,,,,,,,,,,,,,,,0,0
2011-03-31,3,399648,54968,6,,6,6,0,0,0,0,0,6,,,,,,,,,,,,,,,,,,,0,0
2011-03-31,4,399648,54968,6,,6,6,0,0,0,0,0,6,,,,,,,,,,,,,,,,,,,0,0
2011-03-31,5,399648,54968,6,,6,6,0,0,0,0,0,6,,,,,,,,,,,,,,,,,,,0,0
2011-03-31,6,399648,54968,6,,6,6,0,0,0,0,0,6,,,,,,,,,,,,,,,,,,,0,0
2011-03-31,7,399648,54968,6,,6,6,0,0,0,0,0,6,,,,,,,,,,,,,,,,,,,0,0
2011-03-31,8,399648,54968,6,,6,6,0,0,0,0,0,6,,,,,,,,,,,,,,,,,,,0,0
2011-03-31,9,399648,54968,6,,6,6,0,0,0,0,0,6,,,,,,,,,,,,,,,,,,,0,0
2011-03-31,10,399648,54968,6,,6,6,0,0,0,0,0,6,,,,,,,,,,,,,,,,,,,0,0
2011-03-31,11,399648,54968,6,,6,6,0,0,0,0,0,6,,,,,,,,,,,,,,,,,,,0,0
2011-03-31,12,399648,54968,6,,6,6,0,0,0,0,0,6,,,,,,,,,,,,,,,,,,,0,0
2011-03-31,13,399648,54968,6,,6,6,0,0,0,0,0,6,,,,,,,,,,,,,,,,,,,0,0
2011-03-31,14,399648,54968,6,,6,6,0,0,0,0,0,6,,,,,,,,,,,,,,,,,,,0,0
2011-03-31,15,399648,54968,6,,6,6,0,0,0,0,0,6,,,,,,,,,,,,,,,,,,,0,0
2011-03-31,16,399648,54968,6,,6,6,0,0,0,0,0,6,,,,,,,,,,,,,,,,,,,0,0
2011-03-31,17,399648,54968,6,,6,6,0,0,0,0,0,6,,,,,,,,,,,,,,,,,,,0,0
2011-03-31,18,399648,54968,6,,6,6,0,0,0,0,0,6,,,,,,,,,,,,,,,,,,,0,0
2011-03-31,19,399648,54968,6,,6,6,0,0,0,0,0,6,,,,,,,,,,,,,,,,,,,0,0
2011-03-31,20,399648,54968,6,,6,6,0,0,0,0,0,6,,,,,,,,,,,,,,,,,,,0,0
2011-03-31,21,399648,54968,6,,6,6,0,0,0,0,0,6,,,,,,,,,,,,,,,,,,,0,0
2011-03-31,22,399648,54968,6,,6,6,0,0,0,0,0,6,,,,,,,,,,,,,,,,,,,0,0
2011-03-31,23,399648,54968,6,,6,6,0,0,0,0,0,6,,,,,,,,,,,,,,,,,,,0,0
2011-03-31,24,399648,54968,6,,6,6,0,0,0,0,0,6,,,,,,,,,,,,,,,,,,,0,0
2011-03-31,1,401592,16337,0,,149.9,60,10000,10000,10000,2100,80,60,80,20,80,30,80,30,580,10,,,,,,,,,,,0,0
2011-03-31,2,401592,16337,0,,149.9,60,10000,10000,10000,2100,80,60,80,20,80,30,80,30,580,10,,,,,,,,,,,0,0
2011-03-31,3,401592,16337,0,,149.9,60,10000,10000,10000,2100,80,60,80,20,80,30,80,30,580,10,,,,,,,,,,,0,0
2011-03-31,4,401592,16337,0,,149.9,60,10000,10000,10000,2100,80,60,80,20,80,30,80,30,580,10,,,,,,,,,,,0,0
2011-03-31,5,401592,16337,0,,149.9,60,10000,10000,10000,2100,80,60,80,20,80,30,80,30,580,10,,,,,,,,,,,0,0
2011-03-31,6,401592,16337,0,,149.9,60,10000,10000,10000,2100,80,60,80,20,80,30,80,30,580,10,,,,,,,,,,,0,0
2011-03-31,7,401592,16337,0,,149.9,60,10000,10000,10000,2100,80,60,80,20,80,30,80,30,580,10,,,,,,,,,,,0,0
2011-03-31,8,401592,16337,0,,149.9,60,10000,10000,10000,2100,80,60,80,20,80,30,80,30,580,10,,,,,,,,,,,0,0
2011-03-31,9,401592,16337,0,,149.9,60,10000,10000,10000,2100,80,60,80,20,80,30,80,30,580,10,,,,,,,,,,,0,0
2011-03-31,10,401592,16337,0,,149.9,60,10000,10000,10000,2100,80,60,80,20,80,30,80,30,580,10,,,,,,,,,,,0,0
2011-03-31,11,401592,16337,0,,149.9,60,10000,10000,10000,2100,80,60,80,20,80,30,80,30,580,10,,,,,,,,,,,0,0
2011-03-31,12,401592,16337,0,,149.9,60,10000,10000,10000,2100,80,60,80,20,80,30,80,30,580,10,,,,,,,,,,,0,0
2011-03-31,13,401592,16337,0,,149.9,60,10000,10000,10000,2100,80,60,80,20,80,30,80,30,580,10,,,,,,,,,,,0,0
2011-03-31,14,401592,16337,0,,149.9,60,10000,10000,10000,2100,80,60,80,20,80,30,80,30,580,10,,,,,,,,,,,0,0
2011-03-31,15,401592,16337,0,,149.9,60,10000,10000,10000,2100,80,60,80,20,80,30,80,30,580,10,,,,,,,,,,,0,0
2011-03-31,16,401592,16337,0,,149.9,60,10000,10000,10000,2100,80,60,80,20,80,30,80,30,580,10,,,,,,,,,,,0,0
2011-03-31,17,401592,16337,0,,149.9,60,10000,10000,10000,2100,80,60,80,20,80,30,80,30,580,10,,,,,,,,,,,0,0
2011-03-31,18,401592,16337,0,,149.9,60,10000,10000,10000,2100,80,60,80,20,80,30,80,30,580,10,,,,,,,,,,,0,0
2011-03-31,19,401592,16337,0,,149.9,60,10000,10000,10000,2100,80,60,80,20,80,30,80,30,580,10,,,,,,,,,,,0,0
2011-03-31,20,401592,16337,0,,149.9,60,10000,10000,10000,2100,80,60,80,20,80,30,80,30,580,10,,,,,,,,,,,0,0
2011-03-31,21,401592,16337,0,,149.9,60,10000,10000,10000,2100,80,60,80,20,80,30,80,30,580,10,,,,,,,,,,,0,0
2011-03-31,22,401592,16337,0,,149.9,60,10000,10000,10000,2100,80,60,80,20,80,30,80,30,580,10,,,,,,,,,,,0,0
2011-03-31,23,401592,16337,0,,149.9,60,10000,10000,10000,2100,80,60,80,20,80,30,80,30,580,10,,,,,,,,,,,0,0
2011-03-31,24,401592,16337,0,,149.9,60,10000,10000,10000,2100,80,60,80,20,80,30,80,30,580,10,,,,,,,,,,,0,0
2011-03-31,1,401592,23789,350,,620,350,85131,46442,17676,3600,38,350,38,150,38,80,38,35,300,23,,,,,,,,,,,0,0
2011-03-31,2,401592,23789,350,,620,350,85131,46442,17676,3600,38,350,38,150,38,80,38,35,300,23,,,,,,,,,,,0,0
2011-03-31,3,401592,23789,350,,620,350,85131,46442,17676,3600,38,350,38,150,38,80,38,35,300,23,,,,,,,,,,,0,0
2011-03-31,4,401592,23789,350,,620,350,85131,46442,17676,3600,38,350,38,150,38,80,38,35,300,23,,,,,,,,,,,0,0
2011-03-31,5,401592,23789,350,,620,350,85131,46442,17676,3600,38,350,38,150,38,80,38,35,300,23,,,,,,,,,,,0,0
2011-03-31,6,401592,23789,350,,620,350,85131,46442,17676,3600,38,350,38,150,38,80,38,35,300,23,,,,,,,,,,,0,0
2011-03-31,7,401592,23789,350,,620,350,85131,46442,17676,3600,38,350,38,150,38,80,38,35,300,23,,,,,,,,,,,0,0
2011-03-31,8,401592,23789,350,,620,350,85131,46442,17676,3600,38,350,38,150,38,80,38,35,300,23,,,,,,,,,,,0,0
2011-03-31,9,401592,23789,350,,620,350,85131,46442,17676,3600,38,350,38,150,38,80,38,35,300,23,,,,,,,,,,,0,0
2011-03-31,10,401592,23789,350,,620,350,85131,46442,17676,3600,38,350,38,150,38,80,38,35,300,23,,,,,,,,,,,0,0
2011-03-31,11,401592,23789,350,,620,350,85131,46442,17676,3600,38,350,38,150,38,80,38,35,300,23,,,,,,,,,,,0,0
2011-03-31,12,401592,23789,350,,620,350,85131,46442,17676,3600,38,350,38,150,38,80,38,35,300,23,,,,,,,,,,,0,0
2011-03-31,13,401592,23789,350,,620,350,85131,46442,17676,3600,38,350,38,150,38,80,38,35,300,23,,,,,,,,,,,0,0
2011-03-31,14,401592,23789,350,,620,350,85131,46442,17676,3600,38,350,38,150,38,80,38,35,300,23,,,,,,,,,,,0,0
2011-03-31,15,401592,23789,350,,620,350,85131,46442,17676,3600,38,350,38,150,38,80,38,35,300,23,,,,,,,,,,,0,0
2011-03-31,16,401592,23789,350,,620,350,85131,46442,17676,3600,38,350,38,150,38,80,38,35,300,23,,,,,,,,,,,0,0
2011-03-31,17,401592,23789,350,,620,350,85131,46442,17676,3600,38,350,38,150,38,80,38,35,300,23,,,,,,,,,,,0,0
2011-03-31,18,401592,23789,350,,620,350,85131,46442,17676,3600,38,350,38,150,38,80,38,35,300,23,,,,,,,,,,,0,0
2011-03-31,19,401592,23789,350,,620,350,85131,46442,17676,3600,38,350,38,150,38,80,38,35,300,23,,,,,,,,,,,0,0
2011-03-31,20,401592,23789,350,,620,350,85131,46442,17676,3600,38,350,38,150,38,80,38,35,300,23,,,,,,,,,,,0,0
2011-03-31,21,401592,23789,350,,620,350,85131,46442,17676,3600,38,350,38,150,38,80,38,35,300,23,,,,,,,,,,,0,0
2011-03-31,22,401592,23789,350,,620,350,85131,46442,17676,3600,38,350,38,150,38,80,38,35,300,23,,,,,,,,,,,0,0
2011-03-31,23,401592,23789,350,,620,350,85131,46442,17676,3600,38,350,38,150,38,80,38,35,300,23,,,,,,,,,,,0,0
2011-03-31,24,401592,23789,350,,620,350,85131,46442,17676,3600,38,350,38,150,38,80,38,35,300,23,,,,,,,,,,,0,0
2011-03-31,1,401592,26814,1237,,1237,1236.9,0,0,0,0,0,1230,,,,,,,,,,,,,,,,,,,0,0
2011-03-31,2,401592,26814,1237,,1237,1236.9,0,0,0,0,0,1230,,,,,,,,,,,,,,,,,,,0,0
2011-03-31,3,401592,26814,1237,,1237,1236.9,0,0,0,0,0,1230,,,,,,,,,,,,,,,,,,,0,0
2011-03-31,4,401592,26814,1237,,1237,1236.9,0,0,0,0,0,1230,,,,,,,,,,,,,,,,,,,0,0
2011-03-31,5,401592,26814,1237,,1237,1236.9,0,0,0,0,0,1230,,,,,,,,,,,,,,,,,,,0,0
2011-03-31,6,401592,26814,1237,,1237,1236.9,0,0,0,0,0,1230,,,,,,,,,,,,,,,,,,,0,0
2011-03-31,7,401592,26814,1237,,1237,1236.9,0,0,0,0,0,1230,,,,,,,,,,,,,,,,,,,0,0
2011-03-31,8,401592,26814,1237,,1237,1236.9,0,0,0,0,0,1230,,,,,,,,,,,,,,,,,,,0,0
2011-03-31,9,401592,26814,1237,,1237,1236.9,0,0,0,0,0,1230,,,,,,,,,,,,,,,,,,,0,0
2011-03-31,10,401592,26814,1237,,1237,1236.9,0,0,0,0,0,1230,,,,,,,,,,,,,,,,,,,0,0
2011-03-31,11,401592,26814,1237,,1237,1236.9,0,0,0,0,0,1230,,,,,,,,,,,,,,,,,,,0,0
2011-03-31,12,401592,26814,1237,,1237,1236.9,0,0,0,0,0,1230,,,,,,,,,,,,,,,,,,,0,0
2011-03-31,13,401592,26814,1237,,1237,1236.9,0,0,0,0,0,1230,,,,,,,,,,,,,,,,,,,0,0
2011-03-31,14,401592,26814,1237,,1237,1236.9,0,0,0,0,0,1230,,,,,,,,,,,,,,,,,,,0,0
2011-03-31,15,401592,26814,1237,,1237,1236.9,0,0,0,0,0,1230,,,,,,,,,,,,,,,,,,,0,0
2011-03-31,16,401592,26814,1237,,1237,1236.9,0,0,0,0,0,1230,,,,,,,,,,,,,,,,,,,0,0
2011-03-31,17,401592,26814,1237,,1237,1236.9,0,0,0,0,0,1230,,,,,,,,,,,,,,,,,,,0,0
2011-03-31,18,401592,26814,1237,,1237,1236.9,0,0,0,0,0,1230,,,,,,,,,,,,,,,,,,,0,0
2011-03-31,19,401592,26814,1237,,1237,1236.9,0,0,0,0,0,1230,,,,,,,,,,,,,,,,,,,0,0
2011-03-31,20,401592,26814,1237,,1237,1236.9,0,0,0,0,0,1230,,,,,,,,,,,,,,,,,,,0,0
2011-03-31,21,401592,26814,1237,,1237,1236.9,0,0,0,0,0,1230,,,,,,,,,,,,,,,,,,,0,0
2011-03-31,22,401592,26814,1237,,1237,1236.9,0,0,0,0,0,1230,,,,,,,,,,,,,,,,,,,0,0
2011-03-31,23,401592,26814,1237,,1237,1236.9,0,0,0,0,0,1230,,,,,,,,,,,,,,,,,,,0,0
2011-03-31,24,401592,26814,1237,,1237,1236.9,0,0,0,0,0,1230,,,,,,,,,,,,,,,,,,,0,0
2011-03-31,1,401592,34993,25,,81.4,25,4000,3000,3000,625,58,25,58,25,170,15,170,13,350,3,,,,,,,,,,,0,0
2011-03-31,2,401592,34993,25,,81.4,25,4000,3000,3000,625,58,25,58,25,170,15,170,13,350,3,,,,,,,,,,,0,0
2011-03-31,3,401592,34993,25,,81.4,25,4000,3000,3000,625,58,25,58,25,170,15,170,13,350,3,,,,,,,,,,,0,0
2011-03-31,4,401592,34993,25,,81.4,25,4000,3000,3000,625,58,25,58,25,170,15,170,13,350,3,,,,,,,,,,,0,0
2011-03-31,5,401592,34993,25,,81.4,25,4000,3000,3000,625,58,25,58,25,170,15,170,13,350,3,,,,,,,,,,,0,0
2011-03-31,6,401592,34993,25,,81.4,25,4000,3000,3000,625,58,25,58,25,170,15,170,13,350,3,,,,,,,,,,,0,0
2011-03-31,7,401592,34993,25,,81.4,25,4000,3000,3000,625,58,25,58,25,170,15,170,13,350,3,,,,,,,,,,,0,0
2011-03-31,8,401592,34993,25,,81.4,25,4000,3000,3000,625,58,25,58,25,170,15,170,13,350,3,,,,,,,,,,,0,0
2011-03-31,9,401592,34993,25,,81.4,25,4000,3000,3000,625,58,25,58,25,170,15,170,13,350,3,,,,,,,,,,,0,0
2011-03-31,10,401592,34993,25,,81.4,25,4000,3000,3000,625,58,25,58,25,170,15,170,13,350,3,,,,,,,,,,,0,0
2011-03-31,11,401592,34993,25,,81.4,25,4000,3000,3000,625,58,25,58,25,170,15,170,13,350,3,,,,,,,,,,,0,0
2011-03-31,12,401592,34993,25,,81.4,25,4000,3000,3000,625,58,25,58,25,170,15,170,13,350,3,,,,,,,,,,,0,0
2011-03-31,13,401592,34993,25,,81.4,25,4000,3000,3000,625,58,25,58,25,170,15,170,13,350,3,,,,,,,,,,,0,0
2011-03-31,14,401592,34993,25,,81.4,25,4000,3000,3000,625,58,25,58,25,170,15,170,13,350,3,,,,,,,,,,,0,0
2011-03-31,15,401592,34993,25,,81.4,25,4000,3000,3000,625,58,25,58,25,170,15,170,13,350,3,,,,,,,,,,,0,0
2011-03-31,16,401592,34993,25,,81.4,25,4000,3000,3000,625,58,25,58,25,170,15,170,13,350,3,,,,,,,,,,,0,0
2011-03-31,17,401592,34993,25,,81.4,25,4000,3000,3000,625,58,25,58,25,170,15,170,13,350,3,,,,,,,,,,,0,0
2011-03-31,18,401592,34993,25,,81.4,25,4000,3000,3000,625,58,25,58,25,170,15,170,13,350,3,,,,,,,,,,,0,0
2011-03-31,19,401592,34993,25,,81.4,25,4000,3000,3000,625,58,25,58,25,170,15,170,13,350,3,,,,,,,,,,,0,0
2011-03-31,20,401592,34993,25,,81.4,25,4000,3000,3000,625,58,25,58,25,170,15,170,13,350,3,,,,,,,,,,,0,0
2011-03-31,21,401592,34993,25,,81.4,25,4000,3000,3000,625,58,25,58,25,170,15,170,13,350,3,,,,,,,,,,,0,0
2011-03-31,22,401592,34993,25,,81.4,25,4000,3000,3000,625,58,25,58,25,170,15,170,13,350,3,,,,,,,,,,,0,0
2011-03-31,23,401592,34993,25,,81.4,25,4000,3000,3000,625,58,25,58,25,170,15,170,13,350,3,,,,,,,,,,,0,0
2011-03-31,24,401592,34993,25,,81.4,25,4000,3000,3000,625,58,25,58,25,170,15,170,13,350,3,,,,,,,,,,,0,0
2011-03-31,1,401592,37274,0,2640,170,110,3000,1500,1000,1300,30,110,32,15,34,40,110,5,,,,,,,,,,,,,0,0
2011-03-31,2,401592,37274,0,2640,170,110,3000,1500,1000,1300,30,110,32,15,34,40,110,5,,,,,,,,,,,,,0,0
2011-03-31,3,401592,37274,0,2640,170,110,3000,1500,1000,1300,30,110,32,15,34,40,110,5,,,,,,,,,,,,,0,0
2011-03-31,4,401592,37274,0,2640,170,110,3000,1500,1000,1300,30,110,32,15,34,40,110,5,,,,,,,,,,,,,0,0
2011-03-31,5,401592,37274,0,2640,170,110,3000,1500,1000,1300,30,110,32,15,34,40,110,5,,,,,,,,,,,,,0,0
2011-03-31,6,401592,37274,0,2640,170,110,3000,1500,1000,1300,30,110,32,15,34,40,110,5,,,,,,,,,,,,,0,0
2011-03-31,7,401592,37274,0,2640,170,110,3000,1500,1000,1300,30,110,32,15,34,40,110,5,,,,,,,,,,,,,0,0
2011-03-31,8,401592,37274,0,2640,170,110,3000,1500,1000,1300,30,110,32,15,34,40,110,5,,,,,,,,,,,,,0,0
2011-03-31,9,401592,37274,0,2640,170,110,3000,1500,1000,1300,30,110,32,15,34,40,110,5,,,,,,,,,,,,,0,0
2011-03-31,10,401592,37274,0,2640,170,110,3000,1500,1000,1300,30,110,32,15,34,40,110,5,,,,,,,,,,,,,0,0
2011-03-31,11,401592,37274,0,2640,170,110,3000,1500,1000,1300,30,110,32,15,34,40,110,5,,,,,,,,,,,,,0,0
2011-03-31,12,401592,37274,0,2640,170,110,3000,1500,1000,1300,30,110,32,15,34,40,110,5,,,,,,,,,,,,,0,0
2011-03-31,13,401592,37274,0,2640,170,110,3000,1500,1000,1300,30,110,32,15,34,40,110,5,,,,,,,,,,,,,0,0
2011-03-31,14,401592,37274,0,2640,170,110,3000,1500,1000,1300,30,110,32,15,34,40,110,5,,,,,,,,,,,,,0,0
2011-03-31,15,401592,37274,0,2640,170,110,3000,1500,1000,1300,30,110,32,15,34,40,110,5,,,,,,,,,,,,,0,0
2011-03-31,16,401592,37274,0,2640,170,110,3000,1500,1000,1300,30,110,32,15,34,40,110,5,,,,,,,,,,,,,0,0
2011-03-31,17,401592,37274,0,2640,170,110,3000,1500,1000,1300,30,110,32,15,34,40,110,5,,,,,,,,,,,,,0,0
2011-03-31,18,401592,37274,0,2640,170,110,3000,1500,1000,1300,30,110,32,15,34,40,110,5,,,,,,,,,,,,,0,0
2011-03-31,19,401592,37274,0,2640,170,110,3000,1500,1000,1300,30,110,32,15,34,40,110,5,,,,,,,,,,,,,0,0
2011-03-31,20,401592,37274,0,2640,170,110,3000,1500,1000,1300,30,110,32,15,34,40,110,5,,,,,,,,,,,,,0,0
2011-03-31,21,401592,37274,0,2640,170,110,3000,1500,1000,1300,30,110,32,15,34,40,110,5,,,,,,,,,,,,,0,0
2011-03-31,22,401592,37274,0,2640,170,110,3000,1500,1000,1300,30,110,32,15,34,40,110,5,,,,,,,,,,,,,0,0
2011-03-31,23,401592,37274,0,2640,170,110,3000,1500,1000,1300,30,110,32,15,34,40,110,5,,,,,,,,,,,,,0,0
2011-03-31,24,401592,37274,0,2640,170,110,3000,1500,1000,1300,30,110,32,15,34,40,110,5,,,,,,,,,,,,,0,0
2011-03-31,1,401592,39697,881,,881,880.9,0,0,0,0,0,879,,,,,,,,,,,,,,,,,,,0,0
2011-03-31,2,401592,39697,881,,881,880.9,0,0,0,0,0,879,,,,,,,,,,,,,,,,,,,0,0
2011-03-31,3,401592,39697,881,,881,880.9,0,0,0,0,0,879,,,,,,,,,,,,,,,,,,,0,0
2011-03-31,4,401592,39697,881,,881,880.9,0,0,0,0,0,879,,,,,,,,,,,,,,,,,,,0,0
2011-03-31,5,401592,39697,881,,881,880.9,0,0,0,0,0,879,,,,,,,,,,,,,,,,,,,0,0
2011-03-31,6,401592,39697,881,,881,880.9,0,0,0,0,0,879,,,,,,,,,,,,,,,,,,,0,0
2011-03-31,7,401592,39697,881,,881,880.9,0,0,0,0,0,879,,,,,,,,,,,,,,,,,,,0,0
2011-03-31,8,401592,39697,881,,881,880.9,0,0,0,0,0,879,,,,,,,,,,,,,,,,,,,0,0
2011-03-31,9,401592,39697,881,,881,880.9,0,0,0,0,0,879,,,,,,,,,,,,,,,,,,,0,0
2011-03-31,10,401592,39697,881,,881,880.9,0,0,0,0,0,879,,,,,,,,,,,,,,,,,,,0,0
2011-03-31,11,401592,39697,881,,881,880.9,0,0,0,0,0,879,,,,,,,,,,,,,,,,,,,0,0
2011-03-31,12,401592,39697,881,,881,880.9,0,0,0,0,0,879,,,,,,,,,,,,,,,,,,,0,0
2011-03-31,13,401592,39697,881,,881,880.9,0,0,0,0,0,879,,,,,,,,,,,,,,,,,,,0,0
2011-03-31,14,401592,39697,881,,881,880.9,0,0,0,0,0,879,,,,,,,,,,,,,,,,,,,0,0
2011-03-31,15,401592,39697,881,,881,880.9,0,0,0,0,0,879,,,,,,,,,,,,,,,,,,,0,0
2011-03-31,16,401592,39697,881,,881,880.9,0,0,0,0,0,879,,,,,,,,,,,,,,,,,,,0,0
2011-03-31,17,401592,39697,881,,881,880.9,0,0,0,0,0,879,,,,,,,,,,,,,,,,,,,0,0
2011-03-31,18,401592,39697,881,,881,880.9,0,0,0,0,0,879,,,,,,,,,,,,,,,,,,,0,0
2011-03-31,19,401592,39697,881,,881,880.9,0,0,0,0,0,879,,,,,,,,,,,,,,,,,,,0,0
2011-03-31,20,401592,39697,881,,881,880.9,0,0,0,0,0,879,,,,,,,,,,,,,,,,,,,0,0
2011-03-31,21,401592,39697,881,,881,880.9,0,0,0,0,0,879,,,,,,,,,,,,,,,,,,,0,0
2011-03-31,22,401592,39697,881,,881,880.9,0,0,0,0,0,879,,,,,,,,,,,,,,,,,,,0,0
2011-03-31,23,401592,39697,881,,881,880.9,0,0,0,0,0,879,,,,,,,,,,,,,,,,,,,0,0
2011-03-31,24,401592,39697,881,,881,880.9,0,0,0,0,0,879,,,,,,,,,,,,,,,,,,,0,0
2011-03-31,1,401592,43414,0,,445.5,100,9000,5500,5500,12000,170,30,170,120,170,50,170,100,170,25,170,75,230,45,,,,,,,0,0
2011-03-31,2,401592,43414,0,,445.5,100,9000,5500,5500,12000,170,30,170,120,170,50,170,100,170,25,170,75,230,45,,,,,,,0,0
2011-03-31,3,401592,43414,0,,445.5,100,9000,5500,5500,12000,170,30,170,120,170,50,170,100,170,25,170,75,230,45,,,,,,,0,0
2011-03-31,4,401592,43414,0,,445.5,100,9000,5500,5500,12000,170,30,170,120,170,50,170,100,170,25,170,75,230,45,,,,,,,0,0
2011-03-31,5,401592,43414,0,,445.5,100,9000,5500,5500,12000,170,30,170,120,170,50,170,100,170,25,170,75,230,45,,,,,,,0,0
2011-03-31,6,401592,43414,0,,445.5,100,9000,5500,5500,12000,170,30,170,120,170,50,170,100,170,25,170,75,230,45,,,,,,,0,0
2011-03-31,7,401592,43414,0,,445.5,100,9000,5500,5500,12000,170,30,170,120,170,50,170,100,170,25,170,75,230,45,,,,,,,0,0
2011-03-31,8,401592,43414,0,,445.5,100,9000,5500,5500,12000,170,30,170,120,170,50,170,100,170,25,170,75,230,45,,,,,,,0,0
2011-03-31,9,401592,43414,0,,445.5,100,9000,5500,5500,12000,170,30,170,120,170,50,170,100,170,25,170,75,230,45,,,,,,,0,0
2011-03-31,10,401592,43414,0,,445.5,100,9000,5500,5500,12000,170,30,170,120,170,50,170,100,170,25,170,75,230,45,,,,,,,0,0
2011-03-31,11,401592,43414,0,,445.5,100,9000,5500,5500,12000,170,30,170,120,170,50,170,100,170,25,170,75,230,45,,,,,,,0,0
2011-03-31,12,401592,43414,0,,445.5,100,9000,5500,5500,12000,170,30,170,120,170,50,170,100,170,25,170,75,230,45,,,,,,,0,0
2011-03-31,13,401592,43414,0,,445.5,100,9000,5500,5500,12000,170,30,170,120,170,50,170,100,170,25,170,75,230,45,,,,,,,0,0
2011-03-31,14,401592,43414,0,,445.5,100,9000,5500,5500,12000,170,30,170,120,170,50,170,100,170,25,170,75,230,45,,,,,,,0,0
2011-03-31,15,401592,43414,0,,445.5,100,9000,5500,5500,12000,170,30,170,120,170,50,170,100,170,25,170,75,230,45,,,,,,,0,0
2011-03-31,16,401592,43414,0,,445.5,100,9000,5500,5500,12000,170,30,170,120,170,50,170,100,170,25,170,75,230,45,,,,,,,0,0
2011-03-31,17,401592,43414,0,,445.5,100,9000,5500,5500,12000,170,30,170,120,170,50,170,100,170,25,170,75,230,45,,,,,,,0,0
2011-03-31,18,401592,43414,0,,445.5,100,9000,5500,5500,12000,170,30,170,120,170,50,170,100,170,25,170,75,230,45,,,,,,,0,0
2011-03-31,19,401592,43414,0,,445.5,100,9000,5500,5500,12000,170,30,170,120,170,50,170,100,170,25,170,75,230,45,,,,,,,0,0
2011-03-31,20,401592,43414,0,,445.5,100,9000,5500,5500,12000,170,30,170,120,170,50,170,100,170,25,170,75,230,45,,,,,,,0,0
2011-03-31,21,401592,43414,0,,445.5,100,9000,5500,5500,12000,170,30,170,120,170,50,170,100,170,25,170,75,230,45,,,,,,,0,0
2011-03-31,22,401592,43414,0,,445.5,100,9000,5500,5500,12000,170,30,170,120,170,50,170,100,170,25,170,75,230,45,,,,,,,0,0
2011-03-31,23,401592,43414,0,,445.5,100,9000,5500,5500,12000,170,30,170,120,170,50,170,100,170,25,170,75,230,45,,,,,,,0,0
2011-03-31,24,401592,43414,0,,445.5,100,9000,5500,5500,12000,170,30,170,120,170,50,170,100,170,25,170,75,230,45,,,,,,,0,0
2011-03-31,1,401592,43551,100,,249.3,100,19663,11303,5496,1048,41,80,41,70,41,70,41,20,626,9,,,,,,,,,,,0,0
2011-03-31,2,401592,43551,100,,249.3,100,19663,11303,5496,1048,41,80,41,70,41,70,41,20,626,9,,,,,,,,,,,0,0
2011-03-31,3,401592,43551,100,,249.3,100,19663,11303,5496,1048,41,80,41,70,41,70,41,20,626,9,,,,,,,,,,,0,0
2011-03-31,4,401592,43551,100,,249.3,100,19663,11303,5496,1048,41,80,41,70,41,70,41,20,626,9,,,,,,,,,,,0,0
2011-03-31,5,401592,43551,100,,249.3,100,19663,11303,5496,1048,41,80,41,70,41,70,41,20,626,9,,,,,,,,,,,0,0
2011-03-31,6,401592,43551,100,,249.3,100,19663,11303,5496,1048,41,80,41,70,41,70,41,20,626,9,,,,,,,,,,,0,0
2011-03-31,7,401592,43551,100,,249.3,100,19663,11303,5496,1048,41,80,41,70,41,70,41,20,626,9,,,,,,,,,,,0,0
2011-03-31,8,401592,43551,100,,249.3,100,19663,11303,5496,1048,41,80,41,70,41,70,41,20,626,9,,,,,,,,,,,0,0
2011-03-31,9,401592,43551,100,,249.3,100,19663,11303,5496,1048,41,80,41,70,41,70,41,20,626,9,,,,,,,,,,,0,0
2011-03-31,10,401592,43551,100,,249.3,100,19663,11303,5496,1048,41,80,41,70,41,70,41,20,626,9,,,,,,,,,,,0,0
2011-03-31,11,401592,43551,100,,249.3,100,19663,11303,5496,1048,41,80,41,70,41,70,41,20,626,9,,,,,,,,,,,0,0
2011-03-31,12,401592,43551,100,,249.3,100,19663,11303,5496,1048,41,80,41,70,41,70,41,20,626,9,,,,,,,,,,,0,0
2011-03-31,13,401592,43551,100,,249.3,100,19663,11303,5496,1048,41,80,41,70,41,70,41,20,626,9,,,,,,,,,,,0,0
2011-03-31,14,401592,43551,100,,249.3,100,19663,11303,5496,1048,41,80,41,70,41,70,41,20,626,9,,,,,,,,,,,0,0
2011-03-31,15,401592,43551,100,,249.3,100,19663,11303,5496,1048,41,80,41,70,41,70,41,20,626,9,,,,,,,,,,,0,0
2011-03-31,16,401592,43551,100,,249.3,100,19663,11303,5496,1048,41,80,41,70,41,70,41,20,626,9,,,,,,,,,,,0,0
2011-03-31,17,401592,43551,100,,249.3,100,19663,11303,5496,1048,41,80,41,70,41,70,41,20,626,9,,,,,,,,,,,0,0
2011-03-31,18,401592,43551,100,,249.3,100,19663,11303,5496,1048,41,80,41,70,41,70,41,20,626,9,,,,,,,,,,,0,0
2011-03-31,19,401592,43551,100,,249.3,100,19663,11303,5496,1048,41,80,41,70,41,70,41,20,626,9,,,,,,,,,,,0,0
2011-03-31,20,401592,43551,100,,249.3,100,19663,11303,5496,1048,41,80,41,70,41,70,41,20,626,9,,,,,,,,,,,0,0
2011-03-31,21,401592,43551,100,,249.3,100,19663,11303,5496,1048,41,80,41,70,41,70,41,20,626,9,,,,,,,,,,,0,0
2011-03-31,22,401592,43551,100,,249.3,100,19663,11303,5496,1048,41,80,41,70,41,70,41,20,626,9,,,,,,,,,,,0,0
2011-03-31,23,401592,43551,100,,249.3,100,19663,11303,5496,1048,41,80,41,70,41,70,41,20,626,9,,,,,,,,,,,0,0
2011-03-31,24,401592,43551,100,,249.3,100,19663,11303,5496,1048,41,80,41,70,41,70,41,20,626,9,,,,,,,,,,,0,0
2011-03-31,1,401592,45823,0,,437.4,160,58000,50000,50000,12000,225,160,225,90,225,100,225,50,715,37,,,,,,,,,,,0,0
2011-03-31,2,401592,45823,0,,437.4,160,58000,50000,50000,12000,225,160,225,90,225,100,225,50,715,37,,,,,,,,,,,0,0
2011-03-31,3,401592,45823,0,,437.4,160,58000,50000,50000,12000,225,160,225,90,225,100,225,50,715,37,,,,,,,,,,,0,0
2011-03-31,4,401592,45823,0,,437.4,160,58000,50000,50000,12000,225,160,225,90,225,100,225,50,715,37,,,,,,,,,,,0,0
2011-03-31,5,401592,45823,0,,437.4,160,58000,50000,50000,12000,225,160,225,90,225,100,225,50,715,37,,,,,,,,,,,0,0
2011-03-31,6,401592,45823,0,,437.4,160,58000,50000,50000,12000,225,160,225,90,225,100,225,50,715,37,,,,,,,,,,,0,0
2011-03-31,7,401592,45823,0,,437.4,160,58000,50000,50000,12000,225,160,225,90,225,100,225,50,715,37,,,,,,,,,,,0,0
2011-03-31,8,401592,45823,0,,437.4,160,58000,50000,50000,12000,225,160,225,90,225,100,225,50,715,37,,,,,,,,,,,0,0
2011-03-31,9,401592,45823,0,,437.4,160,58000,50000,50000,12000,225,160,225,90,225,100,225,50,715,37,,,,,,,,,,,0,0
2011-03-31,10,401592,45823,0,,437.4,160,58000,50000,50000,12000,225,160,225,90,225,100,225,50,715,37,,,,,,,,,,,0,0
2011-03-31,11,401592,45823,0,,437.4,160,58000,50000,50000,12000,225,160,225,90,225,100,225,50,715,37,,,,,,,,,,,0,0
2011-03-31,12,401592,45823,0,,437.4,160,58000,50000,50000,12000,225,160,225,90,225,100,225,50,715,37,,,,,,,,,,,0,0
2011-03-31,13,401592,45823,0,,437.4,160,58000,50000,50000,12000,225,160,225,90,225,100,225,50,715,37,,,,,,,,,,,0,0
2011-03-31,14,401592,45823,0,,437.4,160,58000,50000,50000,12000,225,160,225,90,225,100,225,50,715,37,,,,,,,,,,,0,0
2011-03-31,15,401592,45823,0,,437.4,160,58000,50000,50000,12000,225,160,225,90,225,100,225,50,715,37,,,,,,,,,,,0,0
2011-03-31,16,401592,45823,0,,437.4,160,58000,50000,50000,12000,225,160,225,90,225,100,225,50,715,37,,,,,,,,,,,0,0
2011-03-31,17,401592,45823,0,,437.4,160,58000,50000,50000,12000,225,160,225,90,225,100,225,50,715,37,,,,,,,,,,,0,0
2011-03-31,18,401592,45823,0,,437.4,160,58000,50000,50000,12000,225,160,225,90,225,100,225,50,715,37,,,,,,,,,,,0,0
2011-03-31,19,401592,45823,0,,437.4,160,58000,50000,50000,12000,225,160,225,90,225,100,225,50,715,37,,,,,,,,,,,0,0
2011-03-31,20,401592,45823,0,,437.4,160,58000,50000,50000,12000,225,160,225,90,225,100,225,50,715,37,,,,,,,,,,,0,0
2011-03-31,21,401592,45823,0,,437.4,160,58000,50000,50000,12000,225,160,225,90,225,100,225,50,715,37,,,,,,,,,,,0,0
2011-03-31,22,401592,45823,0,,437.4,160,58000,50000,50000,12000,225,160,225,90,225,100,225,50,715,37,,,,,,,,,,,0,0
2011-03-31,23,401592,45823,0,,437.4,160,58000,50000,50000,12000,225,160,225,90,225,100,225,50,715,37,,,,,,,,,,,0,0
2011-03-31,24,401592,45823,0,,437.4,160,58000,50000,50000,12000,225,160,225,90,225,100,225,50,715,37,,,,,,,,,,,0,0
2011-03-31,1,401592,59958,0,,246.9,100,15326,10125,5362,1024,40,80,40,60,40,90,40,10,605,7,,,,,,,,,,,0,0
2011-03-31,2,401592,59958,0,,246.9,100,15326,10125,5362,1024,40,80,40,60,40,90,40,10,605,7,,,,,,,,,,,0,0
2011-03-31,3,401592,59958,0,,246.9,100,15326,10125,5362,1024,40,80,40,60,40,90,40,10,605,7,,,,,,,,,,,0,0
2011-03-31,4,401592,59958,0,,246.9,100,15326,10125,5362,1024,40,80,40,60,40,90,40,10,605,7,,,,,,,,,,,0,0
2011-03-31,5,401592,59958,0,,246.9,100,15326,10125,5362,1024,40,80,40,60,40,90,40,10,605,7,,,,,,,,,,,0,0
2011-03-31,6,401592,59958,0,,246.9,100,15326,10125,5362,1024,40,80,40,60,40,90,40,10,605,7,,,,,,,,,,,0,0
2011-03-31,7,401592,59958,0,,246.9,100,15326,10125,5362,1024,40,80,40,60,40,90,40,10,605,7,,,,,,,,,,,0,0
2011-03-31,8,401592,59958,0,,246.9,100,15326,10125,5362,1024,40,80,40,60,40,90,40,10,605,7,,,,,,,,,,,0,0
2011-03-31,9,401592,59958,0,,246.9,100,15326,10125,5362,1024,40,80,40,60,40,90,40,10,605,7,,,,,,,,,,,0,0
2011-03-31,10,401592,59958,0,,246.9,100,15326,10125,5362,1024,40,80,40,60,40,90,40,10,605,7,,,,,,,,,,,0,0
2011-03-31,11,401592,59958,0,,246.9,100,15326,10125,5362,1024,40,80,40,60,40,90,40,10,605,7,,,,,,,,,,,0,0
2011-03-31,12,401592,59958,0,,246.9,100,15326,10125,5362,1024,40,80,40,60,40,90,40,10,605,7,,,,,,,,,,,0,0
2011-03-31,13,401592,59958,0,,246.9,100,15326,10125,5362,1024,40,80,40,60,40,90,40,10,605,7,,,,,,,,,,,0,0
2011-03-31,14,401592,59958,0,,246.9,100,15326,10125,5362,1024,40,80,40,60,40,90,40,10,605,7,,,,,,,,,,,0,0
2011-03-31,15,401592,59958,0,,246.9,100,15326,10125,5362,1024,40,80,40,60,40,90,40,10,605,7,,,,,,,,,,,0,0
2011-03-31,16,401592,59958,0,,246.9,100,15326,10125,5362,1024,40,80,40,60,40,90,40,10,605,7,,,,,,,,,,,0,0
2011-03-31,17,401592,59958,0,,246.9,100,15326,10125,5362,1024,40,80,40,60,40,90,40,10,605,7,,,,,,,,,,,0,0
2011-03-31,18,401592,59958,0,,246.9,100,15326,10125,5362,1024,40,80,40,60,40,90,40,10,605,7,,,,,,,,,,,0,0
2011-03-31,19,401592,59958,0,,246.9,100,15326,10125,5362,1024,40,80,40,60,40,90,40,10,605,7,,,,,,,,,,,0,0
2011-03-31,20,401592,59958,0,,246.9,100,15326,10125,5362,1024,40,80,40,60,40,90,40,10,605,7,,,,,,,,,,,0,0
2011-03-31,21,401592,59958,0,,246.9,100,15326,10125,5362,1024,40,80,40,60,40,90,40,10,605,7,,,,,,,,,,,0,0
2011-03-31,22,401592,59958,0,,246.9,100,15326,10125,5362,1024,40,80,40,60,40,90,40,10,605,7,,,,,,,,,,,0,0
2011-03-31,23,401592,59958,0,,246.9,100,15326,10125,5362,1024,40,80,40,60,40,90,40,10,605,7,,,,,,,,,,,0,0
2011-03-31,24,401592,59958,0,,246.9,100,15326,10125,5362,1024,40,80,40,60,40,90,40,10,605,7,,,,,,,,,,,0,0
2011-03-31,1,401592,65374,0,,9.9,9.9,0,0,0,328.6,320,10,,,,,,,,,,,,,,,,,,,9.9,9.9
2011-03-31,2,401592,65374,0,,9.9,9.9,0,0,0,328.6,320,10,,,,,,,,,,,,,,,,,,,9.9,9.9
2011-03-31,3,401592,65374,0,,9.9,9.9,0,0,0,328.6,320,10,,,,,,,,,,,,,,,,,,,9.9,9.9
2011-03-31,4,401592,65374,0,,9.9,9.9,0,0,0,328.6,320,10,,,,,,,,,,,,,,,,,,,9.9,9.9
2011-03-31,5,401592,65374,0,,9.9,9.9,0,0,0,328.6,320,10,,,,,,,,,,,,,,,,,,,9.9,9.9
2011-03-31,6,401592,65374,0,,9.9,9.9,0,0,0,328.6,320,10,,,,,,,,,,,,,,,,,,,9.9,9.9
2011-03-31,7,401592,65374,0,,9.9,9.9,0,0,0,328.6,320,10,,,,,,,,,,,,,,,,,,,9.9,9.9
2011-03-31,8,401592,65374,0,,9.9,9.9,0,0,0,328.6,320,10,,,,,,,,,,,,,,,,,,,9.9,9.9
2011-03-31,9,401592,65374,0,,9.9,9.9,0,0,0,328.6,320,10,,,,,,,,,,,,,,,,,,,9.9,9.9
2011-03-31,10,401592,65374,0,,9.9,9.9,0,0,0,328.6,320,10,,,,,,,,,,,,,,,,,,,9.9,9.9
2011-03-31,11,401592,65374,0,,9.9,9.9,0,0,0,328.6,320,10,,,,,,,,,,,,,,,,,,,9.9,9.9
2011-03-31,12,401592,65374,0,,9.9,9.9,0,0,0,328.6,320,10,,,,,,,,,,,,,,,,,,,9.9,9.9
2011-03-31,13,401592,65374,0,,9.9,9.9,0,0,0,328.6,320,10,,,,,,,,,,,,,,,,,,,9.9,9.9
2011-03-31,14,401592,65374,0,,9.9,9.9,0,0,0,328.6,320,10,,,,,,,,,,,,,,,,,,,9.9,9.9
2011-03-31,15,401592,65374,0,,9.9,9.9,0,0,0,328.6,320,10,,,,,,,,,,,,,,,,,,,9.9,9.9
2011-03-31,16,401592,65374,0,,9.9,9.9,0,0,0,328.6,320,10,,,,,,,,,,,,,,,,,,,9.9,9.9
2011-03-31,17,401592,65374,0,,9.9,9.9,0,0,0,328.6,320,10,,,,,,,,,,,,,,,,,,,9.9,9.9
2011-03-31,18,401592,65374,0,,9.9,9.9,0,0,0,328.6,320,10,,,,,,,,,,,,,,,,,,,9.9,9.9
2011-03-31,19,401592,65374,0,,9.9,9.9,0,0,0,328.6,320,10,,,,,,,,,,,,,,,,,,,9.9,9.9
2011-03-31,20,401592,65374,0,,9.9,9.9,0,0,0,328.6,320,10,,,,,,,,,,,,,,,,,,,9.9,9.9
2011-03-31,21,401592,65374,0,,9.9,9.9,0,0,0,328.6,320,10,,,,,,,,,,,,,,,,,,,9.9,9.9
2011-03-31,22,401592,65374,0,,9.9,9.9,0,0,0,328.6,320,10,,,,,,,,,,,,,,,,,,,9.9,9.9
2011-03-31,23,401592,65374,0,,9.9,9.9,0,0,0,328.6,320,10,,,,,,,,,,,,,,,,,,,9.9,9.9
2011-03-31,24,401592,65374,0,,9.9,9.9,0,0,0,328.6,320,10,,,,,,,,,,,,,,,,,,,9.9,9.9
2011-03-31,1,401592,72183,0,2560,165,110,3000,1500,1000,1400,30,110,32,15,34,35,110,5,,,,,,,,,,,,,0,0
2011-03-31,2,401592,72183,0,2560,165,110,3000,1500,1000,1400,30,110,32,15,34,35,110,5,,,,,,,,,,,,,0,0
2011-03-31,3,401592,72183,0,2560,165,110,3000,1500,1000,1400,30,110,32,15,34,35,110,5,,,,,,,,,,,,,0,0
2011-03-31,4,401592,72183,0,2560,165,110,3000,1500,1000,1400,30,110,32,15,34,35,110,5,,,,,,,,,,,,,0,0
2011-03-31,5,401592,72183,0,2560,165,110,3000,1500,1000,1400,30,110,32,15,34,35,110,5,,,,,,,,,,,,,0,0
2011-03-31,6,401592,72183,0,2560,165,110,3000,1500,1000,1400,30,110,32,15,34,35,110,5,,,,,,,,,,,,,0,0
2011-03-31,7,401592,72183,0,2560,165,110,3000,1500,1000,1400,30,110,32,15,34,35,110,5,,,,,,,,,,,,,0,0
2011-03-31,8,401592,72183,0,2560,165,110,3000,1500,1000,1400,30,110,32,15,34,35,110,5,,,,,,,,,,,,,0,0
2011-03-31,9,401592,72183,0,2560,165,110,3000,1500,1000,1400,30,110,32,15,34,35,110,5,,,,,,,,,,,,,0,0
2011-03-31,10,401592,72183,0,2560,165,110,3000,1500,1000,1400,30,110,32,15,34,35,110,5,,,,,,,,,,,,,0,0
2011-03-31,11,401592,72183,0,2560,165,110,3000,1500,1000,1400,30,110,32,15,34,35,110,5,,,,,,,,,,,,,0,0
2011-03-31,12,401592,72183,0,2560,165,110,3000,1500,1000,1400,30,110,32,15,34,35,110,5,,,,,,,,,,,,,0,0
2011-03-31,13,401592,72183,0,2560,165,110,3000,1500,1000,1400,30,110,32,15,34,35,110,5,,,,,,,,,,,,,0,0
2011-03-31,14,401592,72183,0,2560,165,110,3000,1500,1000,1400,30,110,32,15,34,35,110,5,,,,,,,,,,,,,0,0
2011-03-31,15,401592,72183,0,2560,165,110,3000,1500,1000,1400,30,110,32,15,34,35,110,5,,,,,,,,,,,,,0,0
2011-03-31,16,401592,72183,0,2560,165,110,3000,1500,1000,1400,30,110,32,15,34,35,110,5,,,,,,,,,,,,,0,0
2011-03-31,17,401592,72183,0,2560,165,110,3000,1500,1000,1400,30,110,32,15,34,35,110,5,,,,,,,,,,,,,0,0
2011-03-31,18,401592,72183,0,2560,165,110,3000,1500,1000,1400,30,110,32,15,34,35,110,5,,,,,,,,,,,,,0,0
2011-03-31,19,401592,72183,0,2560,165,110,3000,1500,1000,1400,30,110,32,15,34,35,110,5,,,,,,,,,,,,,0,0
2011-03-31,20,401592,72183,0,2560,165,110,3000,1500,1000,1400,30,110,32,15,34,35,110,5,,,,,,,,,,,,,0,0
2011-03-31,21,401592,72183,0,2560,165,110,3000,1500,1000,1400,30,110,32,15,34,35,110,5,,,,,,,,,,,,,0,0
2011-03-31,22,401592,72183,0,2560,165,110,3000,1500,1000,1400,30,110,32,15,34,35,110,5,,,,,,,,,,,,,0,0
2011-03-31,23,401592,72183,0,2560,165,110,3000,1500,1000,1400,30,110,32,15,34,35,110,5,,,,,,,,,,,,,0,0
2011-03-31,24,401592,72183,0,2560,165,110,3000,1500,1000,1400,30,110,32,15,34,35,110,5,,,,,,,,,,,,,0,0
2011-03-31,1,401592,79866,0,,78.8,25,6000,6000,6000,1000,80,25,80,25,170,22,170,4,320,3,,,,,,,,,,,0,0
2011-03-31,2,401592,79866,0,,78.8,25,6000,6000,6000,1000,80,25,80,25,170,22,170,4,320,3,,,,,,,,,,,0,0
2011-03-31,3,401592,79866,0,,78.8,25,6000,6000,6000,1000,80,25,80,25,170,22,170,4,320,3,,,,,,,,,,,0,0
2011-03-31,4,401592,79866,0,,78.8,25,6000,6000,6000,1000,80,25,80,25,170,22,170,4,320,3,,,,,,,,,,,0,0
2011-03-31,5,401592,79866,0,,78.8,25,6000,6000,6000,1000,80,25,80,25,170,22,170,4,320,3,,,,,,,,,,,0,0
2011-03-31,6,401592,79866,0,,78.8,25,6000,6000,6000,1000,80,25,80,25,170,22,170,4,320,3,,,,,,,,,,,0,0
2011-03-31,7,401592,79866,0,,78.8,25,6000,6000,6000,1000,80,25,80,25,170,22,170,4,320,3,,,,,,,,,,,0,0
2011-03-31,8,401592,79866,0,,78.8,25,6000,6000,6000,1000,80,25,80,25,170,22,170,4,320,3,,,,,,,,,,,0,0
2011-03-31,9,401592,79866,0,,78.8,25,6000,6000,6000,1000,80,25,80,25,170,22,170,4,320,3,,,,,,,,,,,0,0
2011-03-31,10,401592,79866,0,,78.8,25,6000,6000,6000,1000,80,25,80,25,170,22,170,4,320,3,,,,,,,,,,,0,0
2011-03-31,11,401592,79866,0,,78.8,25,6000,6000,6000,1000,80,25,80,25,170,22,170,4,320,3,,,,,,,,,,,0,0
2011-03-31,12,401592,79866,0,,78.8,25,6000,6000,6000,1000,80,25,80,25,170,22,170,4,320,3,,,,,,,,,,,0,0
2011-03-31,13,401592,79866,0,,78.8,25,6000,6000,6000,1000,80,25,80,25,170,22,170,4,320,3,,,,,,,,,,,0,0
2011-03-31,14,401592,79866,0,,78.8,25,6000,6000,6000,1000,80,25,80,25,170,22,170,4,320,3,,,,,,,,,,,0,0
2011-03-31,15,401592,79866,0,,78.8,25,6000,6000,6000,1000,80,25,80,25,170,22,170,4,320,3,,,,,,,,,,,0,0
2011-03-31,16,401592,79866,0,,78.8,25,6000,6000,6000,1000,80,25,80,25,170,22,170,4,320,3,,,,,,,,,,,0,0
2011-03-31,17,401592,79866,0,,78.8,25,6000,6000,6000,1000,80,25,80,25,170,22,170,4,320,3,,,,,,,,,,,0,0
2011-03-31,18,401592,79866,0,,78.8,25,6000,6000,6000,1000,80,25,80,25,170,22,170,4,320,3,,,,,,,,,,,0,0
2011-03-31,19,401592,79866,0,,78.8,25,6000,6000,6000,1000,80,25,80,25,170,22,170,4,320,3,,,,,,,,,,,0,0
2011-03-31,20,401592,79866,0,,78.8,25,6000,6000,6000,1000,80,25,80,25,170,22,170,4,320,3,,,,,,,,,,,0,0
2011-03-31,21,401592,79866,0,,78.8,25,6000,6000,6000,1000,80,25,80,25,170,22,170,4,320,3,,,,,,,,,,,0,0
2011-03-31,22,401592,79866,0,,78.8,25,6000,6000,6000,1000,80,25,80,25,170,22,170,4,320,3,,,,,,,,,,,0,0
2011-03-31,23,401592,79866,0,,78.8,25,6000,6000,6000,1000,80,25,80,25,170,22,170,4,320,3,,,,,,,,,,,0,0
2011-03-31,24,401592,79866,0,,78.8,25,6000,6000,6000,1000,80,25,80,25,170,22,170,4,320,3,,,,,,,,,,,0,0
2011-03-31,1,401592,87105,41,,41,41,0,0,0,0,,,,,,,,,,,,,,,,,,,,,0,0
2011-03-31,2,401592,87105,41,,41,41,0,0,0,0,,,,,,,,,,,,,,,,,,,,,0,0
2011-03-31,3,401592,87105,41,,41,41,0,0,0,0,,,,,,,,,,,,,,,,,,,,,0,0
2011-03-31,4,401592,87105,41,,41,41,0,0,0,0,,,,,,,,,,,,,,,,,,,,,0,0
2011-03-31,5,401592,87105,41,,41,41,0,0,0,0,,,,,,,,,,,,,,,,,,,,,0,0
2011-03-31,6,401592,87105,41,,41,41,0,0,0,0,,,,,,,,,,,,,,,,,,,,,0,0
2011-03-31,7,401592,87105,41,,41,41,0,0,0,0,,,,,,,,,,,,,,,,,,,,,0,0
2011-03-31,8,401592,87105,41,,41,41,0,0,0,0,,,,,,,,,,,,,,,,,,,,,0,0
2011-03-31,9,401592,87105,41,,41,41,0,0,0,0,,,,,,,,,,,,,,,,,,,,,0,0
2011-03-31,10,401592,87105,41,,41,41,0,0,0,0,,,,,,,,,,,,,,,,,,,,,0,0
2011-03-31,11,401592,87105,41,,41,41,0,0,0,0,,,,,,,,,,,,,,,,,,,,,0,0
2011-03-31,12,401592,87105,41,,41,41,0,0,0,0,,,,,,,,,,,,,,,,,,,,,0,0
2011-03-31,13,401592,87105,41,,41,41,0,0,0,0,,,,,,,,,,,,,,,,,,,,,0,0
2011-03-31,14,401592,87105,41,,41,41,0,0,0,0,,,,,,,,,,,,,,,,,,,,,0,0
2011-03-31,15,401592,87105,41,,41,41,0,0,0,0,,,,,,,,,,,,,,,,,,,,,0,0
2011-03-31,16,401592,87105,41,,41,41,0,0,0,0,,,,,,,,,,,,,,,,,,,,,0,0
2011-03-31,17,401592,87105,41,,41,41,0,0,0,0,,,,,,,,,,,,,,,,,,,,,0,0
2011-03-31,18,401592,87105,41,,41,41,0,0,0,0,,,,,,,,,,,,,,,,,,,,,0,0
2011-03-31,19,401592,87105,41,,41,41,0,0,0,0,,,,,,,,,,,,,,,,,,,,,0,0
2011-03-31,20,401592,87105,41,,41,41,0,0,0,0,,,,,,,,,,,,,,,,,,,,,0,0
2011-03-31,21,401592,87105,41,,41,41,0,0,0,0,,,,,,,,,,,,,,,,,,,,,0,0
2011-03-31,22,401592,87105,41,,41,41,0,0,0,0,,,,,,,,,,,,,,,,,,,,,0,0
2011-03-31,23,401592,87105,41,,41,41,0,0,0,0,,,,,,,,,,,,,,,,,,,,,0,0
2011-03-31,24,401592,87105,41,,41,41,0,0,0,0,,,,,,,,,,,,,,,,,,,,,0,0
2011-03-31,1,401592,92137,0,2560,165,110,3000,1500,1000,1700,40,110,42,15,44,35,110,5,,,,,,,,,,,,,0,0
2011-03-31,2,401592,92137,0,2560,165,110,3000,1500,1000,1700,40,110,42,15,44,35,110,5,,,,,,,,,,,,,0,0
2011-03-31,3,401592,92137,0,2560,165,110,3000,1500,1000,1700,40,110,42,15,44,35,110,5,,,,,,,,,,,,,0,0
2011-03-31,4,401592,92137,0,2560,165,110,3000,1500,1000,1700,40,110,42,15,44,35,110,5,,,,,,,,,,,,,0,0
2011-03-31,5,401592,92137,0,2560,165,110,3000,1500,1000,1700,40,110,42,15,44,35,110,5,,,,,,,,,,,,,0,0
2011-03-31,6,401592,92137,0,2560,165,110,3000,1500,1000,1700,40,110,42,15,44,35,110,5,,,,,,,,,,,,,0,0
2011-03-31,7,401592,92137,0,2560,165,110,3000,1500,1000,1700,40,110,42,15,44,35,110,5,,,,,,,,,,,,,0,0
2011-03-31,8,401592,92137,0,2560,165,110,3000,1500,1000,1700,40,110,42,15,44,35,110,5,,,,,,,,,,,,,0,0
2011-03-31,9,401592,92137,0,2560,165,110,3000,1500,1000,1700,40,110,42,15,44,35,110,5,,,,,,,,,,,,,0,0
2011-03-31,10,401592,92137,0,2560,165,110,3000,1500,1000,1700,40,110,42,15,44,35,110,5,,,,,,,,,,,,,0,0
2011-03-31,11,401592,92137,0,2560,165,110,3000,1500,1000,1700,40,110,42,15,44,35,110,5,,,,,,,,,,,,,0,0
2011-03-31,12,401592,92137,0,2560,165,110,3000,1500,1000,1700,40,110,42,15,44,35,110,5,,,,,,,,,,,,,0,0
2011-03-31,13,401592,92137,0,2560,165,110,3000,1500,1000,1700,40,110,42,15,44,35,110,5,,,,,,,,,,,,,0,0
2011-03-31,14,401592,92137,0,2560,165,110,3000,1500,1000,1700,40,110,42,15,44,35,110,5,,,,,,,,,,,,,0,0
2011-03-31,15,401592,92137,0,2560,165,110,3000,1500,1000,1700,40,110,42,15,44,35,110,5,,,,,,,,,,,,,0,0
2011-03-31,16,401592,92137,0,2560,165,110,3000,1500,1000,1700,40,110,42,15,44,35,110,5,,,,,,,,,,,,,0,0
2011-03-31,17,401592,92137,0,2560,165,110,3000,1500,1000,1700,40,110,42,15,44,35,110,5,,,,,,,,,,,,,0,0
2011-03-31,18,401592,92137,0,2560,165,110,3000,1500,1000,1700,40,110,42,15,44,35,110,5,,,,,,,,,,,,,0,0
2011-03-31,19,401592,92137,0,2560,165,110,3000,1500,1000,1700,40,110,42,15,44,35,110,5,,,,,,,,,,,,,0,0
2011-03-31,20,401592,92137,0,2560,165,110,3000,1500,1000,1700,40,110,42,15,44,35,110,5,,,,,,,,,,,,,0,0
2011-03-31,21,401592,92137,0,2560,165,110,3000,1500,1000,1700,40,110,42,15,44,35,110,5,,,,,,,,,,,,,0,0
2011-03-31,22,401592,92137,0,2560,165,110,3000,1500,1000,1700,40,110,42,15,44,35,110,5,,,,,,,,,,,,,0,0
2011-03-31,23,401592,92137,0,2560,165,110,3000,1500,1000,1700,40,110,42,15,44,35,110,5,,,,,,,,,,,,,0,0
2011-03-31,24,401592,92137,0,2560,165,110,3000,1500,1000,1700,40,110,42,15,44,35,110,5,,,,,,,,,,,,,0,0
2011-03-31,1,402551,31540,0,,13.8,13.8,0,0,0,0,282.15,13.7,,,,,,,,,,,,,,,,,,,0,0
2011-03-31,2,402551,31540,0,,13.8,13.8,0,0,0,0,282.15,13.7,,,,,,,,,,,,,,,,,,,0,0
2011-03-31,3,402551,31540,0,,13.8,13.8,0,0,0,0,282.15,13.7,,,,,,,,,,,,,,,,,,,0,0
2011-03-31,4,402551,31540,0,,13.8,13.8,0,0,0,0,282.15,13.7,,,,,,,,,,,,,,,,,,,0,0
2011-03-31,5,402551,31540,0,,13.8,13.8,0,0,0,0,282.15,13.7,,,,,,,,,,,,,,,,,,,0,0
2011-03-31,6,402551,31540,0,,13.8,13.8,0,0,0,0,282.15,13.7,,,,,,,,,,,,,,,,,,,0,0
2011-03-31,7,402551,31540,0,,13.8,13.8,0,0,0,0,282.15,13.7,,,,,,,,,,,,,,,,,,,0,0
2011-03-31,8,402551,31540,0,,13.8,13.8,0,0,0,0,282.15,13.7,,,,,,,,,,,,,,,,,,,0,0
2011-03-31,9,402551,31540,0,,13.8,13.8,0,0,0,0,282.15,13.7,,,,,,,,,,,,,,,,,,,0,0
2011-03-31,10,402551,31540,0,,13.8,13.8,0,0,0,0,282.15,13.7,,,,,,,,,,,,,,,,,,,0,0
2011-03-31,11,402551,31540,0,,13.8,13.8,0,0,0,0,282.15,13.7,,,,,,,,,,,,,,,,,,,0,0
2011-03-31,12,402551,31540,0,,13.8,13.8,0,0,0,0,282.15,13.7,,,,,,,,,,,,,,,,,,,0,0
2011-03-31,13,402551,31540,0,,13.8,13.8,0,0,0,0,282.15,13.7,,,,,,,,,,,,,,,,,,,0,0
2011-03-31,14,402551,31540,0,,13.8,13.8,0,0,0,0,282.15,13.7,,,,,,,,,,,,,,,,,,,0,0
2011-03-31,15,402551,31540,0,,13.8,13.8,0,0,0,0,282.15,13.7,,,,,,,,,,,,,,,,,,,0,0
2011-03-31,16,402551,31540,0,,13.8,13.8,0,0,0,0,282.15,13.7,,,,,,,,,,,,,,,,,,,0,0
2011-03-31,17,402551,31540,0,,13.8,13.8,0,0,0,0,282.15,13.7,,,,,,,,,,,,,,,,,,,0,0
2011-03-31,18,402551,31540,0,,13.8,13.8,0,0,0,0,282.15,13.7,,,,,,,,,,,,,,,,,,,0,0
2011-03-31,19,402551,31540,0,,13.8,13.8,0,0,0,0,282.15,13.7,,,,,,,,,,,,,,,,,,,0,0
2011-03-31,20,402551,31540,0,,13.8,13.8,0,0,0,0,282.15,13.7,,,,,,,,,,,,,,,,,,,0,0
2011-03-31,21,402551,31540,0,,13.8,13.8,0,0,0,0,282.15,13.7,,,,,,,,,,,,,,,,,,,0,0
2011-03-31,22,402551,31540,0,,13.8,13.8,0,0,0,0,282.15,13.7,,,,,,,,,,,,,,,,,,,0,0
2011-03-31,23,402551,31540,0,,13.8,13.8,0,0,0,0,282.15,13.7,,,,,,,,,,,,,,,,,,,0,0
2011-03-31,24,402551,31540,0,,13.8,13.8,0,0,0,0,282.15,13.7,,,,,,,,,,,,,,,,,,,0,0
2011-03-31,1,412080,17698,0,,40,40,994,994,994,0,300,40,,,,,,,,,,,,,,,,,,,0,0
2011-03-31,2,412080,17698,0,,40,40,994,994,994,0,300,40,,,,,,,,,,,,,,,,,,,0,0
2011-03-31,3,412080,17698,0,,40,40,994,994,994,0,300,40,,,,,,,,,,,,,,,,,,,0,0
2011-03-31,4,412080,17698,0,,40,40,994,994,994,0,300,40,,,,,,,,,,,,,,,,,,,0,0
2011-03-31,5,412080,17698,0,,40,40,994,994,994,0,300,40,,,,,,,,,,,,,,,,,,,0,0
2011-03-31,6,412080,17698,0,,40,40,994,994,994,0,300,40,,,,,,,,,,,,,,,,,,,0,0
2011-03-31,7,412080,17698,0,,40,40,994,994,994,0,300,40,,,,,,,,,,,,,,,,,,,0,0
2011-03-31,8,412080,17698,0,,40,40,994,994,994,0,300,40,,,,,,,,,,,,,,,,,,,0,0
2011-03-31,9,412080,17698,0,,40,40,994,994,994,0,300,40,,,,,,,,,,,,,,,,,,,0,0
2011-03-31,10,412080,17698,0,,40,40,994,994,994,0,300,40,,,,,,,,,,,,,,,,,,,0,0
2011-03-31,11,412080,17698,0,,40,40,994,994,994,0,300,40,,,,,,,,,,,,,,,,,,,0,0
2011-03-31,12,412080,17698,0,,40,40,994,994,994,0,300,40,,,,,,,,,,,,,,,,,,,0,0
2011-03-31,13,412080,17698,0,,40,40,994,994,994,0,300,40,,,,,,,,,,,,,,,,,,,0,0
2011-03-31,14,412080,17698,0,,40,40,994,994,994,0,300,40,,,,,,,,,,,,,,,,,,,0,0
2011-03-31,15,412080,17698,0,,40,40,994,994,994,0,300,40,,,,,,,,,,,,,,,,,,,0,0
2011-03-31,16,412080,17698,0,,40,40,994,994,994,0,300,40,,,,,,,,,,,,,,,,,,,0,0
2011-03-31,17,412080,17698,0,,40,40,994,994,994,0,300,40,,,,,,,,,,,,,,,,,,,0,0
2011-03-31,18,412080,17698,0,,40,40,994,994,994,0,300,40,,,,,,,,,,,,,,,,,,,0,0
2011-03-31,19,412080,17698,0,,40,40,994,994,994,0,300,40,,,,,,,,,,,,,,,,,,,0,0
2011-03-31,20,412080,17698,0,,40,40,994,994,994,0,300,40,,,,,,,,,,,,,,,,,,,0,0
2011-03-31,21,412080,17698,0,,40,40,994,994,994,0,300,40,,,,,,,,,,,,,,,,,,,0,0
2011-03-31,22,412080,17698,0,,40,40,994,994,994,0,300,40,,,,,,,,,,,,,,,,,,,0,0
2011-03-31,23,412080,17698,0,,40,40,994,994,994,0,300,40,,,,,,,,,,,,,,,,,,,0,0
2011-03-31,24,412080,17698,0,,40,40,994,994,994,0,300,40,,,,,,,,,,,,,,,,,,,0,0
2011-03-31,1,412080,44623,0,,70,55,5404,5404,5404,2,334.78,85,,,,,,,,,,,,,,,,,,,65,65
2011-03-31,2,412080,44623,0,,70,55,5404,5404,5404,2,334.78,85,,,,,,,,,,,,,,,,,,,65,65
2011-03-31,3,412080,44623,0,,70,55,5404,5404,5404,2,334.78,85,,,,,,,,,,,,,,,,,,,65,65
2011-03-31,4,412080,44623,0,,70,55,5404,5404,5404,2,334.78,85,,,,,,,,,,,,,,,,,,,65,65
2011-03-31,5,412080,44623,0,,70,55,5404,5404,5404,2,334.78,85,,,,,,,,,,,,,,,,,,,65,65
2011-03-31,6,412080,44623,0,,70,55,5404,5404,5404,2,334.78,85,,,,,,,,,,,,,,,,,,,65,65
2011-03-31,7,412080,44623,0,,70,55,5404,5404,5404,2,334.78,85,,,,,,,,,,,,,,,,,,,65,65
2011-03-31,8,412080,44623,0,,70,55,5404,5404,5404,2,334.78,85,,,,,,,,,,,,,,,,,,,65,65
2011-03-31,9,412080,44623,0,,70,55,5404,5404,5404,2,334.78,85,,,,,,,,,,,,,,,,,,,65,65
2011-03-31,10,412080,44623,0,,70,55,5404,5404,5404,2,334.78,85,,,,,,,,,,,,,,,,,,,65,65
2011-03-31,11,412080,44623,0,,70,55,5404,5404,5404,2,334.78,85,,,,,,,,,,,,,,,,,,,65,65
2011-03-31,12,412080,44623,0,,70,55,5404,5404,5404,2,334.78,85,,,,,,,,,,,,,,,,,,,65,65
2011-03-31,13,412080,44623,0,,70,55,5404,5404,5404,2,334.78,85,,,,,,,,,,,,,,,,,,,65,65
2011-03-31,14,412080,44623,0,,70,55,5404,5404,5404,2,334.78,85,,,,,,,,,,,,,,,,,,,65,65
2011-03-31,15,412080,44623,0,,70,55,5404,5404,5404,2,334.78,85,,,,,,,,,,,,,,,,,,,65,65
2011-03-31,16,412080,44623,0,,70,55,5404,5404,5404,2,334.78,85,,,,,,,,,,,,,,,,,,,65,65
2011-03-31,17,412080,44623,0,,70,55,5404,5404,5404,2,334.78,85,,,,,,,,,,,,,,,,,,,65,65
2011-03-31,18,412080,44623,0,,70,55,5404,5404,5404,2,334.78,85,,,,,,,,,,,,,,,,,,,65,65
2011-03-31,19,412080,44623,0,,70,55,5404,5404,5404,2,334.78,85,,,,,,,,,,,,,,,,,,,65,65
2011-03-31,20,412080,44623,0,,70,55,5404,5404,5404,2,334.78,85,,,,,,,,,,,,,,,,,,,65,65
2011-03-31,21,412080,44623,0,,70,55,5404,5404,5404,2,334.78,85,,,,,,,,,,,,,,,,,,,65,65
2011-03-31,22,412080,44623,0,,70,55,5404,5404,5404,2,334.78,85,,,,,,,,,,,,,,,,,,,65,65
2011-03-31,23,412080,44623,0,,70,55,5404,5404,5404,2,334.78,85,,,,,,,,,,,,,,,,,,,65,65
2011-03-31,24,412080,44623,0,,70,55,5404,5404,5404,2,334.78,85,,,,,,,,,,,,,,,,,,,65,65
2011-03-31,1,412080,59383,0,,72,55,5404,5404,5404,2,334.78,87,,,,,,,,,,,,,,,,,,,65,65
2011-03-31,2,412080,59383,0,,72,55,5404,5404,5404,2,334.78,87,,,,,,,,,,,,,,,,,,,65,65
2011-03-31,3,412080,59383,0,,72,55,5404,5404,5404,2,334.78,87,,,,,,,,,,,,,,,,,,,65,65
2011-03-31,4,412080,59383,0,,72,55,5404,5404,5404,2,334.78,87,,,,,,,,,,,,,,,,,,,65,65
2011-03-31,5,412080,59383,0,,72,55,5404,5404,5404,2,334.78,87,,,,,,,,,,,,,,,,,,,65,65
2011-03-31,6,412080,59383,0,,72,55,5404,5404,5404,2,334.78,87,,,,,,,,,,,,,,,,,,,65,65
2011-03-31,7,412080,59383,0,,72,55,5404,5404,5404,2,334.78,87,,,,,,,,,,,,,,,,,,,65,65
2011-03-31,8,412080,59383,0,,72,55,5404,5404,5404,2,334.78,87,,,,,,,,,,,,,,,,,,,65,65
2011-03-31,9,412080,59383,0,,72,55,5404,5404,5404,2,334.78,87,,,,,,,,,,,,,,,,,,,65,65
2011-03-31,10,412080,59383,0,,72,55,5404,5404,5404,2,334.78,87,,,,,,,,,,,,,,,,,,,65,65
2011-03-31,11,412080,59383,0,,72,55,5404,5404,5404,2,334.78,87,,,,,,,,,,,,,,,,,,,65,65
2011-03-31,12,412080,59383,0,,72,55,5404,5404,5404,2,334.78,87,,,,,,,,,,,,,,,,,,,65,65
2011-03-31,13,412080,59383,0,,72,55,5404,5404,5404,2,334.78,87,,,,,,,,,,,,,,,,,,,65,65
2011-03-31,14,412080,59383,0,,72,55,5404,5404,5404,2,334.78,87,,,,,,,,,,,,,,,,,,,65,65
2011-03-31,15,412080,59383,0,,72,55,5404,5404,5404,2,334.78,87,,,,,,,,,,,,,,,,,,,65,65
2011-03-31,16,412080,59383,0,,72,55,5404,5404,5404,2,334.78,87,,,,,,,,,,,,,,,,,,,65,65
2011-03-31,17,412080,59383,0,,72,55,5404,5404,5404,2,334.78,87,,,,,,,,,,,,,,,,,,,65,65
2011-03-31,18,412080,59383,0,,72,55,5404,5404,5404,2,334.78,87,,,,,,,,,,,,,,,,,,,65,65
2011-03-31,19,412080,59383,0,,72,55,5404,5404,5404,2,334.78,87,,,,,,,,,,,,,,,,,,,65,65
2011-03-31,20,412080,59383,0,,72,55,5404,5404,5404,2,334.78,87,,,,,,,,,,,,,,,,,,,65,65
2011-03-31,21,412080,59383,0,,72,55,5404,5404,5404,2,334.78,87,,,,,,,,,,,,,,,,,,,65,65
2011-03-31,22,412080,59383,0,,72,55,5404,5404,5404,2,334.78,87,,,,,,,,,,,,,,,,,,,65,65
2011-03-31,23,412080,59383,0,,72,55,5404,5404,5404,2,334.78,87,,,,,,,,,,,,,,,,,,,65,65
2011-03-31,24,412080,59383,0,,72,55,5404,5404,5404,2,334.78,87,,,,,,,,,,,,,,,,,,,65,65
2011-03-31,1,412080,68657,0,,104,85,4134,4134,4134,2,213.7,116,,,,,,,,,,,,,,,,,,,0,0
2011-03-31,2,412080,68657,0,,104,85,4134,4134,4134,2,213.7,116,,,,,,,,,,,,,,,,,,,0,0
2011-03-31,3,412080,68657,0,,104,85,4134,4134,4134,2,213.7,116,,,,,,,,,,,,,,,,,,,0,0
2011-03-31,4,412080,68657,0,,104,85,4134,4134,4134,2,213.7,116,,,,,,,,,,,,,,,,,,,0,0
2011-03-31,5,412080,68657,0,,104,85,4134,4134,4134,2,213.7,116,,,,,,,,,,,,,,,,,,,0,0
2011-03-31,6,412080,68657,0,,104,85,4134,4134,4134,2,213.7,116,,,,,,,,,,,,,,,,,,,0,0
2011-03-31,7,412080,68657,0,,104,85,4134,4134,4134,2,213.7,116,,,,,,,,,,,,,,,,,,,0,0
2011-03-31,8,412080,68657,0,,104,85,4134,4134,4134,2,213.7,116,,,,,,,,,,,,,,,,,,,0,0
2011-03-31,9,412080,68657,0,,104,85,4134,4134,4134,2,213.7,116,,,,,,,,,,,,,,,,,,,0,0
2011-03-31,10,412080,68657,0,,104,85,4134,4134,4134,2,213.7,116,,,,,,,,,,,,,,,,,,,0,0
2011-03-31,11,412080,68657,0,,104,85,4134,4134,4134,2,213.7,116,,,,,,,,,,,,,,,,,,,0,0
2011-03-31,12,412080,68657,0,,104,85,4134,4134,4134,2,213.7,116,,,,,,,,,,,,,,,,,,,0,0
2011-03-31,13,412080,68657,0,,104,85,4134,4134,4134,2,213.7,116,,,,,,,,,,,,,,,,,,,0,0
2011-03-31,14,412080,68657,0,,104,85,4134,4134,4134,2,213.7,116,,,,,,,,,,,,,,,,,,,0,0
2011-03-31,15,412080,68657,0,,104,85,4134,4134,4134,2,213.7,116,,,,,,,,,,,,,,,,,,,0,0
2011-03-31,16,412080,68657,0,,104,85,4134,4134,4134,2,213.7,116,,,,,,,,,,,,,,,,,,,0,0
2011-03-31,17,412080,68657,0,,104,85,4134,4134,4134,2,213.7,116,,,,,,,,,,,,,,,,,,,0,0
2011-03-31,18,412080,68657,0,,104,85,4134,4134,4134,2,213.7,116,,,,,,,,,,,,,,,,,,,0,0
2011-03-31,19,412080,68657,0,,104,85,4134,4134,4134,2,213.7,116,,,,,,,,,,,,,,,,,,,0,0
2011-03-31,20,412080,68657,0,,104,85,4134,4134,4134,2,213.7,116,,,,,,,,,,,,,,,,,,,0,0
2011-03-31,21,412080,68657,0,,104,85,4134,4134,4134,2,213.7,116,,,,,,,,,,,,,,,,,,,0,0
2011-03-31,22,412080,68657,0,,104,85,4134,4134,4134,2,213.7,116,,,,,,,,,,,,,,,,,,,0,0
2011-03-31,23,412080,68657,0,,104,85,4134,4134,4134,2,213.7,116,,,,,,,,,,,,,,,,,,,0,0
2011-03-31,24,412080,68657,0,,104,85,4134,4134,4134,2,213.7,116,,,,,,,,,,,,,,,,,,,0,0
2011-03-31,1,412080,75042,0,,107,80,4134,4134,4134,2,57.78,119,,,,,,,,,,,,,,,,,,,0,0
2011-03-31,2,412080,75042,0,,107,80,4134,4134,4134,2,57.78,119,,,,,,,,,,,,,,,,,,,0,0
2011-03-31,3,412080,75042,0,,107,80,4134,4134,4134,2,57.78,119,,,,,,,,,,,,,,,,,,,0,0
2011-03-31,4,412080,75042,0,,107,80,4134,4134,4134,2,57.78,119,,,,,,,,,,,,,,,,,,,0,0
2011-03-31,5,412080,75042,0,,107,80,4134,4134,4134,2,57.78,119,,,,,,,,,,,,,,,,,,,0,0
2011-03-31,6,412080,75042,0,,107,80,4134,4134,4134,2,57.78,119,,,,,,,,,,,,,,,,,,,0,0
2011-03-31,7,412080,75042,0,,107,80,4134,4134,4134,2,57.78,119,,,,,,,,,,,,,,,,,,,0,0
2011-03-31,8,412080,75042,0,,107,80,4134,4134,4134,2,57.78,119,,,,,,,,,,,,,,,,,,,0,0
2011-03-31,9,412080,75042,0,,107,80,4134,4134,4134,2,57.78,119,,,,,,,,,,,,,,,,,,,0,0
2011-03-31,10,412080,75042,0,,107,80,4134,4134,4134,2,57.78,119,,,,,,,,,,,,,,,,,,,0,0
2011-03-31,11,412080,75042,0,,107,80,4134,4134,4134,2,57.78,119,,,,,,,,,,,,,,,,,,,0,0
2011-03-31,12,412080,75042,0,,107,80,4134,4134,4134,2,57.78,119,,,,,,,,,,,,,,,,,,,0,0
2011-03-31,13,412080,75042,0,,107,80,4134,4134,4134,2,57.78,119,,,,,,,,,,,,,,,,,,,0,0
2011-03-31,14,412080,75042,0,,107,80,4134,4134,4134,2,57.78,119,,,,,,,,,,,,,,,,,,,0,0
2011-03-31,15,412080,75042,0,,107,80,4134,4134,4134,2,57.78,119,,,,,,,,,,,,,,,,,,,0,0
2011-03-31,16,412080,75042,0,,107,80,4134,4134,4134,2,57.78,119,,,,,,,,,,,,,,,,,,,0,0
2011-03-31,17,412080,75042,0,,107,80,4134,4134,4134,2,57.78,119,,,,,,,,,,,,,,,,,,,0,0
2011-03-31,18,412080,75042,0,,107,80,4134,4134,4134,2,57.78,119,,,,,,,,,,,,,,,,,,,0,0
2011-03-31,19,412080,75042,0,,107,80,4134,4134,4134,2,57.78,119,,,,,,,,,,,,,,,,,,,0,0
2011-03-31,20,412080,75042,0,,107,80,4134,4134,4134,2,57.78,119,,,,,,,,,,,,,,,,,,,0,0
2011-03-31,21,412080,75042,0,,107,80,4134,4134,4134,2,57.78,119,,,,,,,,,,,,,,,,,,,0,0
2011-03-31,22,412080,75042,0,,107,80,4134,4134,4134,2,57.78,119,,,,,,,,,,,,,,,,,,,0,0
2011-03-31,23,412080,75042,0,,107,80,4134,4134,4134,2,57.78,119,,,,,,,,,,,,,,,,,,,0,0
2011-03-31,24,412080,75042,0,,107,80,4134,4134,4134,2,57.78,119,,,,,,,,,,,,,,,,,,,0,0
2011-03-31,1,412080,82179,0,,107,80,4134,4134,4134,2,56.4,119,,,,,,,,,,,,,,,,,,,0,0
2011-03-31,2,412080,82179,0,,107,80,4134,4134,4134,2,56.4,119,,,,,,,,,,,,,,,,,,,0,0
2011-03-31,3,412080,82179,0,,107,80,4134,4134,4134,2,56.4,119,,,,,,,,,,,,,,,,,,,0,0
2011-03-31,4,412080,82179,0,,107,80,4134,4134,4134,2,56.4,119,,,,,,,,,,,,,,,,,,,0,0
2011-03-31,5,412080,82179,0,,107,80,4134,4134,4134,2,56.4,119,,,,,,,,,,,,,,,,,,,0,0
2011-03-31,6,412080,82179,0,,107,80,4134,4134,4134,2,56.4,119,,,,,,,,,,,,,,,,,,,0,0
2011-03-31,7,412080,82179,0,,107,80,4134,4134,4134,2,56.4,119,,,,,,,,,,,,,,,,,,,0,0
2011-03-31,8,412080,82179,0,,107,80,4134,4134,4134,2,56.4,119,,,,,,,,,,,,,,,,,,,0,0
2011-03-31,9,412080,82179,0,,107,80,4134,4134,4134,2,56.4,119,,,,,,,,,,,,,,,,,,,0,0
2011-03-31,10,412080,82179,0,,107,80,4134,4134,4134,2,56.4,119,,,,,,,,,,,,,,,,,,,0,0
2011-03-31,11,412080,82179,0,,107,80,4134,4134,4134,2,56.4,119,,,,,,,,,,,,,,,,,,,0,0
2011-03-31,12,412080,82179,0,,107,80,4134,4134,4134,2,56.4,119,,,,,,,,,,,,,,,,,,,0,0
2011-03-31,13,412080,82179,0,,107,80,4134,4134,4134,2,56.4,119,,,,,,,,,,,,,,,,,,,0,0
2011-03-31,14,412080,82179,0,,107,80,4134,4134,4134,2,56.4,119,,,,,,,,,,,,,,,,,,,0,0
2011-03-31,15,412080,82179,0,,107,80,4134,4134,4134,2,56.4,119,,,,,,,,,,,,,,,,,,,0,0
2011-03-31,16,412080,82179,0,,107,80,4134,4134,4134,2,56.4,119,,,,,,,,,,,,,,,,,,,0,0
2011-03-31,17,412080,82179,0,,107,80,4134,4134,4134,2,56.4,119,,,,,,,,,,,,,,,,,,,0,0
2011-03-31,18,412080,82179,0,,107,80,4134,4134,4134,2,56.4,119,,,,,,,,,,,,,,,,,,,0,0
2011-03-31,19,412080,82179,0,,107,80,4134,4134,4134,2,56.4,119,,,,,,,,,,,,,,,,,,,0,0
2011-03-31,20,412080,82179,0,,107,80,4134,4134,4134,2,56.4,119,,,,,,,,,,,,,,,,,,,0,0
2011-03-31,21,412080,82179,0,,107,80,4134,4134,4134,2,56.4,119,,,,,,,,,,,,,,,,,,,0,0
2011-03-31,22,412080,82179,0,,107,80,4134,4134,4134,2,56.4,119,,,,,,,,,,,,,,,,,,,0,0
2011-03-31,23,412080,82179,0,,107,80,4134,4134,4134,2,56.4,119,,,,,,,,,,,,,,,,,,,0,0
2011-03-31,24,412080,82179,0,,107,80,4134,4134,4134,2,56.4,119,,,,,,,,,,,,,,,,,,,0,0
2011-03-31,1,412080,91953,0,,20,20,344,344,344,0,353,20,,,,,,,,,,,,,,,,,,,0,0
2011-03-31,2,412080,91953,0,,20,20,344,344,344,0,353,20,,,,,,,,,,,,,,,,,,,0,0
2011-03-31,3,412080,91953,0,,20,20,344,344,344,0,353,20,,,,,,,,,,,,,,,,,,,0,0
2011-03-31,4,412080,91953,0,,20,20,344,344,344,0,353,20,,,,,,,,,,,,,,,,,,,0,0
2011-03-31,5,412080,91953,0,,20,20,344,344,344,0,353,20,,,,,,,,,,,,,,,,,,,0,0
2011-03-31,6,412080,91953,0,,20,20,344,344,344,0,353,20,,,,,,,,,,,,,,,,,,,0,0
2011-03-31,7,412080,91953,0,,20,20,344,344,344,0,353,20,,,,,,,,,,,,,,,,,,,0,0
2011-03-31,8,412080,91953,0,,20,20,344,344,344,0,353,20,,,,,,,,,,,,,,,,,,,0,0
2011-03-31,9,412080,91953,0,,20,20,344,344,344,0,353,20,,,,,,,,,,,,,,,,,,,0,0
2011-03-31,10,412080,91953,0,,20,20,344,344,344,0,353,20,,,,,,,,,,,,,,,,,,,0,0
2011-03-31,11,412080,91953,0,,20,20,344,344,344,0,353,20,,,,,,,,,,,,,,,,,,,0,0
2011-03-31,12,412080,91953,0,,20,20,344,344,344,0,353,20,,,,,,,,,,,,,,,,,,,0,0
2011-03-31,13,412080,91953,0,,20,20,344,344,344,0,353,20,,,,,,,,,,,,,,,,,,,0,0
2011-03-31,14,412080,91953,0,,20,20,344,344,344,0,353,20,,,,,,,,,,,,,,,,,,,0,0
2011-03-31,15,412080,91953,0,,20,20,344,344,344,0,353,20,,,,,,,,,,,,,,,,,,,0,0
2011-03-31,16,412080,91953,0,,20,20,344,344,344,0,353,20,,,,,,,,,,,,,,,,,,,0,0
2011-03-31,17,412080,91953,0,,20,20,344,344,344,0,353,20,,,,,,,,,,,,,,,,,,,0,0
2011-03-31,18,412080,91953,0,,20,20,344,344,344,0,353,20,,,,,,,,,,,,,,,,,,,0,0
2011-03-31,19,412080,91953,0,,20,20,344,344,344,0,353,20,,,,,,,,,,,,,,,,,,,0,0
2011-03-31,20,412080,91953,0,,20,20,344,344,344,0,353,20,,,,,,,,,,,,,,,,,,,0,0
2011-03-31,21,412080,91953,0,,20,20,344,344,344,0,353,20,,,,,,,,,,,,,,,,,,,0,0
2011-03-31,22,412080,91953,0,,20,20,344,344,344,0,353,20,,,,,,,,,,,,,,,,,,,0,0
2011-03-31,23,412080,91953,0,,20,20,344,344,344,0,353,20,,,,,,,,,,,,,,,,,,,0,0
2011-03-31,24,412080,91953,0,,20,20,344,344,344,0,353,20,,,,,,,,,,,,,,,,,,,0,0
2011-03-31,1,423302,52381,0,,54,15,0,0,0,0,33.87,45,100,5,150,4,,,,,,,,,,,,,,,0,0
2011-03-31,2,423302,52381,0,,54,15,0,0,0,0,33.87,45,100,5,150,4,,,,,,,,,,,,,,,0,0
2011-03-31,3,423302,52381,0,,54,15,0,0,0,0,33.87,45,100,5,150,4,,,,,,,,,,,,,,,0,0
2011-03-31,4,423302,52381,0,,54,15,0,0,0,0,33.87,45,100,5,150,4,,,,,,,,,,,,,,,0,0
2011-03-31,5,423302,52381,0,,54,15,0,0,0,0,33.87,45,100,5,150,4,,,,,,,,,,,,,,,0,0
2011-03-31,6,423302,52381,0,,54,15,0,0,0,0,33.87,45,100,5,150,4,,,,,,,,,,,,,,,0,0
2011-03-31,7,423302,52381,0,,54,15,0,0,0,0,33.87,45,100,5,150,4,,,,,,,,,,,,,,,0,0
2011-03-31,8,423302,52381,0,,54,15,0,0,0,0,33.87,45,100,5,150,4,,,,,,,,,,,,,,,0,0
2011-03-31,9,423302,52381,0,,54,15,0,0,0,0,33.87,45,100,5,150,4,,,,,,,,,,,,,,,0,0
2011-03-31,10,423302,52381,0,,54,15,0,0,0,0,33.87,45,100,5,150,4,,,,,,,,,,,,,,,0,0
2011-03-31,11,423302,52381,0,,54,15,0,0,0,0,33.87,45,100,5,150,4,,,,,,,,,,,,,,,0,0
2011-03-31,12,423302,52381,0,,54,15,0,0,0,0,33.87,45,100,5,150,4,,,,,,,,,,,,,,,0,0
2011-03-31,13,423302,52381,0,,54,15,0,0,0,0,33.87,45,100,5,150,4,,,,,,,,,,,,,,,0,0
2011-03-31,14,423302,52381,0,,54,15,0,0,0,0,33.87,45,100,5,150,4,,,,,,,,,,,,,,,0,0
2011-03-31,15,423302,52381,0,,54,15,0,0,0,0,33.87,45,100,5,150,4,,,,,,,,,,,,,,,0,0
2011-03-31,16,423302,52381,0,,54,15,0,0,0,0,33.87,45,100,5,150,4,,,,,,,,,,,,,,,0,0
2011-03-31,17,423302,52381,0,,54,15,0,0,0,0,33.87,45,100,5,150,4,,,,,,,,,,,,,,,0,0
2011-03-31,18,423302,52381,0,,54,15,0,0,0,0,33.87,45,100,5,150,4,,,,,,,,,,,,,,,0,0
2011-03-31,19,423302,52381,0,,54,15,0,0,0,0,33.87,45,100,5,150,4,,,,,,,,,,,,,,,0,0
2011-03-31,20,423302,52381,0,,54,15,0,0,0,0,33.87,45,100,5,150,4,,,,,,,,,,,,,,,0,0
2011-03-31,21,423302,52381,0,,54,15,0,0,0,0,33.87,45,100,5,150,4,,,,,,,,,,,,,,,0,0
2011-03-31,22,423302,52381,0,,54,15,0,0,0,0,33.87,45,100,5,150,4,,,,,,,,,,,,,,,0,0
2011-03-31,23,423302,52381,0,,54,15,0,0,0,0,33.87,45,100,5,150,4,,,,,,,,,,,,,,,0,0
2011-03-31,24,423302,52381,0,,54,15,0,0,0,0,33.87,45,100,5,150,4,,,,,,,,,,,,,,,0,0
2011-03-31,1,423302,73029,0,,22.7,5,0,0,0,0,457,19,,,,,,,,,,,,,,,,,,,9,23.3
2011-03-31,2,423302,73029,0,,22.7,5,0,0,0,0,457,19,,,,,,,,,,,,,,,,,,,9,23.3
2011-03-31,3,423302,73029,0,,22.7,5,0,0,0,0,457,19,,,,,,,,,,,,,,,,,,,9,23.3
2011-03-31,4,423302,73029,0,,22.7,5,0,0,0,0,457,19,,,,,,,,,,,,,,,,,,,9,23.3
2011-03-31,5,423302,73029,0,,22.7,5,0,0,0,0,457,19,,,,,,,,,,,,,,,,,,,9,23.3
2011-03-31,6,423302,73029,0,,22.7,5,0,0,0,0,457,19,,,,,,,,,,,,,,,,,,,9,23.3
2011-03-31,7,423302,73029,0,,22.7,5,0,0,0,0,457,19,,,,,,,,,,,,,,,,,,,9,23.3
2011-03-31,8,423302,73029,0,,22.7,5,0,0,0,0,457,19,,,,,,,,,,,,,,,,,,,9,23.3
2011-03-31,9,423302,73029,0,,22.7,5,0,0,0,0,457,19,,,,,,,,,,,,,,,,,,,9,23.3
2011-03-31,10,423302,73029,0,,22.7,5,0,0,0,0,457,19,,,,,,,,,,,,,,,,,,,9,23.3
2011-03-31,11,423302,73029,0,,22.7,5,0,0,0,0,457,19,,,,,,,,,,,,,,,,,,,9,23.3
2011-03-31,12,423302,73029,0,,22.7,5,0,0,0,0,457,19,,,,,,,,,,,,,,,,,,,9,23.3
2011-03-31,13,423302,73029,0,,22.7,5,0,0,0,0,457,19,,,,,,,,,,,,,,,,,,,9,23.3
2011-03-31,14,423302,73029,0,,22.7,5,0,0,0,0,457,19,,,,,,,,,,,,,,,,,,,9,23.3
2011-03-31,15,423302,73029,0,,22.7,5,0,0,0,0,457,19,,,,,,,,,,,,,,,,,,,9,23.3
2011-03-31,16,423302,73029,0,,22.7,5,0,0,0,0,457,19,,,,,,,,,,,,,,,,,,,9,23.3
2011-03-31,17,423302,73029,0,,22.7,5,0,0,0,0,457,19,,,,,,,,,,,,,,,,,,,9,23.3
2011-03-31,18,423302,73029,0,,22.7,5,0,0,0,0,457,19,,,,,,,,,,,,,,,,,,,9,23.3
2011-03-31,19,423302,73029,0,,22.7,5,0,0,0,0,457,19,,,,,,,,,,,,,,,,,,,9,23.3
2011-03-31,20,423302,73029,0,,22.7,5,0,0,0,0,457,19,,,,,,,,,,,,,,,,,,,9,23.3
2011-03-31,21,423302,73029,0,,22.7,5,0,0,0,0,457,19,,,,,,,,,,,,,,,,,,,9,23.3
2011-03-31,22,423302,73029,0,,22.7,5,0,0,0,0,457,19,,,,,,,,,,,,,,,,,,,9,23.3
2011-03-31,23,423302,73029,0,,22.7,5,0,0,0,0,457,19,,,,,,,,,,,,,,,,,,,9,23.3
2011-03-31,24,423302,73029,0,,22.7,5,0,0,0,0,457,19,,,,,,,,,,,,,,,,,,,9,23.3
2011-03-31,1,441991,18272,15,,15.5,15,0,0,0,0,0,15,,,,,,,,,,,,,,,,,,,0,0
2011-03-31,2,441991,18272,15,,15.5,15,0,0,0,0,0,15,,,,,,,,,,,,,,,,,,,0,0
2011-03-31,3,441991,18272,15,,15.5,15,0,0,0,0,0,15,,,,,,,,,,,,,,,,,,,0,0
2011-03-31,4,441991,18272,15,,15.5,15,0,0,0,0,0,15,,,,,,,,,,,,,,,,,,,0,0
2011-03-31,5,441991,18272,15,,15.5,15,0,0,0,0,0,15,,,,,,,,,,,,,,,,,,,0,0
2011-03-31,6,441991,18272,15,,15.5,15,0,0,0,0,0,15,,,,,,,,,,,,,,,,,,,0,0
2011-03-31,7,441991,18272,15,,15.5,15,0,0,0,0,0,15,,,,,,,,,,,,,,,,,,,0,0
2011-03-31,8,441991,18272,15,,15.5,15,0,0,0,0,0,15,,,,,,,,,,,,,,,,,,,0,0
2011-03-31,9,441991,18272,15,,15.5,15,0,0,0,0,0,15,,,,,,,,,,,,,,,,,,,0,0
2011-03-31,10,441991,18272,15,,15.5,15,0,0,0,0,0,15,,,,,,,,,,,,,,,,,,,0,0
2011-03-31,11,441991,18272,15,,15.5,15,0,0,0,0,0,15,,,,,,,,,,,,,,,,,,,0,0
2011-03-31,12,441991,18272,15,,15.5,15,0,0,0,0,0,15,,,,,,,,,,,,,,,,,,,0,0
2011-03-31,13,441991,18272,15,,15.5,15,0,0,0,0,0,15,,,,,,,,,,,,,,,,,,,0,0
2011-03-31,14,441991,18272,15,,15.5,15,0,0,0,0,0,15,,,,,,,,,,,,,,,,,,,0,0
2011-03-31,15,441991,18272,15,,15.5,15,0,0,0,0,0,15,,,,,,,,,,,,,,,,,,,0,0
2011-03-31,16,441991,18272,15,,15.5,15,0,0,0,0,0,15,,,,,,,,,,,,,,,,,,,0,0
2011-03-31,17,441991,18272,15,,15.5,15,0,0,0,0,0,15,,,,,,,,,,,,,,,,,,,0,0
2011-03-31,18,441991,18272,15,,15.5,15,0,0,0,0,0,15,,,,,,,,,,,,,,,,,,,0,0
2011-03-31,19,441991,18272,15,,15.5,15,0,0,0,0,0,15,,,,,,,,,,,,,,,,,,,0,0
2011-03-31,20,441991,18272,15,,15.5,15,0,0,0,0,0,15,,,,,,,,,,,,,,,,,,,0,0
2011-03-31,21,441991,18272,15,,15.5,15,0,0,0,0,0,15,,,,,,,,,,,,,,,,,,,0,0
2011-03-31,22,441991,18272,15,,15.5,15,0,0,0,0,0,15,,,,,,,,,,,,,,,,,,,0,0
2011-03-31,23,441991,18272,15,,15.5,15,0,0,0,0,0,15,,,,,,,,,,,,,,,,,,,0,0
2011-03-31,24,441991,18272,15,,15.5,15,0,0,0,0,0,15,,,,,,,,,,,,,,,,,,,0,0
2011-03-31,1,441991,99157,19,,19.2,19,0,0,0,0,0,19,,,,,,,,,,,,,,,,,,,0,0
2011-03-31,2,441991,99157,19,,19.2,19,0,0,0,0,0,19,,,,,,,,,,,,,,,,,,,0,0
2011-03-31,3,441991,99157,19,,19.2,19,0,0,0,0,0,19,,,,,,,,,,,,,,,,,,,0,0
2011-03-31,4,441991,99157,19,,19.2,19,0,0,0,0,0,19,,,,,,,,,,,,,,,,,,,0,0
2011-03-31,5,441991,99157,19,,19.2,19,0,0,0,0,0,19,,,,,,,,,,,,,,,,,,,0,0
2011-03-31,6,441991,99157,19,,19.2,19,0,0,0,0,0,19,,,,,,,,,,,,,,,,,,,0,0
2011-03-31,7,441991,99157,19,,19.2,19,0,0,0,0,0,19,,,,,,,,,,,,,,,,,,,0,0
2011-03-31,8,441991,99157,19,,19.2,19,0,0,0,0,0,19,,,,,,,,,,,,,,,,,,,0,0
2011-03-31,9,441991,99157,19,,19.2,19,0,0,0,0,0,19,,,,,,,,,,,,,,,,,,,0,0
2011-03-31,10,441991,99157,19,,19.2,19,0,0,0,0,0,19,,,,,,,,,,,,,,,,,,,0,0
2011-03-31,11,441991,99157,19,,19.2,19,0,0,0,0,0,19,,,,,,,,,,,,,,,,,,,0,0
2011-03-31,12,441991,99157,19,,19.2,19,0,0,0,0,0,19,,,,,,,,,,,,,,,,,,,0,0
2011-03-31,13,441991,99157,19,,19.2,19,0,0,0,0,0,19,,,,,,,,,,,,,,,,,,,0,0
2011-03-31,14,441991,99157,19,,19.2,19,0,0,0,0,0,19,,,,,,,,,,,,,,,,,,,0,0
2011-03-31,15,441991,99157,19,,19.2,19,0,0,0,0,0,19,,,,,,,,,,,,,,,,,,,0,0
2011-03-31,16,441991,99157,19,,19.2,19,0,0,0,0,0,19,,,,,,,,,,,,,,,,,,,0,0
2011-03-31,17,441991,99157,19,,19.2,19,0,0,0,0,0,19,,,,,,,,,,,,,,,,,,,0,0
2011-03-31,18,441991,99157,19,,19.2,19,0,0,0,0,0,19,,,,,,,,,,,,,,,,,,,0,0
2011-03-31,19,441991,99157,19,,19.2,19,0,0,0,0,0,19,,,,,,,,,,,,,,,,,,,0,0
2011-03-31,20,441991,99157,19,,19.2,19,0,0,0,0,0,19,,,,,,,,,,,,,,,,,,,0,0
2011-03-31,21,441991,99157,19,,19.2,19,0,0,0,0,0,19,,,,,,,,,,,,,,,,,,,0,0
2011-03-31,22,441991,99157,19,,19.2,19,0,0,0,0,0,19,,,,,,,,,,,,,,,,,,,0,0
2011-03-31,23,441991,99157,19,,19.2,19,0,0,0,0,0,19,,,,,,,,,,,,,,,,,,,0,0
2011-03-31,24,441991,99157,19,,19.2,19,0,0,0,0,0,19,,,,,,,,,,,,,,,,,,,0,0
2011-03-31,1,443032,77921,0,,45,18,1600,1500,1400,250,0,25,40,17,120,3,,,,,,,,,,,,,,,0,0
2011-03-31,2,443032,77921,0,,45,18,1600,1500,1400,250,0,25,40,17,120,3,,,,,,,,,,,,,,,0,0
2011-03-31,3,443032,77921,0,,45,18,1600,1500,1400,250,0,25,40,17,120,3,,,,,,,,,,,,,,,0,0
2011-03-31,4,443032,77921,0,,45,18,1600,1500,1400,250,0,25,40,17,120,3,,,,,,,,,,,,,,,0,0
2011-03-31,5,443032,77921,0,,45,18,1600,1500,1400,250,0,25,40,17,120,3,,,,,,,,,,,,,,,0,0
2011-03-31,6,443032,77921,0,,45,18,1600,1500,1400,250,0,25,40,17,120,3,,,,,,,,,,,,,,,0,0
2011-03-31,7,443032,77921,0,,45,18,1600,1500,1400,250,0,25,40,17,120,3,,,,,,,,,,,,,,,0,0
2011-03-31,8,443032,77921,0,,45,18,1600,1500,1400,250,0,25,40,17,120,3,,,,,,,,,,,,,,,0,0
2011-03-31,9,443032,77921,0,,45,18,1600,1500,1400,250,0,25,40,17,120,3,,,,,,,,,,,,,,,0,0
2011-03-31,10,443032,77921,0,,45,18,1600,1500,1400,250,0,25,40,17,120,3,,,,,,,,,,,,,,,0,0
2011-03-31,11,443032,77921,0,,45,18,1600,1500,1400,250,0,25,40,17,120,3,,,,,,,,,,,,,,,0,0
2011-03-31,12,443032,77921,0,,45,18,1600,1500,1400,250,0,25,40,17,120,3,,,,,,,,,,,,,,,0,0
2011-03-31,13,443032,77921,0,,45,18,1600,1500,1400,250,0,25,40,17,120,3,,,,,,,,,,,,,,,0,0
2011-03-31,14,443032,77921,0,,45,18,1600,1500,1400,250,0,25,40,17,120,3,,,,,,,,,,,,,,,0,0
2011-03-31,15,443032,77921,0,,45,18,1600,1500,1400,250,0,25,40,17,120,3,,,,,,,,,,,,,,,0,0
2011-03-31,16,443032,77921,0,,45,18,1600,1500,1400,250,0,25,40,17,120,3,,,,,,,,,,,,,,,0,0
2011-03-31,17,443032,77921,0,,45,18,1600,1500,1400,250,0,25,40,17,120,3,,,,,,,,,,,,,,,0,0
2011-03-31,18,443032,77921,0,,45,18,1600,1500,1400,250,0,25,40,17,120,3,,,,,,,,,,,,,,,0,0
2011-03-31,19,443032,77921,0,,45,18,1600,1500,1400,250,0,25,40,17,120,3,,,,,,,,,,,,,,,0,0
2011-03-31,20,443032,77921,0,,45,18,1600,1500,1400,250,0,25,40,17,120,3,,,,,,,,,,,,,,,0,0
2011-03-31,21,443032,77921,0,,45,18,1600,1500,1400,250,0,25,40,17,120,3,,,,,,,,,,,,,,,0,0
2011-03-31,22,443032,77921,0,,45,18,1600,1500,1400,250,0,25,40,17,120,3,,,,,,,,,,,,,,,0,0
2011-03-31,23,443032,77921,0,,45,18,1600,1500,1400,250,0,25,40,17,120,3,,,,,,,,,,,,,,,0,0
2011-03-31,24,443032,77921,0,,45,18,1600,1500,1400,250,0,25,40,17,120,3,,,,,,,,,,,,,,,0,0
2011-03-31,1,443032,92410,0,,35,20,1600,1500,1400,250,0,20,37,13,80,2,,,,,,,,,,,,,,,0,0
2011-03-31,2,443032,92410,0,,35,20,1600,1500,1400,250,0,20,37,13,80,2,,,,,,,,,,,,,,,0,0
2011-03-31,3,443032,92410,0,,35,20,1600,1500,1400,250,0,20,37,13,80,2,,,,,,,,,,,,,,,0,0
2011-03-31,4,443032,92410,0,,35,20,1600,1500,1400,250,0,20,37,13,80,2,,,,,,,,,,,,,,,0,0
2011-03-31,5,443032,92410,0,,35,20,1600,1500,1400,250,0,20,37,13,80,2,,,,,,,,,,,,,,,0,0
2011-03-31,6,443032,92410,0,,35,20,1600,1500,1400,250,0,20,37,13,80,2,,,,,,,,,,,,,,,0,0
2011-03-31,7,443032,92410,0,,35,20,1600,1500,1400,250,0,20,37,13,80,2,,,,,,,,,,,,,,,0,0
2011-03-31,8,443032,92410,0,,35,20,1600,1500,1400,250,0,20,37,13,80,2,,,,,,,,,,,,,,,0,0
2011-03-31,9,443032,92410,0,,35,20,1600,1500,1400,250,0,20,37,13,80,2,,,,,,,,,,,,,,,0,0
2011-03-31,10,443032,92410,0,,35,20,1600,1500,1400,250,0,20,37,13,80,2,,,,,,,,,,,,,,,0,0
2011-03-31,11,443032,92410,0,,35,20,1600,1500,1400,250,0,20,37,13,80,2,,,,,,,,,,,,,,,0,0
2011-03-31,12,443032,92410,0,,35,20,1600,1500,1400,250,0,20,37,13,80,2,,,,,,,,,,,,,,,0,0
2011-03-31,13,443032,92410,0,,35,20,1600,1500,1400,250,0,20,37,13,80,2,,,,,,,,,,,,,,,0,0
2011-03-31,14,443032,92410,0,,35,20,1600,1500,1400,250,0,20,37,13,80,2,,,,,,,,,,,,,,,0,0
2011-03-31,15,443032,92410,0,,35,20,1600,1500,1400,250,0,20,37,13,80,2,,,,,,,,,,,,,,,0,0
2011-03-31,16,443032,92410,0,,35,20,1600,1500,1400,250,0,20,37,13,80,2,,,,,,,,,,,,,,,0,0
2011-03-31,17,443032,92410,0,,35,20,1600,1500,1400,250,0,20,37,13,80,2,,,,,,,,,,,,,,,0,0
2011-03-31,18,443032,92410,0,,35,20,1600,1500,1400,250,0,20,37,13,80,2,,,,,,,,,,,,,,,0,0
2011-03-31,19,443032,92410,0,,35,20,1600,1500,1400,250,0,20,37,13,80,2,,,,,,,,,,,,,,,0,0
2011-03-31,20,443032,92410,0,,35,20,1600,1500,1400,250,0,20,37,13,80,2,,,,,,,,,,,,,,,0,0
2011-03-31,21,443032,92410,0,,35,20,1600,1500,1400,250,0,20,37,13,80,2,,,,,,,,,,,,,,,0,0
2011-03-31,22,443032,92410,0,,35,20,1600,1500,1400,250,0,20,37,13,80,2,,,,,,,,,,,,,,,0,0
2011-03-31,23,443032,92410,0,,35,20,1600,1500,1400,250,0,20,37,13,80,2,,,,,,,,,,,,,,,0,0
2011-03-31,24,443032,92410,0,,35,20,1600,1500,1400,250,0,20,37,13,80,2,,,,,,,,,,,,,,,0,0
2011-03-31,1,453410,17063,0,,357.1,285.7,0,0,0,1000,26,281.3,37.13,8.4,37.14,8.3,37.15,8.3,37.16,8.4,37.17,8.3,37.18,8.3,37.19,8.3,37.2,5,37.21,7.1,0,0
2011-03-31,2,453410,17063,0,,357.1,285.7,0,0,0,1000,26,281.3,37.13,8.4,37.14,8.3,37.15,8.3,37.16,8.4,37.17,8.3,37.18,8.3,37.19,8.3,37.2,5,37.21,7.1,0,0
2011-03-31,3,453410,17063,0,,357.9,286.3,0,0,0,1000,26,281.3,37.13,8.4,37.14,8.3,37.15,8.3,37.16,8.4,37.17,8.3,37.18,8.3,37.19,8.3,37.2,5,37.21,7.1,0,0
2011-03-31,4,453410,17063,0,,357.9,286.3,0,0,0,1000,26,281.3,37.13,8.4,37.14,8.3,37.15,8.3,37.16,8.4,37.17,8.3,37.18,8.3,37.19,8.3,37.2,5,37.21,7.1,0,0
2011-03-31,5,453410,17063,0,,358.8,287,0,0,0,1000,26,281.3,37.13,8.4,37.14,8.3,37.15,8.3,37.16,8.4,37.17,8.3,37.18,8.3,37.19,8.3,37.2,5,37.21,7.1,0,0
2011-03-31,6,453410,17063,0,,358.8,287,0,0,0,1000,26,281.3,37.13,8.4,37.14,8.3,37.15,8.3,37.16,8.4,37.17,8.3,37.18,8.3,37.19,8.3,37.2,5,37.21,7.1,0,0
2011-03-31,7,453410,17063,0,,358.8,287,0,0,0,1000,26,281.3,37.13,8.4,37.14,8.3,37.15,8.3,37.16,8.4,37.17,8.3,37.18,8.3,37.19,8.3,37.2,5,37.21,7.1,0,0
2011-03-31,8,453410,17063,0,,357.9,286.3,0,0,0,1000,26,281.3,37.13,8.4,37.14,8.3,37.15,8.3,37.16,8.4,37.17,8.3,37.18,8.3,37.19,8.3,37.2,5,37.21,7.1,0,0
2011-03-31,9,453410,17063,0,,357.1,285.7,0,0,0,1000,26,281.3,37.13,8.4,37.14,8.3,37.15,8.3,37.16,8.4,37.17,8.3,37.18,8.3,37.19,8.3,37.2,5,37.21,7.1,0,0
2011-03-31,10,453410,17063,0,,355.4,284.3,0,0,0,1000,26,281.3,37.13,8.4,37.14,8.3,37.15,8.3,37.16,8.4,37.17,8.3,37.18,8.3,37.19,8.3,37.2,5,37.21,7.1,0,0
2011-03-31,11,453410,17063,0,,353.7,283,0,0,0,1000,26,281.3,37.13,8.4,37.14,8.3,37.15,8.3,37.16,8.4,37.17,8.3,37.18,8.3,37.19,8.3,37.2,5,37.21,7.1,0,0
2011-03-31,12,453410,17063,0,,352,281.6,0,0,0,1000,26,281.3,37.13,8.4,37.14,8.3,37.15,8.3,37.16,8.4,37.17,8.3,37.18,8.3,37.19,8.3,37.2,5,37.21,7.1,0,0
2011-03-31,13,453410,17063,0,,350.3,280.2,0,0,0,1000,26,281.3,37.13,8.4,37.14,8.3,37.15,8.3,37.16,8.4,37.17,8.3,37.18,8.3,37.19,8.3,37.2,5,37.21,7.1,0,0
2011-03-31,14,453410,17063,0,,349.5,279.6,0,0,0,1000,26,281.3,37.13,8.4,37.14,8.3,37.15,8.3,37.16,8.4,37.17,8.3,37.18,8.3,37.19,8.3,37.2,5,37.21,7.1,0,0
2011-03-31,15,453410,17063,0,,348.6,278.9,0,0,0,1000,26,281.3,37.13,8.4,37.14,8.3,37.15,8.3,37.16,8.4,37.17,8.3,37.18,8.3,37.19,8.3,37.2,5,37.21,7.1,0,0
2011-03-31,16,453410,17063,0,,347.8,278.2,0,0,0,1000,26,281.3,37.13,8.4,37.14,8.3,37.15,8.3,37.16,8.4,37.17,8.3,37.18,8.3,37.19,8.3,37.2,5,37.21,7.1,0,0
2011-03-31,17,453410,17063,0,,347.8,278.2,0,0,0,1000,26,281.3,37.13,8.4,37.14,8.3,37.15,8.3,37.16,8.4,37.17,8.3,37.18,8.3,37.19,8.3,37.2,5,37.21,7.1,0,0
2011-03-31,18,453410,17063,0,,347.8,278.2,0,0,0,1000,26,281.3,37.13,8.4,37.14,8.3,37.15,8.3,37.16,8.4,37.17,8.3,37.18,8.3,37.19,8.3,37.2,5,37.21,7.1,0,0
2011-03-31,19,453410,17063,0,,349.5,279.6,0,0,0,1000,26,281.3,37.13,8.4,37.14,8.3,37.15,8.3,37.16,8.4,37.17,8.3,37.18,8.3,37.19,8.3,37.2,5,37.21,7.1,0,0
2011-03-31,20,453410,17063,0,,350.3,280.2,0,0,0,1000,26,281.3,37.13,8.4,37.14,8.3,37.15,8.3,37.16,8.4,37.17,8.3,37.18,8.3,37.19,8.3,37.2,5,37.21,7.1,0,0
2011-03-31,21,453410,17063,0,,352,281.6,0,0,0,1000,26,281.3,37.13,8.4,37.14,8.3,37.15,8.3,37.16,8.4,37.17,8.3,37.18,8.3,37.19,8.3,37.2,5,37.21,7.1,0,0
2011-03-31,22,453410,17063,0,,352.8,282.3,0,0,0,1000,26,281.3,37.13,8.4,37.14,8.3,37.15,8.3,37.16,8.4,37.17,8.3,37.18,8.3,37.19,8.3,37.2,5,37.21,7.1,0,0
2011-03-31,23,453410,17063,0,,354.5,283.6,0,0,0,1000,26,281.3,37.13,8.4,37.14,8.3,37.15,8.3,37.16,8.4,37.17,8.3,37.18,8.3,37.19,8.3,37.2,5,37.21,7.1,0,0
2011-03-31,24,453410,17063,0,,355.4,284.3,0,0,0,1000,26,281.3,37.13,8.4,37.14,8.3,37.15,8.3,37.16,8.4,37.17,8.3,37.18,8.3,37.19,8.3,37.2,5,37.21,7.1,0,0
2011-03-31,1,464407,29587,0,,0,0,17963,16366,13295,4215,72.25,155,75.78,15,78.27,10,80.88,10,85.13,15,90.03,15,93.84,10,95.96,5,98.25,5,109.42,20,0,0
2011-03-31,2,464407,29587,0,,0,0,17963,16366,13295,4215,72.25,155,75.78,15,78.27,10,80.88,10,85.13,15,90.03,15,93.84,10,95.96,5,98.25,5,109.42,20,0,0
2011-03-31,3,464407,29587,0,,0,0,17963,16366,13295,4215,72.25,155,75.78,15,78.27,10,80.88,10,85.13,15,90.03,15,93.84,10,95.96,5,98.25,5,109.42,20,0,0
2011-03-31,4,464407,29587,0,,0,0,17963,16366,13295,4215,72.25,155,75.78,15,78.27,10,80.88,10,85.13,15,90.03,15,93.84,10,95.96,5,98.25,5,109.42,20,0,0
2011-03-31,5,464407,29587,0,,0,0,17963,16366,13295,4215,72.25,155,75.78,15,78.27,10,80.88,10,85.13,15,90.03,15,93.84,10,95.96,5,98.25,5,109.42,20,0,0
2011-03-31,6,464407,29587,0,,0,0,17963,16366,13295,4215,72.25,155,75.78,15,78.27,10,80.88,10,85.13,15,90.03,15,93.84,10,95.96,5,98.25,5,109.42,20,0,0
2011-03-31,7,464407,29587,0,,0,0,17963,16366,13295,4215,72.25,155,75.78,15,78.27,10,80.88,10,85.13,15,90.03,15,93.84,10,95.96,5,98.25,5,109.42,20,0,0
2011-03-31,8,464407,29587,0,,0,0,17963,16366,13295,4215,72.25,155,75.78,15,78.27,10,80.88,10,85.13,15,90.03,15,93.84,10,95.96,5,98.25,5,109.42,20,0,0
2011-03-31,9,464407,29587,0,,0,0,17963,16366,13295,4215,72.25,155,75.78,15,78.27,10,80.88,10,85.13,15,90.03,15,93.84,10,95.96,5,98.25,5,109.42,20,0,0
2011-03-31,10,464407,29587,0,,0,0,17963,16366,13295,4215,72.25,155,75.78,15,78.27,10,80.88,10,85.13,15,90.03,15,93.84,10,95.96,5,98.25,5,109.42,20,0,0
2011-03-31,11,464407,29587,0,,0,0,17963,16366,13295,4215,72.25,155,75.78,15,78.27,10,80.88,10,85.13,15,90.03,15,93.84,10,95.96,5,98.25,5,109.42,20,0,0
2011-03-31,12,464407,29587,0,,0,0,17963,16366,13295,4215,72.25,155,75.78,15,78.27,10,80.88,10,85.13,15,90.03,15,93.84,10,95.96,5,98.25,5,109.42,20,0,0
2011-03-31,13,464407,29587,0,,0,0,17963,16366,13295,4215,72.25,155,75.78,15,78.27,10,80.88,10,85.13,15,90.03,15,93.84,10,95.96,5,98.25,5,109.42,20,0,0
2011-03-31,14,464407,29587,0,,0,0,17963,16366,13295,4215,72.25,155,75.78,15,78.27,10,80.88,10,85.13,15,90.03,15,93.84,10,95.96,5,98.25,5,109.42,20,0,0
2011-03-31,15,464407,29587,0,,0,0,17963,16366,13295,4215,72.25,155,75.78,15,78.27,10,80.88,10,85.13,15,90.03,15,93.84,10,95.96,5,98.25,5,109.42,20,0,0
2011-03-31,16,464407,29587,0,,0,0,17963,16366,13295,4215,72.25,155,75.78,15,78.27,10,80.88,10,85.13,15,90.03,15,93.84,10,95.96,5,98.25,5,109.42,20,0,0
2011-03-31,17,464407,29587,0,,0,0,17963,16366,13295,4215,72.25,155,75.78,15,78.27,10,80.88,10,85.13,15,90.03,15,93.84,10,95.96,5,98.25,5,109.42,20,0,0
2011-03-31,18,464407,29587,0,,0,0,17963,16366,13295,4215,72.25,155,75.78,15,78.27,10,80.88,10,85.13,15,90.03,15,93.84,10,95.96,5,98.25,5,109.42,20,0,0
2011-03-31,19,464407,29587,0,,0,0,17963,16366,13295,4215,72.25,155,75.78,15,78.27,10,80.88,10,85.13,15,90.03,15,93.84,10,95.96,5,98.25,5,109.42,20,0,0
2011-03-31,20,464407,29587,0,,0,0,17963,16366,13295,4215,72.25,155,75.78,15,78.27,10,80.88,10,85.13,15,90.03,15,93.84,10,95.96,5,98.25,5,109.42,20,0,0
2011-03-31,21,464407,29587,0,,0,0,17963,16366,13295,4215,72.25,155,75.78,15,78.27,10,80.88,10,85.13,15,90.03,15,93.84,10,95.96,5,98.25,5,109.42,20,0,0
2011-03-31,22,464407,29587,0,,0,0,17963,16366,13295,4215,72.25,155,75.78,15,78.27,10,80.88,10,85.13,15,90.03,15,93.84,10,95.96,5,98.25,5,109.42,20,0,0
2011-03-31,23,464407,29587,0,,0,0,17963,16366,13295,4215,72.25,155,75.78,15,78.27,10,80.88,10,85.13,15,90.03,15,93.84,10,95.96,5,98.25,5,109.42,20,0,0
2011-03-31,24,464407,29587,0,,0,0,17963,16366,13295,4215,72.25,155,75.78,15,78.27,10,80.88,10,85.13,15,90.03,15,93.84,10,95.96,5,98.25,5,109.42,20,0,0
2011-03-31,1,464407,63229,0,,161,120,23414,23414,17999,1759.86,48.92,120,48.97,5,49.18,5,49.53,5,50.04,5,50.69,5,51.5,5,52.45,5,54.81,10,57.77,10,0,0
2011-03-31,2,464407,63229,0,,161,120,23414,23414,17999,1759.86,48.92,120,48.97,5,49.18,5,49.53,5,50.04,5,50.69,5,51.5,5,52.45,5,54.81,10,57.77,10,0,0
2011-03-31,3,464407,63229,0,,162,120,23414,23414,17999,1759.86,48.92,120,48.97,5,49.18,5,49.53,5,50.04,5,50.69,5,51.5,5,52.45,5,54.81,10,57.77,10,0,0
2011-03-31,4,464407,63229,0,,162,120,23414,23414,17999,1759.86,48.92,120,48.97,5,49.18,5,49.53,5,50.04,5,50.69,5,51.5,5,52.45,5,54.81,10,57.77,10,0,0
2011-03-31,5,464407,63229,0,,162,120,23414,23414,17999,1759.86,48.92,120,48.97,5,49.18,5,49.53,5,50.04,5,50.69,5,51.5,5,52.45,5,54.81,10,57.77,10,0,0
2011-03-31,6,464407,63229,0,,162,120,23414,23414,17999,1759.86,48.92,120,48.97,5,49.18,5,49.53,5,50.04,5,50.69,5,51.5,5,52.45,5,54.81,10,57.77,10,0,0
2011-03-31,7,464407,63229,0,,161,120,23414,23414,17999,1759.86,48.92,120,48.97,5,49.18,5,49.53,5,50.04,5,50.69,5,51.5,5,52.45,5,54.81,10,57.77,10,0,0
2011-03-31,8,464407,63229,0,,161,120,23414,23414,17999,1759.86,48.92,120,48.97,5,49.18,5,49.53,5,50.04,5,50.69,5,51.5,5,52.45,5,54.81,10,57.77,10,0,0
2011-03-31,9,464407,63229,0,,161,120,23414,23414,17999,1759.86,48.92,120,48.97,5,49.18,5,49.53,5,50.04,5,50.69,5,51.5,5,52.45,5,54.81,10,57.77,10,0,0
2011-03-31,10,464407,63229,0,,161,120,23414,23414,17999,1759.86,48.92,120,48.97,5,49.18,5,49.53,5,50.04,5,50.69,5,51.5,5,52.45,5,54.81,10,57.77,10,0,0
2011-03-31,11,464407,63229,0,,160,120,23414,23414,17999,1759.86,48.92,120,48.97,5,49.18,5,49.53,5,50.04,5,50.69,5,51.5,5,52.45,5,54.81,10,57.77,10,0,0
2011-03-31,12,464407,63229,0,,159,120,23414,23414,17999,1759.86,48.92,120,48.97,5,49.18,5,49.53,5,50.04,5,50.69,5,51.5,5,52.45,5,54.81,10,57.77,10,0,0
2011-03-31,13,464407,63229,0,,159,120,23414,23414,17999,1759.86,48.92,120,48.97,5,49.18,5,49.53,5,50.04,5,50.69,5,51.5,5,52.45,5,54.81,10,57.77,10,0,0
2011-03-31,14,464407,63229,0,,159,120,23414,23414,17999,1759.86,48.92,120,48.97,5,49.18,5,49.53,5,50.04,5,50.69,5,51.5,5,52.45,5,54.81,10,57.77,10,0,0
2011-03-31,15,464407,63229,0,,159,120,23414,23414,17999,1759.86,48.92,120,48.97,5,49.18,5,49.53,5,50.04,5,50.69,5,51.5,5,52.45,5,54.81,10,57.77,10,0,0
2011-03-31,16,464407,63229,0,,159,120,23414,23414,17999,1759.86,48.92,120,48.97,5,49.18,5,49.53,5,50.04,5,50.69,5,51.5,5,52.45,5,54.81,10,57.77,10,0,0
2011-03-31,17,464407,63229,0,,159,120,23414,23414,17999,1759.86,48.92,120,48.97,5,49.18,5,49.53,5,50.04,5,50.69,5,51.5,5,52.45,5,54.81,10,57.77,10,0,0
2011-03-31,18,464407,63229,0,,159,120,23414,23414,17999,1759.86,48.92,120,48.97,5,49.18,5,49.53,5,50.04,5,50.69,5,51.5,5,52.45,5,54.81,10,57.77,10,0,0
2011-03-31,19,464407,63229,0,,160,120,23414,23414,17999,1759.86,48.92,120,48.97,5,49.18,5,49.53,5,50.04,5,50.69,5,51.5,5,52.45,5,54.81,10,57.77,10,0,0
2011-03-31,20,464407,63229,0,,160,120,23414,23414,17999,1759.86,48.92,120,48.97,5,49.18,5,49.53,5,50.04,5,50.69,5,51.5,5,52.45,5,54.81,10,57.77,10,0,0
2011-03-31,21,464407,63229,0,,160,120,23414,23414,17999,1759.86,48.92,120,48.97,5,49.18,5,49.53,5,50.04,5,50.69,5,51.5,5,52.45,5,54.81,10,57.77,10,0,0
2011-03-31,22,464407,63229,0,,160,120,23414,23414,17999,1759.86,48.92,120,48.97,5,49.18,5,49.53,5,50.04,5,50.69,5,51.5,5,52.45,5,54.81,10,57.77,10,0,0
2011-03-31,23,464407,63229,0,,161,120,23414,23414,17999,1759.86,48.92,120,48.97,5,49.18,5,49.53,5,50.04,5,50.69,5,51.5,5,52.45,5,54.81,10,57.77,10,0,0
2011-03-31,24,464407,63229,0,,161,120,23414,23414,17999,1759.86,48.92,120,48.97,5,49.18,5,49.53,5,50.04,5,50.69,5,51.5,5,52.45,5,54.81,10,57.77,10,0,0
2011-03-31,1,464407,67172,0,,0,0,18220,16623,13552,4215.77,72.24,155,74.57,10,78.27,15,80.88,10,85.12,15,90.02,15,93.83,10,95.95,5,98.24,5,124.41,20,0,0
2011-03-31,2,464407,67172,0,,0,0,18220,16623,13552,4215.77,72.24,155,74.57,10,78.27,15,80.88,10,85.12,15,90.02,15,93.83,10,95.95,5,98.24,5,124.41,20,0,0
2011-03-31,3,464407,67172,0,,0,0,18220,16623,13552,4215.77,72.24,155,74.57,10,78.27,15,80.88,10,85.12,15,90.02,15,93.83,10,95.95,5,98.24,5,124.41,20,0,0
2011-03-31,4,464407,67172,0,,0,0,18220,16623,13552,4215.77,72.24,155,74.57,10,78.27,15,80.88,10,85.12,15,90.02,15,93.83,10,95.95,5,98.24,5,124.41,20,0,0
2011-03-31,5,464407,67172,0,,0,0,18220,16623,13552,4215.77,72.24,155,74.57,10,78.27,15,80.88,10,85.12,15,90.02,15,93.83,10,95.95,5,98.24,5,124.41,20,0,0
2011-03-31,6,464407,67172,0,,0,0,18220,16623,13552,4215.77,72.24,155,74.57,10,78.27,15,80.88,10,85.12,15,90.02,15,93.83,10,95.95,5,98.24,5,124.41,20,0,0
2011-03-31,7,464407,67172,0,,0,0,18220,16623,13552,4215.77,72.24,155,74.57,10,78.27,15,80.88,10,85.12,15,90.02,15,93.83,10,95.95,5,98.24,5,124.41,20,0,0
2011-03-31,8,464407,67172,0,,0,0,18220,16623,13552,4215.77,72.24,155,74.57,10,78.27,15,80.88,10,85.12,15,90.02,15,93.83,10,95.95,5,98.24,5,124.41,20,0,0
2011-03-31,9,464407,67172,0,,0,0,18220,16623,13552,4215.77,72.24,155,74.57,10,78.27,15,80.88,10,85.12,15,90.02,15,93.83,10,95.95,5,98.24,5,124.41,20,0,0
2011-03-31,10,464407,67172,0,,0,0,18220,16623,13552,4215.77,72.24,155,74.57,10,78.27,15,80.88,10,85.12,15,90.02,15,93.83,10,95.95,5,98.24,5,124.41,20,0,0
2011-03-31,11,464407,67172,0,,0,0,18220,16623,13552,4215.77,72.24,155,74.57,10,78.27,15,80.88,10,85.12,15,90.02,15,93.83,10,95.95,5,98.24,5,124.41,20,0,0
2011-03-31,12,464407,67172,0,,0,0,18220,16623,13552,4215.77,72.24,155,74.57,10,78.27,15,80.88,10,85.12,15,90.02,15,93.83,10,95.95,5,98.24,5,124.41,20,0,0
2011-03-31,13,464407,67172,0,,0,0,18220,16623,13552,4215.77,72.24,155,74.57,10,78.27,15,80.88,10,85.12,15,90.02,15,93.83,10,95.95,5,98.24,5,124.41,20,0,0
2011-03-31,14,464407,67172,0,,0,0,18220,16623,13552,4215.77,72.24,155,74.57,10,78.27,15,80.88,10,85.12,15,90.02,15,93.83,10,95.95,5,98.24,5,124.41,20,0,0
2011-03-31,15,464407,67172,0,,0,0,18220,16623,13552,4215.77,72.24,155,74.57,10,78.27,15,80.88,10,85.12,15,90.02,15,93.83,10,95.95,5,98.24,5,124.41,20,0,0
2011-03-31,16,464407,67172,0,,0,0,18220,16623,13552,4215.77,72.24,155,74.57,10,78.27,15,80.88,10,85.12,15,90.02,15,93.83,10,95.95,5,98.24,5,124.41,20,0,0
2011-03-31,17,464407,67172,0,,0,0,18220,16623,13552,4215.77,72.24,155,74.57,10,78.27,15,80.88,10,85.12,15,90.02,15,93.83,10,95.95,5,98.24,5,124.41,20,0,0
2011-03-31,18,464407,67172,0,,0,0,18220,16623,13552,4215.77,72.24,155,74.57,10,78.27,15,80.88,10,85.12,15,90.02,15,93.83,10,95.95,5,98.24,5,124.41,20,0,0
2011-03-31,19,464407,67172,0,,0,0,18220,16623,13552,4215.77,72.24,155,74.57,10,78.27,15,80.88,10,85.12,15,90.02,15,93.83,10,95.95,5,98.24,5,124.41,20,0,0
2011-03-31,20,464407,67172,0,,0,0,18220,16623,13552,4215.77,72.24,155,74.57,10,78.27,15,80.88,10,85.12,15,90.02,15,93.83,10,95.95,5,98.24,5,124.41,20,0,0
2011-03-31,21,464407,67172,0,,0,0,18220,16623,13552,4215.77,72.24,155,74.57,10,78.27,15,80.88,10,85.12,15,90.02,15,93.83,10,95.95,5,98.24,5,124.41,20,0,0
2011-03-31,22,464407,67172,0,,0,0,18220,16623,13552,4215.77,72.24,155,74.57,10,78.27,15,80.88,10,85.12,15,90.02,15,93.83,10,95.95,5,98.24,5,124.41,20,0,0
2011-03-31,23,464407,67172,0,,0,0,18220,16623,13552,4215.77,72.24,155,74.57,10,78.27,15,80.88,10,85.12,15,90.02,15,93.83,10,95.95,5,98.24,5,124.41,20,0,0
2011-03-31,24,464407,67172,0,,0,0,18220,16623,13552,4215.77,72.24,155,74.57,10,78.27,15,80.88,10,85.12,15,90.02,15,93.83,10,95.95,5,98.24,5,124.41,20,0,0
2011-03-31,1,464407,79527,0,,256.9,160,26536,25334,23022,3035.4,61.33,160,64.11,15,67.09,15,70.38,15,74.22,15,77.24,10,80.74,10,84.85,10,104.67,10,115.62,10,0,0
2011-03-31,2,464407,79527,0,,257,160,26536,25334,23022,3035.4,61.33,160,64.11,15,67.09,15,70.38,15,74.22,15,77.24,10,80.74,10,84.85,10,104.67,10,115.62,10,0,0
2011-03-31,3,464407,79527,0,,257.2,160,26536,25334,23022,3035.4,61.33,160,64.11,15,67.09,15,70.38,15,74.22,15,77.24,10,80.74,10,84.85,10,104.67,10,115.62,10,0,0
2011-03-31,4,464407,79527,0,,257.2,160,26536,25334,23022,3035.4,61.33,160,64.11,15,67.09,15,70.38,15,74.22,15,77.24,10,80.74,10,84.85,10,104.67,10,115.62,10,0,0
2011-03-31,5,464407,79527,0,,257.2,160,26536,25334,23022,3035.4,61.33,160,64.11,15,67.09,15,70.38,15,74.22,15,77.24,10,80.74,10,84.85,10,104.67,10,115.62,10,0,0
2011-03-31,6,464407,79527,0,,257.2,160,26536,25334,23022,3035.4,61.33,160,64.11,15,67.09,15,70.38,15,74.22,15,77.24,10,80.74,10,84.85,10,104.67,10,115.62,10,0,0
2011-03-31,7,464407,79527,0,,257.2,160,26536,25334,23022,3035.4,61.33,160,64.11,15,67.09,15,70.38,15,74.22,15,77.24,10,80.74,10,84.85,10,104.67,10,115.62,10,0,0
2011-03-31,8,464407,79527,0,,256.9,160,26536,25334,23022,3035.4,61.33,160,64.11,15,67.09,15,70.38,15,74.22,15,77.24,10,80.74,10,84.85,10,104.67,10,115.62,10,0,0
2011-03-31,9,464407,79527,0,,256.5,160,26536,25334,23022,3035.4,61.33,160,64.11,15,67.09,15,70.38,15,74.22,15,77.24,10,80.74,10,84.85,10,104.67,10,115.62,10,0,0
2011-03-31,10,464407,79527,0,,256.3,160,26536,25334,23022,3035.4,61.33,160,64.11,15,67.09,15,70.38,15,74.22,15,77.24,10,80.74,10,84.85,10,104.67,10,115.62,10,0,0
2011-03-31,11,464407,79527,0,,255.4,160,26536,25334,23022,3035.4,61.33,160,64.11,15,67.09,15,70.38,15,74.22,15,77.24,10,80.74,10,84.85,10,104.67,10,115.62,10,0,0
2011-03-31,12,464407,79527,0,,254.1,160,26536,25334,23022,3035.4,61.33,160,64.11,15,67.09,15,70.38,15,74.22,15,77.24,10,80.74,10,84.85,10,104.67,10,115.62,10,0,0
2011-03-31,13,464407,79527,0,,253.4,160,26536,25334,23022,3035.4,61.33,160,64.11,15,67.09,15,70.38,15,74.22,15,77.24,10,80.74,10,84.85,10,104.67,10,115.62,10,0,0
2011-03-31,14,464407,79527,0,,253,160,26536,25334,23022,3035.4,61.33,160,64.11,15,67.09,15,70.38,15,74.22,15,77.24,10,80.74,10,84.85,10,104.67,10,115.62,10,0,0
2011-03-31,15,464407,79527,0,,253,160,26536,25334,23022,3035.4,61.33,160,64.11,15,67.09,15,70.38,15,74.22,15,77.24,10,80.74,10,84.85,10,104.67,10,115.62,10,0,0
2011-03-31,16,464407,79527,0,,253.8,160,26536,25334,23022,3035.4,61.33,160,64.11,15,67.09,15,70.38,15,74.22,15,77.24,10,80.74,10,84.85,10,104.67,10,115.62,10,0,0
2011-03-31,17,464407,79527,0,,253.8,160,26536,25334,23022,3035.4,61.33,160,64.11,15,67.09,15,70.38,15,74.22,15,77.24,10,80.74,10,84.85,10,104.67,10,115.62,10,0,0
2011-03-31,18,464407,79527,0,,254.5,160,26536,25334,23022,3035.4,61.33,160,64.11,15,67.09,15,70.38,15,74.22,15,77.24,10,80.74,10,84.85,10,104.67,10,115.62,10,0,0
2011-03-31,19,464407,79527,0,,254.8,160,26536,25334,23022,3035.4,61.33,160,64.11,15,67.09,15,70.38,15,74.22,15,77.24,10,80.74,10,84.85,10,104.67,10,115.62,10,0,0
2011-03-31,20,464407,79527,0,,255.7,160,26536,25334,23022,3035.4,61.33,160,64.11,15,67.09,15,70.38,15,74.22,15,77.24,10,80.74,10,84.85,10,104.67,10,115.62,10,0,0
2011-03-31,21,464407,79527,0,,255.9,160,26536,25334,23022,3035.4,61.33,160,64.11,15,67.09,15,70.38,15,74.22,15,77.24,10,80.74,10,84.85,10,104.67,10,115.62,10,0,0
2011-03-31,22,464407,79527,0,,255.9,160,26536,25334,23022,3035.4,61.33,160,64.11,15,67.09,15,70.38,15,74.22,15,77.24,10,80.74,10,84.85,10,104.67,10,115.62,10,0,0
2011-03-31,23,464407,79527,0,,255.9,160,26536,25334,23022,3035.4,61.33,160,64.11,15,67.09,15,70.38,15,74.22,15,77.24,10,80.74,10,84.85,10,104.67,10,115.62,10,0,0
2011-03-31,24,464407,79527,0,,256.1,160,26536,25334,23022,3035.4,61.33,160,64.11,15,67.09,15,70.38,15,74.22,15,77.24,10,80.74,10,84.85,10,104.67,10,115.62,10,0,0
2011-03-31,1,464407,93164,0,,255.7,160,31324,29990,27425,3368.08,67.21,160,70.3,15,73.61,15,77.26,15,81.53,15,84.87,10,88.76,10,93.31,10,98.66,10,104.94,10,0,0
2011-03-31,2,464407,93164,0,,256,160,31324,29990,27425,3368.08,67.21,160,70.3,15,73.61,15,77.26,15,81.53,15,84.87,10,88.76,10,93.31,10,98.66,10,104.94,10,0,0
2011-03-31,3,464407,93164,0,,256.5,160,31324,29990,27425,3368.08,67.21,160,70.3,15,73.61,15,77.26,15,81.53,15,84.87,10,88.76,10,93.31,10,98.66,10,104.94,10,0,0
2011-03-31,4,464407,93164,0,,256.5,160,31324,29990,27425,3368.08,67.21,160,70.3,15,73.61,15,77.26,15,81.53,15,84.87,10,88.76,10,93.31,10,98.66,10,104.94,10,0,0
2011-03-31,5,464407,93164,0,,256.5,160,31324,29990,27425,3368.08,67.21,160,70.3,15,73.61,15,77.26,15,81.53,15,84.87,10,88.76,10,93.31,10,98.66,10,104.94,10,0,0
2011-03-31,6,464407,93164,0,,256.5,160,31324,29990,27425,3368.08,67.21,160,70.3,15,73.61,15,77.26,15,81.53,15,84.87,10,88.76,10,93.31,10,98.66,10,104.94,10,0,0
2011-03-31,7,464407,93164,0,,256.5,160,31324,29990,27425,3368.08,67.21,160,70.3,15,73.61,15,77.26,15,81.53,15,84.87,10,88.76,10,93.31,10,98.66,10,104.94,10,0,0
2011-03-31,8,464407,93164,0,,255.7,160,31324,29990,27425,3368.08,67.21,160,70.3,15,73.61,15,77.26,15,81.53,15,84.87,10,88.76,10,93.31,10,98.66,10,104.94,10,0,0
2011-03-31,9,464407,93164,0,,255.1,160,31324,29990,27425,3368.08,67.21,160,70.3,15,73.61,15,77.26,15,81.53,15,84.87,10,88.76,10,93.31,10,98.66,10,104.94,10,0,0
2011-03-31,10,464407,93164,0,,254.8,160,31324,29990,27425,3368.08,67.21,160,70.3,15,73.61,15,77.26,15,81.53,15,84.87,10,88.76,10,93.31,10,98.66,10,104.94,10,0,0
2011-03-31,11,464407,93164,0,,253.4,160,31324,29990,27425,3368.08,67.21,160,70.3,15,73.61,15,77.26,15,81.53,15,84.87,10,88.76,10,93.31,10,98.66,10,104.94,10,0,0
2011-03-31,12,464407,93164,0,,252,160,31324,29990,27425,3368.08,67.21,160,70.3,15,73.61,15,77.26,15,81.53,15,84.87,10,88.76,10,93.31,10,98.66,10,104.94,10,0,0
2011-03-31,13,464407,93164,0,,251.2,160,31324,29990,27425,3368.08,67.21,160,70.3,15,73.61,15,77.26,15,81.53,15,84.87,10,88.76,10,93.31,10,98.66,10,104.94,10,0,0
2011-03-31,14,464407,93164,0,,250.8,160,31324,29990,27425,3368.08,67.21,160,70.3,15,73.61,15,77.26,15,81.53,15,84.87,10,88.76,10,93.31,10,98.66,10,104.94,10,0,0
2011-03-31,15,464407,93164,0,,250.8,160,31324,29990,27425,3368.08,67.21,160,70.3,15,73.61,15,77.26,15,81.53,15,84.87,10,88.76,10,93.31,10,98.66,10,104.94,10,0,0
2011-03-31,16,464407,93164,0,,251.6,160,31324,29990,27425,3368.08,67.21,160,70.3,15,73.61,15,77.26,15,81.53,15,84.87,10,88.76,10,93.31,10,98.66,10,104.94,10,0,0
2011-03-31,17,464407,93164,0,,251.6,160,31324,29990,27425,3368.08,67.21,160,70.3,15,73.61,15,77.26,15,81.53,15,84.87,10,88.76,10,93.31,10,98.66,10,104.94,10,0,0
2011-03-31,18,464407,93164,0,,252.4,160,31324,29990,27425,3368.08,67.21,160,70.3,15,73.61,15,77.26,15,81.53,15,84.87,10,88.76,10,93.31,10,98.66,10,104.94,10,0,0
2011-03-31,19,464407,93164,0,,252.7,160,31324,29990,27425,3368.08,67.21,160,70.3,15,73.61,15,77.26,15,81.53,15,84.87,10,88.76,10,93.31,10,98.66,10,104.94,10,0,0
2011-03-31,20,464407,93164,0,,253.8,160,31324,29990,27425,3368.08,67.21,160,70.3,15,73.61,15,77.26,15,81.53,15,84.87,10,88.76,10,93.31,10,98.66,10,104.94,10,0,0
2011-03-31,21,464407,93164,0,,254.1,160,31324,29990,27425,3368.08,67.21,160,70.3,15,73.61,15,77.26,15,81.53,15,84.87,10,88.76,10,93.31,10,98.66,10,104.94,10,0,0
2011-03-31,22,464407,93164,0,,254.1,160,31324,29990,27425,3368.08,67.21,160,70.3,15,73.61,15,77.26,15,81.53,15,84.87,10,88.76,10,93.31,10,98.66,10,104.94,10,0,0
2011-03-31,23,464407,93164,0,,254.1,160,31324,29990,27425,3368.08,67.21,160,70.3,15,73.61,15,77.26,15,81.53,15,84.87,10,88.76,10,93.31,10,98.66,10,104.94,10,0,0
2011-03-31,24,464407,93164,0,,254.4,160,31324,29990,27425,3368.08,67.21,160,70.3,15,73.61,15,77.26,15,81.53,15,84.87,10,88.76,10,93.31,10,98.66,10,104.94,10,0,0
2011-03-31,1,500194,51626,0,,72,66,1407,1407,1407,0,334.86,66,351.53,6,,,,,,,,,,,,,,,,,0,72
2011-03-31,2,500194,51626,0,,72,66,1407,1407,1407,0,334.86,66,351.53,6,,,,,,,,,,,,,,,,,0,72
2011-03-31,3,500194,51626,0,,72,66,1407,1407,1407,0,334.86,66,351.53,6,,,,,,,,,,,,,,,,,0,72
2011-03-31,4,500194,51626,0,,72,66,1407,1407,1407,0,334.86,66,351.53,6,,,,,,,,,,,,,,,,,0,72
2011-03-31,5,500194,51626,0,,72,66,1407,1407,1407,0,334.86,66,351.53,6,,,,,,,,,,,,,,,,,0,72
2011-03-31,6,500194,51626,0,,72,66,1407,1407,1407,0,334.86,66,351.53,6,,,,,,,,,,,,,,,,,0,72
2011-03-31,7,500194,51626,0,,72,66,1407,1407,1407,0,334.86,66,351.53,6,,,,,,,,,,,,,,,,,0,72
2011-03-31,8,500194,51626,0,,72,66,1407,1407,1407,0,334.86,66,351.53,6,,,,,,,,,,,,,,,,,0,72
2011-03-31,9,500194,51626,0,,72,66,1407,1407,1407,0,334.86,66,351.53,6,,,,,,,,,,,,,,,,,0,72
2011-03-31,10,500194,51626,0,,72,66,1407,1407,1407,0,334.86,66,351.53,6,,,,,,,,,,,,,,,,,0,72
2011-03-31,11,500194,51626,0,,72,66,1407,1407,1407,0,334.86,66,351.53,6,,,,,,,,,,,,,,,,,0,72
2011-03-31,12,500194,51626,0,,72,66,1407,1407,1407,0,334.86,66,351.53,6,,,,,,,,,,,,,,,,,0,72
2011-03-31,13,500194,51626,0,,72,66,1407,1407,1407,0,334.86,66,351.53,6,,,,,,,,,,,,,,,,,0,72
2011-03-31,14,500194,51626,0,,72,66,1407,1407,1407,0,334.86,66,351.53,6,,,,,,,,,,,,,,,,,0,72
2011-03-31,15,500194,51626,0,,72,66,1407,1407,1407,0,334.86,66,351.53,6,,,,,,,,,,,,,,,,,0,72
2011-03-31,16,500194,51626,0,,72,66,1407,1407,1407,0,334.86,66,351.53,6,,,,,,,,,,,,,,,,,0,72
2011-03-31,17,500194,51626,0,,72,66,1407,1407,1407,0,334.86,66,351.53,6,,,,,,,,,,,,,,,,,0,72
2011-03-31,18,500194,51626,0,,72,66,1407,1407,1407,0,334.86,66,351.53,6,,,,,,,,,,,,,,,,,0,72
2011-03-31,19,500194,51626,0,,72,66,1407,1407,1407,0,334.86,66,351.53,6,,,,,,,,,,,,,,,,,0,72
2011-03-31,20,500194,51626,0,,72,66,1407,1407,1407,0,334.86,66,351.53,6,,,,,,,,,,,,,,,,,0,72
2011-03-31,21,500194,51626,0,,72,66,1407,1407,1407,0,334.86,66,351.53,6,,,,,,,,,,,,,,,,,0,72
2011-03-31,22,500194,51626,0,,72,66,1407,1407,1407,0,334.86,66,351.53,6,,,,,,,,,,,,,,,,,0,72
2011-03-31,23,500194,51626,0,,72,66,1407,1407,1407,0,334.86,66,351.53,6,,,,,,,,,,,,,,,,,0,72
2011-03-31,24,500194,51626,0,,72,66,1407,1407,1407,0,334.86,66,351.53,6,,,,,,,,,,,,,,,,,0,72
2011-03-31,1,505718,21292,0,2300,130,130,3680,2990,2300,0.5,48.79,130,60.65,15,77.07,10,,,,,,,,,,,,,,,0,0
2011-03-31,2,505718,21292,0,2300,130,130,3680,2990,2300,0.5,48.79,130,60.65,15,77.07,10,,,,,,,,,,,,,,,0,0
2011-03-31,3,505718,21292,0,2300,130,130,3680,2990,2300,0.5,48.79,130,60.65,15,77.07,10,,,,,,,,,,,,,,,0,0
2011-03-31,4,505718,21292,0,2300,130,130,3680,2990,2300,0.5,48.79,130,60.65,15,77.07,10,,,,,,,,,,,,,,,0,0
2011-03-31,5,505718,21292,0,2300,130,130,3680,2990,2300,0.5,48.79,130,60.65,15,77.07,10,,,,,,,,,,,,,,,0,0
2011-03-31,6,505718,21292,0,2300,130,130,3680,2990,2300,0.5,48.79,130,60.65,15,77.07,10,,,,,,,,,,,,,,,0,0
2011-03-31,7,505718,21292,0,2300,130,130,3680,2990,2300,0.5,48.79,130,60.65,15,77.07,10,,,,,,,,,,,,,,,0,0
2011-03-31,8,505718,21292,0,2300,130,130,3680,2990,2300,0.5,48.79,130,60.65,15,77.07,10,,,,,,,,,,,,,,,0,0
2011-03-31,9,505718,21292,0,2300,130,130,3680,2990,2300,0.5,48.79,130,60.65,15,77.07,10,,,,,,,,,,,,,,,0,0
2011-03-31,10,505718,21292,0,2300,130,130,3680,2990,2300,0.5,48.79,130,60.65,15,77.07,10,,,,,,,,,,,,,,,0,0
2011-03-31,11,505718,21292,0,2300,130,130,3680,2990,2300,0.5,48.79,130,60.65,15,77.07,10,,,,,,,,,,,,,,,0,0
2011-03-31,12,505718,21292,0,2300,130,130,3680,2990,2300,0.5,48.79,130,60.65,15,77.07,10,,,,,,,,,,,,,,,0,0
2011-03-31,13,505718,21292,0,2300,130,130,3680,2990,2300,0.5,48.79,130,60.65,15,77.07,10,,,,,,,,,,,,,,,0,0
2011-03-31,14,505718,21292,0,2300,130,130,3680,2990,2300,0.5,48.79,130,60.65,15,77.07,10,,,,,,,,,,,,,,,0,0
2011-03-31,15,505718,21292,0,2300,130,130,3680,2990,2300,0.5,48.79,130,60.65,15,77.07,10,,,,,,,,,,,,,,,0,0
2011-03-31,16,505718,21292,0,2300,130,130,3680,2990,2300,0.5,48.79,130,60.65,15,77.07,10,,,,,,,,,,,,,,,0,0
2011-03-31,17,505718,21292,0,2300,130,130,3680,2990,2300,0.5,48.79,130,60.65,15,77.07,10,,,,,,,,,,,,,,,0,0
2011-03-31,18,505718,21292,0,2300,130,130,3680,2990,2300,0.5,48.79,130,60.65,15,77.07,10,,,,,,,,,,,,,,,0,0
2011-03-31,19,505718,21292,0,2300,130,130,3680,2990,2300,0.5,48.79,130,60.65,15,77.07,10,,,,,,,,,,,,,,,0,0
2011-03-31,20,505718,21292,0,2300,130,130,3680,2990,2300,0.5,48.79,130,60.65,15,77.07,10,,,,,,,,,,,,,,,0,0
2011-03-31,21,505718,21292,0,2300,130,130,3680,2990,2300,0.5,48.79,130,60.65,15,77.07,10,,,,,,,,,,,,,,,0,0
2011-03-31,22,505718,21292,0,2300,130,130,3680,2990,2300,0.5,48.79,130,60.65,15,77.07,10,,,,,,,,,,,,,,,0,0
2011-03-31,23,505718,21292,0,2300,130,130,3680,2990,2300,0.5,48.79,130,60.65,15,77.07,10,,,,,,,,,,,,,,,0,0
2011-03-31,24,505718,21292,0,2300,130,130,3680,2990,2300,0.5,48.79,130,60.65,15,77.07,10,,,,,,,,,,,,,,,0,0
2011-03-31,1,505718,29086,6,591,34,6,0,0,0,0,60,4,250,32.8,,,,,,,,,,,,,,,,,20,24.4
2011-03-31,2,505718,29086,6,591,34,6,0,0,0,0,60,4,250,32.8,,,,,,,,,,,,,,,,,20,24.4
2011-03-31,3,505718,29086,6,591,34,6,0,0,0,0,60,4,250,32.8,,,,,,,,,,,,,,,,,20,24.4
2011-03-31,4,505718,29086,6,591,34,6,0,0,0,0,60,4,250,32.8,,,,,,,,,,,,,,,,,20,24.4
2011-03-31,5,505718,29086,6,591,34,6,0,0,0,0,60,4,250,32.8,,,,,,,,,,,,,,,,,20,24.4
2011-03-31,6,505718,29086,6,591,34,6,0,0,0,0,60,4,250,32.8,,,,,,,,,,,,,,,,,20,24.4
2011-03-31,7,505718,29086,33,591,34,33,0,0,0,0,60,4,250,32.8,,,,,,,,,,,,,,,,,20,24.4
2011-03-31,8,505718,29086,33,591,34,33,0,0,0,0,60,4,250,32.8,,,,,,,,,,,,,,,,,20,24.4
2011-03-31,9,505718,29086,33,591,34,33,0,0,0,0,60,4,250,32.8,,,,,,,,,,,,,,,,,20,24.4
2011-03-31,10,505718,29086,33,591,34,33,0,0,0,0,60,4,250,32.8,,,,,,,,,,,,,,,,,20,24.4
2011-03-31,11,505718,29086,33,591,34,33,0,0,0,0,60,4,250,32.8,,,,,,,,,,,,,,,,,20,24.4
2011-03-31,12,505718,29086,33,591,34,33,0,0,0,0,60,4,250,32.8,,,,,,,,,,,,,,,,,20,24.4
2011-03-31,13,505718,29086,33,591,34,33,0,0,0,0,60,4,250,32.8,,,,,,,,,,,,,,,,,20,24.4
2011-03-31,14,505718,29086,33,591,34,33,0,0,0,0,60,4,250,32.8,,,,,,,,,,,,,,,,,20,24.4
2011-03-31,15,505718,29086,33,591,34,33,0,0,0,0,60,4,250,32.8,,,,,,,,,,,,,,,,,20,24.4
2011-03-31,16,505718,29086,33,591,34,33,0,0,0,0,60,4,250,32.8,,,,,,,,,,,,,,,,,20,24.4
2011-03-31,17,505718,29086,33,591,34,33,0,0,0,0,60,4,250,32.8,,,,,,,,,,,,,,,,,20,24.4
2011-03-31,18,505718,29086,33,591,34,33,0,0,0,0,60,4,250,32.8,,,,,,,,,,,,,,,,,20,24.4
2011-03-31,19,505718,29086,33,591,34,33,0,0,0,0,60,4,250,32.8,,,,,,,,,,,,,,,,,20,24.4
2011-03-31,20,505718,29086,33,591,34,33,0,0,0,0,60,4,250,32.8,,,,,,,,,,,,,,,,,20,24.4
2011-03-31,21,505718,29086,33,591,34,33,0,0,0,0,60,4,250,32.8,,,,,,,,,,,,,,,,,20,24.4
2011-03-31,22,505718,29086,20,591,34,20,0,0,0,0,60,4,250,32.8,,,,,,,,,,,,,,,,,20,24.4
2011-03-31,23,505718,29086,20,591,34,20,0,0,0,0,60,4,250,32.8,,,,,,,,,,,,,,,,,20,24.4
2011-03-31,24,505718,29086,20,591,34,20,0,0,0,0,60,4,250,32.8,,,,,,,,,,,,,,,,,20,24.4
2011-03-31,1,505718,31965,11,205.7,14,11,0,0,0,0,100,9,500,5,,,,,,,,,,,,,,,,,14,14
2011-03-31,2,505718,31965,11,205.7,14,11,0,0,0,0,100,9,500,5,,,,,,,,,,,,,,,,,14,14
2011-03-31,3,505718,31965,0,205.7,14,6.5,0,0,0,0,100,9,500,5,,,,,,,,,,,,,,,,,14,14
2011-03-31,4,505718,31965,0,205.7,14,6.5,0,0,0,0,100,9,500,5,,,,,,,,,,,,,,,,,14,14
2011-03-31,5,505718,31965,0,205.7,14,6.5,0,0,0,0,100,9,500,5,,,,,,,,,,,,,,,,,14,14
2011-03-31,6,505718,31965,0,205.7,14,6.5,0,0,0,0,100,9,500,5,,,,,,,,,,,,,,,,,14,14
2011-03-31,7,505718,31965,0,205.7,14,6.5,0,0,0,0,100,9,500,5,,,,,,,,,,,,,,,,,14,14
2011-03-31,8,505718,31965,0,205.7,14,6.5,0,0,0,0,100,9,500,5,,,,,,,,,,,,,,,,,14,14
2011-03-31,9,505718,31965,0,205.7,14,6.5,0,0,0,0,100,9,500,5,,,,,,,,,,,,,,,,,14,14
2011-03-31,10,505718,31965,11,205.7,14,11,0,0,0,0,100,9,500,5,,,,,,,,,,,,,,,,,14,14
2011-03-31,11,505718,31965,11,205.7,14,11,0,0,0,0,100,9,500,5,,,,,,,,,,,,,,,,,14,14
2011-03-31,12,505718,31965,11,205.7,14,11,0,0,0,0,100,9,500,5,,,,,,,,,,,,,,,,,14,14
2011-03-31,13,505718,31965,11,205.7,14,11,0,0,0,0,100,9,500,5,,,,,,,,,,,,,,,,,14,14
2011-03-31,14,505718,31965,11,205.7,14,11,0,0,0,0,100,9,500,5,,,,,,,,,,,,,,,,,14,14
2011-03-31,15,505718,31965,11,205.7,14,11,0,0,0,0,100,9,500,5,,,,,,,,,,,,,,,,,14,14
2011-03-31,16,505718,31965,11,205.7,14,11,0,0,0,0,100,9,500,5,,,,,,,,,,,,,,,,,14,14
2011-03-31,17,505718,31965,11,205.7,14,11,0,0,0,0,100,9,500,5,,,,,,,,,,,,,,,,,14,14
2011-03-31,18,505718,31965,11,205.7,14,11,0,0,0,0,100,9,500,5,,,,,,,,,,,,,,,,,14,14
2011-03-31,19,505718,31965,11,205.7,14,11,0,0,0,0,100,9,500,5,,,,,,,,,,,,,,,,,14,14
2011-03-31,20,505718,31965,11,205.7,14,11,0,0,0,0,100,9,500,5,,,,,,,,,,,,,,,,,14,14
2011-03-31,21,505718,31965,11,205.7,14,11,0,0,0,0,100,9,500,5,,,,,,,,,,,,,,,,,14,14
2011-03-31,22,505718,31965,11,205.7,14,11,0,0,0,0,100,9,500,5,,,,,,,,,,,,,,,,,14,14
2011-03-31,23,505718,31965,11,205.7,14,11,0,0,0,0,100,9,500,5,,,,,,,,,,,,,,,,,14,14
2011-03-31,24,505718,31965,11,205.7,14,11,0,0,0,0,100,9,500,5,,,,,,,,,,,,,,,,,14,14
2011-03-31,1,505718,38850,4,132,10.6,4,0,0,0,0,60,6,500,4.6,,,,,,,,,,,,,,,,,13,13
2011-03-31,2,505718,38850,4,132,10.6,4,0,0,0,0,60,6,500,4.6,,,,,,,,,,,,,,,,,13,13
2011-03-31,3,505718,38850,4,132,10.6,4,0,0,0,0,60,6,500,4.6,,,,,,,,,,,,,,,,,13,13
2011-03-31,4,505718,38850,4,132,10.6,4,0,0,0,0,60,6,500,4.6,,,,,,,,,,,,,,,,,13,13
2011-03-31,5,505718,38850,4,132,10.6,4,0,0,0,0,60,6,500,4.6,,,,,,,,,,,,,,,,,13,13
2011-03-31,6,505718,38850,4,132,10.6,4,0,0,0,0,60,6,500,4.6,,,,,,,,,,,,,,,,,13,13
2011-03-31,7,505718,38850,4,132,10.6,4,0,0,0,0,60,6,500,4.6,,,,,,,,,,,,,,,,,13,13
2011-03-31,8,505718,38850,4,132,10.6,4,0,0,0,0,60,6,500,4.6,,,,,,,,,,,,,,,,,13,13
2011-03-31,9,505718,38850,4,132,10.6,4,0,0,0,0,60,6,500,4.6,,,,,,,,,,,,,,,,,13,13
2011-03-31,10,505718,38850,4,132,10.6,4,0,0,0,0,60,6,500,4.6,,,,,,,,,,,,,,,,,13,13
2011-03-31,11,505718,38850,4,132,10.6,4,0,0,0,0,60,6,500,4.6,,,,,,,,,,,,,,,,,13,13
2011-03-31,12,505718,38850,4,132,10.6,4,0,0,0,0,60,6,500,4.6,,,,,,,,,,,,,,,,,13,13
2011-03-31,13,505718,38850,4,132,10.6,4,0,0,0,0,60,6,500,4.6,,,,,,,,,,,,,,,,,13,13
2011-03-31,14,505718,38850,4,132,10.6,4,0,0,0,0,60,6,500,4.6,,,,,,,,,,,,,,,,,13,13
2011-03-31,15,505718,38850,4,132,10.6,4,0,0,0,0,60,6,500,4.6,,,,,,,,,,,,,,,,,13,13
2011-03-31,16,505718,38850,4,132,10.6,4,0,0,0,0,60,6,500,4.6,,,,,,,,,,,,,,,,,13,13
2011-03-31,17,505718,38850,4,132,10.6,4,0,0,0,0,60,6,500,4.6,,,,,,,,,,,,,,,,,13,13
2011-03-31,18,505718,38850,4,132,10.6,4,0,0,0,0,60,6,500,4.6,,,,,,,,,,,,,,,,,13,13
2011-03-31,19,505718,38850,10,132,10.6,10,0,0,0,0,60,6,500,4.6,,,,,,,,,,,,,,,,,13,13
2011-03-31,20,505718,38850,10,132,10.6,10,0,0,0,0,60,6,500,4.6,,,,,,,,,,,,,,,,,13,13
2011-03-31,21,505718,38850,10,132,10.6,10,0,0,0,0,60,6,500,4.6,,,,,,,,,,,,,,,,,13,13
2011-03-31,22,505718,38850,10,132,10.6,10,0,0,0,0,60,6,500,4.6,,,,,,,,,,,,,,,,,13,13
2011-03-31,23,505718,38850,4,132,10.6,4,0,0,0,0,60,6,500,4.6,,,,,,,,,,,,,,,,,13,13
2011-03-31,24,505718,38850,4,132,10.6,4,0,0,0,0,60,6,500,4.6,,,,,,,,,,,,,,,,,13,13
2011-03-31,1,505718,58508,6,117.8,6.3,6.3,0,0,0,0,100,5,500,1.3,,,,,,,,,,,,,,,,,7,7
2011-03-31,2,505718,58508,6,117.8,6.3,6.3,0,0,0,0,100,5,500,1.3,,,,,,,,,,,,,,,,,7,7
2011-03-31,3,505718,58508,0,117.8,6.3,3,0,0,0,0,100,5,500,1.3,,,,,,,,,,,,,,,,,7,7
2011-03-31,4,505718,58508,0,117.8,6.3,3,0,0,0,0,100,5,500,1.3,,,,,,,,,,,,,,,,,7,7
2011-03-31,5,505718,58508,0,117.8,6.3,3,0,0,0,0,100,5,500,1.3,,,,,,,,,,,,,,,,,7,7
2011-03-31,6,505718,58508,0,117.8,6.3,3,0,0,0,0,100,5,500,1.3,,,,,,,,,,,,,,,,,7,7
2011-03-31,7,505718,58508,0,117.8,6.3,3,0,0,0,0,100,5,500,1.3,,,,,,,,,,,,,,,,,7,7
2011-03-31,8,505718,58508,0,117.8,6.3,3,0,0,0,0,100,5,500,1.3,,,,,,,,,,,,,,,,,7,7
2011-03-31,9,505718,58508,0,117.8,6.3,3,0,0,0,0,100,5,500,1.3,,,,,,,,,,,,,,,,,7,7
2011-03-31,10,505718,58508,6,117.8,6.3,6.3,0,0,0,0,100,5,500,1.3,,,,,,,,,,,,,,,,,7,7
2011-03-31,11,505718,58508,6,117.8,6.3,6.3,0,0,0,0,100,5,500,1.3,,,,,,,,,,,,,,,,,7,7
2011-03-31,12,505718,58508,6,117.8,6.3,6.3,0,0,0,0,100,5,500,1.3,,,,,,,,,,,,,,,,,7,7
2011-03-31,13,505718,58508,6,117.8,6.3,6.3,0,0,0,0,100,5,500,1.3,,,,,,,,,,,,,,,,,7,7
2011-03-31,14,505718,58508,6,117.8,6.3,6.3,0,0,0,0,100,5,500,1.3,,,,,,,,,,,,,,,,,7,7
2011-03-31,15,505718,58508,6,117.8,6.3,6.3,0,0,0,0,100,5,500,1.3,,,,,,,,,,,,,,,,,7,7
2011-03-31,16,505718,58508,6,117.8,6.3,6.3,0,0,0,0,100,5,500,1.3,,,,,,,,,,,,,,,,,7,7
2011-03-31,17,505718,58508,6,117.8,6.3,6.3,0,0,0,0,100,5,500,1.3,,,,,,,,,,,,,,,,,7,7
2011-03-31,18,505718,58508,6,117.8,6.3,6.3,0,0,0,0,100,5,500,1.3,,,,,,,,,,,,,,,,,7,7
2011-03-31,19,505718,58508,6,117.8,6.3,6.3,0,0,0,0,100,5,500,1.3,,,,,,,,,,,,,,,,,7,7
2011-03-31,20,505718,58508,6,117.8,6.3,6.3,0,0,0,0,100,5,500,1.3,,,,,,,,,,,,,,,,,7,7
2011-03-31,21,505718,58508,6,117.8,6.3,6.3,0,0,0,0,100,5,500,1.3,,,,,,,,,,,,,,,,,7,7
2011-03-31,22,505718,58508,6,117.8,6.3,6.3,0,0,0,0,100,5,500,1.3,,,,,,,,,,,,,,,,,7,7
2011-03-31,23,505718,58508,6,117.8,6.3,6.3,0,0,0,0,100,5,500,1.3,,,,,,,,,,,,,,,,,7,7
2011-03-31,24,505718,58508,6,117.8,6.3,6.3,0,0,0,0,100,5,500,1.3,,,,,,,,,,,,,,,,,7,7
2011-03-31,1,505718,71825,1,511.5,140,1,0,0,0,0,60,28,65,28,120,28,500,107,,,,,,,,,,,,,183,193
2011-03-31,2,505718,71825,1,511.5,140,1,0,0,0,0,60,28,65,28,120,28,500,107,,,,,,,,,,,,,183,193
2011-03-31,3,505718,71825,1,511.5,140,1,0,0,0,0,60,28,65,28,120,28,500,107,,,,,,,,,,,,,183,193
2011-03-31,4,505718,71825,1,511.5,140,1,0,0,0,0,60,28,65,28,120,28,500,107,,,,,,,,,,,,,183,193
2011-03-31,5,505718,71825,1,511.5,140,1,0,0,0,0,60,28,65,28,120,28,500,107,,,,,,,,,,,,,183,193
2011-03-31,6,505718,71825,1,511.5,140,1,0,0,0,0,60,28,65,28,120,28,500,107,,,,,,,,,,,,,183,193
2011-03-31,7,505718,71825,1,511.5,140,1,0,0,0,0,60,28,65,28,120,28,500,107,,,,,,,,,,,,,183,193
2011-03-31,8,505718,71825,1,511.5,140,1,0,0,0,0,60,28,65,28,120,28,500,107,,,,,,,,,,,,,183,193
2011-03-31,9,505718,71825,56,511.5,140,56,0,0,0,0,60,28,65,28,120,28,500,107,,,,,,,,,,,,,183,193
2011-03-31,10,505718,71825,56,511.5,140,56,0,0,0,0,60,28,65,28,120,28,500,107,,,,,,,,,,,,,183,193
2011-03-31,11,505718,71825,56,511.5,140,56,0,0,0,0,60,28,65,28,120,28,500,107,,,,,,,,,,,,,183,193
2011-03-31,12,505718,71825,28,511.5,140,28,0,0,0,0,60,28,65,28,120,28,500,107,,,,,,,,,,,,,183,193
2011-03-31,13,505718,71825,1,511.5,140,1,0,0,0,0,60,28,65,28,120,28,500,107,,,,,,,,,,,,,183,193
2011-03-31,14,505718,71825,1,511.5,140,1,0,0,0,0,60,28,65,28,120,28,500,107,,,,,,,,,,,,,183,193
2011-03-31,15,505718,71825,1,511.5,140,1,0,0,0,0,60,28,65,28,120,28,500,107,,,,,,,,,,,,,183,193
2011-03-31,16,505718,71825,1,511.5,140,1,0,0,0,0,60,28,65,28,120,28,500,107,,,,,,,,,,,,,183,193
2011-03-31,17,505718,71825,1,511.5,140,1,0,0,0,0,60,28,65,28,120,28,500,107,,,,,,,,,,,,,183,193
2011-03-31,18,505718,71825,1,511.5,140,1,0,0,0,0,60,28,65,28,120,28,500,107,,,,,,,,,,,,,183,193
2011-03-31,19,505718,71825,84,511.5,140,84,0,0,0,0,60,28,65,28,120,28,500,107,,,,,,,,,,,,,183,193
2011-03-31,20,505718,71825,84,511.5,140,84,0,0,0,0,60,28,65,28,120,28,500,107,,,,,,,,,,,,,183,193
2011-03-31,21,505718,71825,84,511.5,140,84,0,0,0,0,60,28,65,28,120,28,500,107,,,,,,,,,,,,,183,193
2011-03-31,22,505718,71825,1,511.5,140,1,0,0,0,0,60,28,65,28,120,28,500,107,,,,,,,,,,,,,183,193
2011-03-31,23,505718,71825,1,511.5,140,1,0,0,0,0,60,28,65,28,120,28,500,107,,,,,,,,,,,,,183,193
2011-03-31,24,505718,71825,1,511.5,140,1,0,0,0,0,60,28,65,28,120,28,500,107,,,,,,,,,,,,,183,193
2011-03-31,1,505718,76235,0,4300,305,250,3680,2990,2300,0.5,42.25,250,60.65,30,77.07,29,,,,,,,,,,,,,,,0,0
2011-03-31,2,505718,76235,0,4300,307,250,3680,2990,2300,0.5,42.25,250,60.65,30,77.07,29,,,,,,,,,,,,,,,0,0
2011-03-31,3,505718,76235,0,4300,307,250,3680,2990,2300,0.5,42.25,250,60.65,30,77.07,29,,,,,,,,,,,,,,,0,0
2011-03-31,4,505718,76235,0,4300,308,250,3680,2990,2300,0.5,42.25,250,60.65,30,77.07,29,,,,,,,,,,,,,,,0,0
2011-03-31,5,505718,76235,0,4300,308,250,3680,2990,2300,0.5,42.25,250,60.65,30,77.07,29,,,,,,,,,,,,,,,0,0
2011-03-31,6,505718,76235,0,4300,309,250,3680,2990,2300,0.5,42.25,250,60.65,30,77.07,29,,,,,,,,,,,,,,,0,0
2011-03-31,7,505718,76235,0,4300,309,250,3680,2990,2300,0.5,42.25,250,60.65,30,77.07,29,,,,,,,,,,,,,,,0,0
2011-03-31,8,505718,76235,0,4300,308,250,3680,2990,2300,0.5,42.25,250,60.65,30,77.07,29,,,,,,,,,,,,,,,0,0
2011-03-31,9,505718,76235,0,4300,307,250,3680,2990,2300,0.5,42.25,250,60.65,30,77.07,29,,,,,,,,,,,,,,,0,0
2011-03-31,10,505718,76235,0,4300,305,250,3680,2990,2300,0.5,42.25,250,60.65,30,77.07,29,,,,,,,,,,,,,,,0,0
2011-03-31,11,505718,76235,0,4300,303,250,3680,2990,2300,0.5,42.25,250,60.65,30,77.07,29,,,,,,,,,,,,,,,0,0
2011-03-31,12,505718,76235,0,4300,302,250,3680,2990,2300,0.5,42.25,250,60.65,30,77.07,29,,,,,,,,,,,,,,,0,0
2011-03-31,13,505718,76235,0,4300,300,250,3680,2990,2300,0.5,42.25,250,60.65,30,77.07,29,,,,,,,,,,,,,,,0,0
2011-03-31,14,505718,76235,0,4300,302,250,3680,2990,2300,0.5,42.25,250,60.65,30,77.07,29,,,,,,,,,,,,,,,0,0
2011-03-31,15,505718,76235,0,4300,302,250,3680,2990,2300,0.5,42.25,250,60.65,30,77.07,29,,,,,,,,,,,,,,,0,0
2011-03-31,16,505718,76235,0,4300,302,250,3680,2990,2300,0.5,42.25,250,60.65,30,77.07,29,,,,,,,,,,,,,,,0,0
2011-03-31,17,505718,76235,0,4300,302,250,3680,2990,2300,0.5,42.25,250,60.65,30,77.07,29,,,,,,,,,,,,,,,0,0
2011-03-31,18,505718,76235,0,4300,302,250,3680,2990,2300,0.5,42.25,250,60.65,30,77.07,29,,,,,,,,,,,,,,,0,0
2011-03-31,19,505718,76235,0,4300,303,250,3680,2990,2300,0.5,42.25,250,60.65,30,77.07,29,,,,,,,,,,,,,,,0,0
2011-03-31,20,505718,76235,0,4300,304,250,3680,2990,2300,0.5,42.25,250,60.65,30,77.07,29,,,,,,,,,,,,,,,0,0
2011-03-31,21,505718,76235,0,4300,304,250,3680,2990,2300,0.5,42.25,250,60.65,30,77.07,29,,,,,,,,,,,,,,,0,0
2011-03-31,22,505718,76235,0,4300,305,250,3680,2990,2300,0.5,42.25,250,60.65,30,77.07,29,,,,,,,,,,,,,,,0,0
2011-03-31,23,505718,76235,0,4300,306,250,3680,2990,2300,0.5,42.25,250,60.65,30,77.07,29,,,,,,,,,,,,,,,0,0
2011-03-31,24,505718,76235,0,4300,307,250,3680,2990,2300,0.5,42.25,250,60.65,30,77.07,29,,,,,,,,,,,,,,,0,0
2011-03-31,1,505718,79606,17,689.7,102,17,0,0,0,0,60,38,65,38,120,19,500,49.4,,,,,,,,,,,,,82,164
2011-03-31,2,505718,79606,17,689.7,102,17,0,0,0,0,60,38,65,38,120,19,500,49.4,,,,,,,,,,,,,82,164
2011-03-31,3,505718,79606,17,689.7,102,17,0,0,0,0,60,38,65,38,120,19,500,49.4,,,,,,,,,,,,,82,164
2011-03-31,4,505718,79606,17,689.7,102,17,0,0,0,0,60,38,65,38,120,19,500,49.4,,,,,,,,,,,,,82,164
2011-03-31,5,505718,79606,17,689.7,102,17,0,0,0,0,60,38,65,38,120,19,500,49.4,,,,,,,,,,,,,82,164
2011-03-31,6,505718,79606,17,689.7,102,17,0,0,0,0,60,38,65,38,120,19,500,49.4,,,,,,,,,,,,,82,164
2011-03-31,7,505718,79606,17,689.7,102,17,0,0,0,0,60,38,65,38,120,19,500,49.4,,,,,,,,,,,,,82,164
2011-03-31,8,505718,79606,38,689.7,102,38,0,0,0,0,60,38,65,38,120,19,500,49.4,,,,,,,,,,,,,82,164
2011-03-31,9,505718,79606,38,689.7,102,38,0,0,0,0,60,38,65,38,120,19,500,49.4,,,,,,,,,,,,,82,164
2011-03-31,10,505718,79606,17,689.7,102,17,0,0,0,0,60,38,65,38,120,19,500,49.4,,,,,,,,,,,,,82,164
2011-03-31,11,505718,79606,17,689.7,102,17,0,0,0,0,60,38,65,38,120,19,500,49.4,,,,,,,,,,,,,82,164
2011-03-31,12,505718,79606,17,689.7,102,17,0,0,0,0,60,38,65,38,120,19,500,49.4,,,,,,,,,,,,,82,164
2011-03-31,13,505718,79606,17,689.7,102,17,0,0,0,0,60,38,65,38,120,19,500,49.4,,,,,,,,,,,,,82,164
2011-03-31,14,505718,79606,17,689.7,102,17,0,0,0,0,60,38,65,38,120,19,500,49.4,,,,,,,,,,,,,82,164
2011-03-31,15,505718,79606,17,689.7,102,17,0,0,0,0,60,38,65,38,120,19,500,49.4,,,,,,,,,,,,,82,164
2011-03-31,16,505718,79606,17,689.7,102,17,0,0,0,0,60,38,65,38,120,19,500,49.4,,,,,,,,,,,,,82,164
2011-03-31,17,505718,79606,17,689.7,102,17,0,0,0,0,60,38,65,38,120,19,500,49.4,,,,,,,,,,,,,82,164
2011-03-31,18,505718,79606,17,689.7,102,17,0,0,0,0,60,38,65,38,120,19,500,49.4,,,,,,,,,,,,,82,164
2011-03-31,19,505718,79606,76,689.7,102,76,0,0,0,0,60,38,65,38,120,19,500,49.4,,,,,,,,,,,,,82,164
2011-03-31,20,505718,79606,76,689.7,102,76,0,0,0,0,60,38,65,38,120,19,500,49.4,,,,,,,,,,,,,82,164
2011-03-31,21,505718,79606,76,689.7,102,76,0,0,0,0,60,38,65,38,120,19,500,49.4,,,,,,,,,,,,,82,164
2011-03-31,22,505718,79606,17,689.7,102,17,0,0,0,0,60,38,65,38,120,19,500,49.4,,,,,,,,,,,,,82,164
2011-03-31,23,505718,79606,17,689.7,102,17,0,0,0,0,60,38,65,38,120,19,500,49.4,,,,,,,,,,,,,82,164
2011-03-31,24,505718,79606,17,689.7,102,17,0,0,0,0,60,38,65,38,120,19,500,49.4,,,,,,,,,,,,,82,164
2011-03-31,1,505718,82589,1,648,1,1,0,0,0,0,0,132,,,,,,,,,,,,,,,,,,,0,0
2011-03-31,2,505718,82589,0,648,0,0,0,0,0,0,0,132,,,,,,,,,,,,,,,,,,,0,0
2011-03-31,3,505718,82589,0,648,0,0,0,0,0,0,0,132,,,,,,,,,,,,,,,,,,,0,0
2011-03-31,4,505718,82589,0,648,0,0,0,0,0,0,0,132,,,,,,,,,,,,,,,,,,,0,0
2011-03-31,5,505718,82589,0,648,0,0,0,0,0,0,0,132,,,,,,,,,,,,,,,,,,,0,0
2011-03-31,6,505718,82589,0,648,0,0,0,0,0,0,0,132,,,,,,,,,,,,,,,,,,,0,0
2011-03-31,7,505718,82589,0,648,0,0,0,0,0,0,0,132,,,,,,,,,,,,,,,,,,,0,0
2011-03-31,8,505718,82589,0,648,0,0,0,0,0,0,0,132,,,,,,,,,,,,,,,,,,,0,0
2011-03-31,9,505718,82589,1,648,1,1,0,0,0,0,0,132,,,,,,,,,,,,,,,,,,,0,0
2011-03-31,10,505718,82589,0,648,0,0,0,0,0,0,0,132,,,,,,,,,,,,,,,,,,,0,0
2011-03-31,11,505718,82589,0,648,0,0,0,0,0,0,0,132,,,,,,,,,,,,,,,,,,,0,0
2011-03-31,12,505718,82589,0,648,0,0,0,0,0,0,0,132,,,,,,,,,,,,,,,,,,,0,0
2011-03-31,13,505718,82589,0,648,0,0,0,0,0,0,0,132,,,,,,,,,,,,,,,,,,,0,0
2011-03-31,14,505718,82589,2,648,2,2,0,0,0,0,0,132,,,,,,,,,,,,,,,,,,,0,0
2011-03-31,15,505718,82589,4,648,4,4,0,0,0,0,0,132,,,,,,,,,,,,,,,,,,,0,0
2011-03-31,16,505718,82589,4,648,4,4,0,0,0,0,0,132,,,,,,,,,,,,,,,,,,,0,0
2011-03-31,17,505718,82589,4,648,4,4,0,0,0,0,0,132,,,,,,,,,,,,,,,,,,,0,0
2011-03-31,18,505718,82589,5,648,5,5,0,0,0,0,0,132,,,,,,,,,,,,,,,,,,,0,0
2011-03-31,19,505718,82589,6,648,6,6,0,0,0,0,0,132,,,,,,,,,,,,,,,,,,,0,0
2011-03-31,20,505718,82589,8,648,8,8,0,0,0,0,0,132,,,,,,,,,,,,,,,,,,,0,0
2011-03-31,21,505718,82589,12,648,12,12,0,0,0,0,0,132,,,,,,,,,,,,,,,,,,,0,0
2011-03-31,22,505718,82589,14,648,14,14,0,0,0,0,0,132,,,,,,,,,,,,,,,,,,,0,0
2011-03-31,23,505718,82589,14,648,14,14,0,0,0,0,0,132,,,,,,,,,,,,,,,,,,,0,0
2011-03-31,24,505718,82589,14,648,14,14,0,0,0,0,0,132,,,,,,,,,,,,,,,,,,,0,0
2011-03-31,1,505718,86967,4,92.4,5,3.5,0,0,0,0,500,5,,,,,,,,,,,,,,,,,,,5,5
2011-03-31,2,505718,86967,4,92.4,5,3.5,0,0,0,0,500,5,,,,,,,,,,,,,,,,,,,5,5
2011-03-31,3,505718,86967,4,92.4,5,3.5,0,0,0,0,500,5,,,,,,,,,,,,,,,,,,,5,5
2011-03-31,4,505718,86967,4,92.4,5,3.5,0,0,0,0,500,5,,,,,,,,,,,,,,,,,,,5,5
2011-03-31,5,505718,86967,4,92.4,5,3.5,0,0,0,0,500,5,,,,,,,,,,,,,,,,,,,5,5
2011-03-31,6,505718,86967,4,92.4,5,3.5,0,0,0,0,500,5,,,,,,,,,,,,,,,,,,,5,5
2011-03-31,7,505718,86967,4,92.4,5,3.5,0,0,0,0,500,5,,,,,,,,,,,,,,,,,,,5,5
2011-03-31,8,505718,86967,4,92.4,5,3.5,0,0,0,0,500,5,,,,,,,,,,,,,,,,,,,5,5
2011-03-31,9,505718,86967,4,92.4,5,3.5,0,0,0,0,500,5,,,,,,,,,,,,,,,,,,,5,5
2011-03-31,10,505718,86967,4,92.4,5,3.5,0,0,0,0,500,5,,,,,,,,,,,,,,,,,,,5,5
2011-03-31,11,505718,86967,4,92.4,5,3.5,0,0,0,0,500,5,,,,,,,,,,,,,,,,,,,5,5
2011-03-31,12,505718,86967,4,92.4,5,3.5,0,0,0,0,500,5,,,,,,,,,,,,,,,,,,,5,5
2011-03-31,13,505718,86967,4,92.4,5,3.5,0,0,0,0,500,5,,,,,,,,,,,,,,,,,,,5,5
2011-03-31,14,505718,86967,4,92.4,5,3.5,0,0,0,0,500,5,,,,,,,,,,,,,,,,,,,5,5
2011-03-31,15,505718,86967,4,92.4,5,3.5,0,0,0,0,500,5,,,,,,,,,,,,,,,,,,,5,5
2011-03-31,16,505718,86967,4,92.4,5,3.5,0,0,0,0,500,5,,,,,,,,,,,,,,,,,,,5,5
2011-03-31,17,505718,86967,4,92.4,5,3.5,0,0,0,0,500,5,,,,,,,,,,,,,,,,,,,5,5
2011-03-31,18,505718,86967,4,92.4,5,3.5,0,0,0,0,500,5,,,,,,,,,,,,,,,,,,,5,5
2011-03-31,19,505718,86967,4,92.4,5,3.5,0,0,0,0,500,5,,,,,,,,,,,,,,,,,,,5,5
2011-03-31,20,505718,86967,4,92.4,5,3.5,0,0,0,0,500,5,,,,,,,,,,,,,,,,,,,5,5
2011-03-31,21,505718,86967,4,92.4,5,3.5,0,0,0,0,500,5,,,,,,,,,,,,,,,,,,,5,5
2011-03-31,22,505718,86967,4,92.4,5,3.5,0,0,0,0,500,5,,,,,,,,,,,,,,,,,,,5,5
2011-03-31,23,505718,86967,4,92.4,5,3.5,0,0,0,0,500,5,,,,,,,,,,,,,,,,,,,5,5
2011-03-31,24,505718,86967,4,92.4,5,3.5,0,0,0,0,500,5,,,,,,,,,,,,,,,,,,,5,5
2011-03-31,1,505718,88625,15,310.9,19.5,15,0,0,0,0,500,19.5,,,,,,,,,,,,,,,,,,,18.7,18.7
2011-03-31,2,505718,88625,15,310.9,19.5,15,0,0,0,0,500,19.5,,,,,,,,,,,,,,,,,,,18.7,18.7
2011-03-31,3,505718,88625,15,310.9,19.5,15,0,0,0,0,500,19.5,,,,,,,,,,,,,,,,,,,18.7,18.7
2011-03-31,4,505718,88625,15,310.9,19.5,15,0,0,0,0,500,19.5,,,,,,,,,,,,,,,,,,,18.7,18.7
2011-03-31,5,505718,88625,15,310.9,19.5,15,0,0,0,0,500,19.5,,,,,,,,,,,,,,,,,,,18.7,18.7
2011-03-31,6,505718,88625,15,310.9,19.5,15,0,0,0,0,500,19.5,,,,,,,,,,,,,,,,,,,18.7,18.7
2011-03-31,7,505718,88625,15,310.9,19.5,15,0,0,0,0,500,19.5,,,,,,,,,,,,,,,,,,,18.7,18.7
2011-03-31,8,505718,88625,14,310.9,19.5,14,0,0,0,0,500,19.5,,,,,,,,,,,,,,,,,,,18.7,18.7
2011-03-31,9,505718,88625,14,310.9,19.5,14,0,0,0,0,500,19.5,,,,,,,,,,,,,,,,,,,18.7,18.7
2011-03-31,10,505718,88625,10,310.9,19.5,10,0,0,0,0,500,19.5,,,,,,,,,,,,,,,,,,,18.7,18.7
2011-03-31,11,505718,88625,10,310.9,19.5,10,0,0,0,0,500,19.5,,,,,,,,,,,,,,,,,,,18.7,18.7
2011-03-31,12,505718,88625,10,310.9,19.5,10,0,0,0,0,500,19.5,,,,,,,,,,,,,,,,,,,18.7,18.7
2011-03-31,13,505718,88625,9,310.9,19.5,9,0,0,0,0,500,19.5,,,,,,,,,,,,,,,,,,,18.7,18.7
2011-03-31,14,505718,88625,7,310.9,19.5,7,0,0,0,0,500,19.5,,,,,,,,,,,,,,,,,,,18.7,18.7
2011-03-31,15,505718,88625,7,310.9,19.5,7,0,0,0,0,500,19.5,,,,,,,,,,,,,,,,,,,18.7,18.7
2011-03-31,16,505718,88625,7,310.9,19.5,6.5,0,0,0,0,500,19.5,,,,,,,,,,,,,,,,,,,18.7,18.7
2011-03-31,17,505718,88625,5,310.9,19.5,5,0,0,0,0,500,19.5,,,,,,,,,,,,,,,,,,,18.7,18.7
2011-03-31,18,505718,88625,7,310.9,19.5,7,0,0,0,0,500,19.5,,,,,,,,,,,,,,,,,,,18.7,18.7
2011-03-31,19,505718,88625,10,310.9,19.5,10,0,0,0,0,500,19.5,,,,,,,,,,,,,,,,,,,18.7,18.7
2011-03-31,20,505718,88625,11,310.9,19.5,11,0,0,0,0,500,19.5,,,,,,,,,,,,,,,,,,,18.7,18.7
2011-03-31,21,505718,88625,14,310.9,19.5,14,0,0,0,0,500,19.5,,,,,,,,,,,,,,,,,,,18.7,18.7
2011-03-31,22,505718,88625,14,310.9,19.5,14,0,0,0,0,500,19.5,,,,,,,,,,,,,,,,,,,18.7,18.7
2011-03-31,23,505718,88625,14,310.9,19.5,14,0,0,0,0,500,19.5,,,,,,,,,,,,,,,,,,,18.7,18.7
2011-03-31,24,505718,88625,15,310.9,19.5,15,0,0,0,0,500,19.5,,,,,,,,,,,,,,,,,,,18.7,18.7
2011-03-31,1,505718,88818,15,1003.2,44,15,0,0,0,0,60,24,500,24.5,,,,,,,,,,,,,,,,,32.4,48.5
2011-03-31,2,505718,88818,15,1003.2,44,15,0,0,0,0,60,24,500,24.5,,,,,,,,,,,,,,,,,32.4,48.5
2011-03-31,3,505718,88818,15,1003.2,44,15,0,0,0,0,60,24,500,24.5,,,,,,,,,,,,,,,,,32.4,48.5
2011-03-31,4,505718,88818,15,1003.2,44,15,0,0,0,0,60,24,500,24.5,,,,,,,,,,,,,,,,,32.4,48.5
2011-03-31,5,505718,88818,30,1003.2,44,30,0,0,0,0,60,24,500,24.5,,,,,,,,,,,,,,,,,32.4,48.5
2011-03-31,6,505718,88818,30,1003.2,44,30,0,0,0,0,60,24,500,24.5,,,,,,,,,,,,,,,,,32.4,48.5
2011-03-31,7,505718,88818,44,1003.2,44,44,0,0,0,0,60,24,500,24.5,,,,,,,,,,,,,,,,,32.4,48.5
2011-03-31,8,505718,88818,44,1003.2,44,44,0,0,0,0,60,24,500,24.5,,,,,,,,,,,,,,,,,32.4,48.5
2011-03-31,9,505718,88818,44,1003.2,44,44,0,0,0,0,60,24,500,24.5,,,,,,,,,,,,,,,,,32.4,48.5
2011-03-31,10,505718,88818,44,1003.2,44,44,0,0,0,0,60,24,500,24.5,,,,,,,,,,,,,,,,,32.4,48.5
2011-03-31,11,505718,88818,44,1003.2,44,44,0,0,0,0,60,24,500,24.5,,,,,,,,,,,,,,,,,32.4,48.5
2011-03-31,12,505718,88818,44,1003.2,44,44,0,0,0,0,60,24,500,24.5,,,,,,,,,,,,,,,,,32.4,48.5
2011-03-31,13,505718,88818,44,1003.2,44,44,0,0,0,0,60,24,500,24.5,,,,,,,,,,,,,,,,,32.4,48.5
2011-03-31,14,505718,88818,44,1003.2,44,44,0,0,0,0,60,24,500,24.5,,,,,,,,,,,,,,,,,32.4,48.5
2011-03-31,15,505718,88818,44,1003.2,44,44,0,0,0,0,60,24,500,24.5,,,,,,,,,,,,,,,,,32.4,48.5
2011-03-31,16,505718,88818,44,1003.2,44,44,0,0,0,0,60,24,500,24.5,,,,,,,,,,,,,,,,,32.4,48.5
2011-03-31,17,505718,88818,44,1003.2,44,44,0,0,0,0,60,24,500,24.5,,,,,,,,,,,,,,,,,32.4,48.5
2011-03-31,18,505718,88818,44,1003.2,44,44,0,0,0,0,60,24,500,24.5,,,,,,,,,,,,,,,,,32.4,48.5
2011-03-31,19,505718,88818,44,1003.2,44,44,0,0,0,0,60,24,500,24.5,,,,,,,,,,,,,,,,,32.4,48.5
2011-03-31,20,505718,88818,44,1003.2,44,44,0,0,0,0,60,24,500,24.5,,,,,,,,,,,,,,,,,32.4,48.5
2011-03-31,21,505718,88818,44,1003.2,44,44,0,0,0,0,60,24,500,24.5,,,,,,,,,,,,,,,,,32.4,48.5
2011-03-31,22,505718,88818,44,1003.2,44,44,0,0,0,0,60,24,500,24.5,,,,,,,,,,,,,,,,,32.4,48.5
2011-03-31,23,505718,88818,44,1003.2,44,44,0,0,0,0,60,24,500,24.5,,,,,,,,,,,,,,,,,32.4,48.5
2011-03-31,24,505718,88818,44,1003.2,44,44,0,0,0,0,60,24,500,24.5,,,,,,,,,,,,,,,,,32.4,48.5
2011-03-31,1,505718,89472,3,405.9,37,3,0,0,0,0,60,22,500,19.3,,,,,,,,,,,,,,,,,42.9,42.9
2011-03-31,2,505718,89472,3,405.9,37,3,0,0,0,0,60,22,500,19.3,,,,,,,,,,,,,,,,,42.9,42.9
2011-03-31,3,505718,89472,3,405.9,37,3,0,0,0,0,60,22,500,19.3,,,,,,,,,,,,,,,,,42.9,42.9
2011-03-31,4,505718,89472,3,405.9,37,3,0,0,0,0,60,22,500,19.3,,,,,,,,,,,,,,,,,42.9,42.9
2011-03-31,5,505718,89472,3,405.9,37,3,0,0,0,0,60,22,500,19.3,,,,,,,,,,,,,,,,,42.9,42.9
2011-03-31,6,505718,89472,3,405.9,37,3,0,0,0,0,60,22,500,19.3,,,,,,,,,,,,,,,,,42.9,42.9
2011-03-31,7,505718,89472,3,405.9,37,3,0,0,0,0,60,22,500,19.3,,,,,,,,,,,,,,,,,42.9,42.9
2011-03-31,8,505718,89472,36,405.9,37,36,0,0,0,0,60,22,500,19.3,,,,,,,,,,,,,,,,,42.9,42.9
2011-03-31,9,505718,89472,36,405.9,37,36,0,0,0,0,60,22,500,19.3,,,,,,,,,,,,,,,,,42.9,42.9
2011-03-31,10,505718,89472,36,405.9,37,36,0,0,0,0,60,22,500,19.3,,,,,,,,,,,,,,,,,42.9,42.9
2011-03-31,11,505718,89472,36,405.9,37,36,0,0,0,0,60,22,500,19.3,,,,,,,,,,,,,,,,,42.9,42.9
2011-03-31,12,505718,89472,36,405.9,37,36,0,0,0,0,60,22,500,19.3,,,,,,,,,,,,,,,,,42.9,42.9
2011-03-31,13,505718,89472,3,405.9,37,3,0,0,0,0,60,22,500,19.3,,,,,,,,,,,,,,,,,42.9,42.9
2011-03-31,14,505718,89472,3,405.9,37,3,0,0,0,0,60,22,500,19.3,,,,,,,,,,,,,,,,,42.9,42.9
2011-03-31,15,505718,89472,3,405.9,37,3,0,0,0,0,60,22,500,19.3,,,,,,,,,,,,,,,,,42.9,42.9
2011-03-31,16,505718,89472,3,405.9,37,3,0,0,0,0,60,22,500,19.3,,,,,,,,,,,,,,,,,42.9,42.9
2011-03-31,17,505718,89472,3,405.9,37,3,0,0,0,0,60,22,500,19.3,,,,,,,,,,,,,,,,,42.9,42.9
2011-03-31,18,505718,89472,3,405.9,37,3,0,0,0,0,60,22,500,19.3,,,,,,,,,,,,,,,,,42.9,42.9
2011-03-31,19,505718,89472,36,405.9,37,36,0,0,0,0,60,22,500,19.3,,,,,,,,,,,,,,,,,42.9,42.9
2011-03-31,20,505718,89472,36,405.9,37,36,0,0,0,0,60,22,500,19.3,,,,,,,,,,,,,,,,,42.9,42.9
2011-03-31,21,505718,89472,36,405.9,37,36,0,0,0,0,60,22,500,19.3,,,,,,,,,,,,,,,,,42.9,42.9
2011-03-31,22,505718,89472,36,405.9,37,36,0,0,0,0,60,22,500,19.3,,,,,,,,,,,,,,,,,42.9,42.9
2011-03-31,23,505718,89472,3,405.9,37,3,0,0,0,0,60,22,500,19.3,,,,,,,,,,,,,,,,,42.9,42.9
2011-03-31,24,505718,89472,3,405.9,37,3,0,0,0,0,60,22,500,19.3,,,,,,,,,,,,,,,,,42.9,42.9
2011-03-31,1,505718,93720,0,580.8,36,8,0,0,0,0,100,13,115,9,500,17,,,,,,,,,,,,,,,30,40.5
2011-03-31,2,505718,93720,0,580.8,36,8,0,0,0,0,100,13,115,9,500,17,,,,,,,,,,,,,,,30,40.5
2011-03-31,3,505718,93720,0,580.8,36,8,0,0,0,0,100,13,115,9,500,17,,,,,,,,,,,,,,,30,40.5
2011-03-31,4,505718,93720,0,580.8,36,8,0,0,0,0,100,13,115,9,500,17,,,,,,,,,,,,,,,30,40.5
2011-03-31,5,505718,93720,0,580.8,36,8,0,0,0,0,100,13,115,9,500,17,,,,,,,,,,,,,,,30,40.5
2011-03-31,6,505718,93720,0,580.8,36,8,0,0,0,0,100,13,115,9,500,17,,,,,,,,,,,,,,,30,40.5
2011-03-31,7,505718,93720,0,580.8,36,8,0,0,0,0,100,13,115,9,500,17,,,,,,,,,,,,,,,30,40.5
2011-03-31,8,505718,93720,0,580.8,36,8,0,0,0,0,100,13,115,9,500,17,,,,,,,,,,,,,,,30,40.5
2011-03-31,9,505718,93720,33,580.8,36,33,0,0,0,0,100,13,115,9,500,17,,,,,,,,,,,,,,,30,40.5
2011-03-31,10,505718,93720,33,580.8,36,33,0,0,0,0,100,13,115,9,500,17,,,,,,,,,,,,,,,30,40.5
2011-03-31,11,505718,93720,33,580.8,36,33,0,0,0,0,100,13,115,9,500,17,,,,,,,,,,,,,,,30,40.5
2011-03-31,12,505718,93720,33,580.8,36,33,0,0,0,0,100,13,115,9,500,17,,,,,,,,,,,,,,,30,40.5
2011-03-31,13,505718,93720,33,580.8,36,33,0,0,0,0,100,13,115,9,500,17,,,,,,,,,,,,,,,30,40.5
2011-03-31,14,505718,93720,33,580.8,36,33,0,0,0,0,100,13,115,9,500,17,,,,,,,,,,,,,,,30,40.5
2011-03-31,15,505718,93720,33,580.8,36,33,0,0,0,0,100,13,115,9,500,17,,,,,,,,,,,,,,,30,40.5
2011-03-31,16,505718,93720,33,580.8,36,33,0,0,0,0,100,13,115,9,500,17,,,,,,,,,,,,,,,30,40.5
2011-03-31,17,505718,93720,33,580.8,36,33,0,0,0,0,100,13,115,9,500,17,,,,,,,,,,,,,,,30,40.5
2011-03-31,18,505718,93720,33,580.8,36,33,0,0,0,0,100,13,115,9,500,17,,,,,,,,,,,,,,,30,40.5
2011-03-31,19,505718,93720,33,580.8,36,33,0,0,0,0,100,13,115,9,500,17,,,,,,,,,,,,,,,30,40.5
2011-03-31,20,505718,93720,33,580.8,36,33,0,0,0,0,100,13,115,9,500,17,,,,,,,,,,,,,,,30,40.5
2011-03-31,21,505718,93720,33,580.8,36,33,0,0,0,0,100,13,115,9,500,17,,,,,,,,,,,,,,,30,40.5
2011-03-31,22,505718,93720,33,580.8,36,33,0,0,0,0,100,13,115,9,500,17,,,,,,,,,,,,,,,30,40.5
2011-03-31,23,505718,93720,33,580.8,36,33,0,0,0,0,100,13,115,9,500,17,,,,,,,,,,,,,,,30,40.5
2011-03-31,24,505718,93720,33,580.8,36,33,0,0,0,0,100,13,115,9,500,17,,,,,,,,,,,,,,,30,40.5
2011-03-31,1,513808,35782,6,,6,6,0,0,0,0,0,8.8,,,,,,,,,,,,,,,,,,,9.1,0
2011-03-31,2,513808,35782,6,,6,6,0,0,0,0,0,8.8,,,,,,,,,,,,,,,,,,,9.1,0
2011-03-31,3,513808,35782,6,,6,6,0,0,0,0,0,8.8,,,,,,,,,,,,,,,,,,,9.1,0
2011-03-31,4,513808,35782,6,,6,6,0,0,0,0,0,8.8,,,,,,,,,,,,,,,,,,,9.1,0
2011-03-31,5,513808,35782,6,,6,6,0,0,0,0,0,8.8,,,,,,,,,,,,,,,,,,,9.1,0
2011-03-31,6,513808,35782,6,,6,6,0,0,0,0,0,8.8,,,,,,,,,,,,,,,,,,,9.1,0
2011-03-31,7,513808,35782,6,,6,6,0,0,0,0,0,8.8,,,,,,,,,,,,,,,,,,,9.1,0
2011-03-31,8,513808,35782,6,,6,6,0,0,0,0,0,8.8,,,,,,,,,,,,,,,,,,,9.1,0
2011-03-31,9,513808,35782,6,,6,6,0,0,0,0,0,8.8,,,,,,,,,,,,,,,,,,,9.1,0
2011-03-31,10,513808,35782,6,,6,6,0,0,0,0,0,8.8,,,,,,,,,,,,,,,,,,,9.1,0
2011-03-31,11,513808,35782,6,,6,6,0,0,0,0,0,8.8,,,,,,,,,,,,,,,,,,,9.1,0
2011-03-31,12,513808,35782,6,,6,6,0,0,0,0,0,8.8,,,,,,,,,,,,,,,,,,,9.1,0
2011-03-31,13,513808,35782,6,,6,6,0,0,0,0,0,8.8,,,,,,,,,,,,,,,,,,,9.1,0
2011-03-31,14,513808,35782,6,,6,6,0,0,0,0,0,8.8,,,,,,,,,,,,,,,,,,,9.1,0
2011-03-31,15,513808,35782,6,,6,6,0,0,0,0,0,8.8,,,,,,,,,,,,,,,,,,,9.1,0
2011-03-31,16,513808,35782,6,,6,6,0,0,0,0,0,8.8,,,,,,,,,,,,,,,,,,,9.1,0
2011-03-31,17,513808,35782,6,,6,6,0,0,0,0,0,8.8,,,,,,,,,,,,,,,,,,,9.1,0
2011-03-31,18,513808,35782,6,,6,6,0,0,0,0,0,8.8,,,,,,,,,,,,,,,,,,,9.1,0
2011-03-31,19,513808,35782,6,,6,6,0,0,0,0,0,8.8,,,,,,,,,,,,,,,,,,,9.1,0
2011-03-31,20,513808,35782,6,,6,6,0,0,0,0,0,8.8,,,,,,,,,,,,,,,,,,,9.1,0
2011-03-31,21,513808,35782,6,,6,6,0,0,0,0,0,8.8,,,,,,,,,,,,,,,,,,,9.1,0
2011-03-31,22,513808,35782,6,,6,6,0,0,0,0,0,8.8,,,,,,,,,,,,,,,,,,,9.1,0
2011-03-31,23,513808,35782,6,,6,6,0,0,0,0,0,8.8,,,,,,,,,,,,,,,,,,,9.1,0
2011-03-31,24,513808,35782,6,,6,6,0,0,0,0,0,8.8,,,,,,,,,,,,,,,,,,,9.1,0
2011-03-31,1,513808,47961,5,,5,5,0,0,0,0,0,6.3,,,,,,,,,,,,,,,,,,,0,0
2011-03-31,2,513808,47961,5,,5,5,0,0,0,0,0,6.3,,,,,,,,,,,,,,,,,,,0,0
2011-03-31,3,513808,47961,5,,5,5,0,0,0,0,0,6.3,,,,,,,,,,,,,,,,,,,0,0
2011-03-31,4,513808,47961,5,,5,5,0,0,0,0,0,6.3,,,,,,,,,,,,,,,,,,,0,0
2011-03-31,5,513808,47961,5,,5,5,0,0,0,0,0,6.3,,,,,,,,,,,,,,,,,,,0,0
2011-03-31,6,513808,47961,5,,5,5,0,0,0,0,0,6.3,,,,,,,,,,,,,,,,,,,0,0
2011-03-31,7,513808,47961,5,,5,5,0,0,0,0,0,6.3,,,,,,,,,,,,,,,,,,,0,0
2011-03-31,8,513808,47961,5,,5,5,0,0,0,0,0,6.3,,,,,,,,,,,,,,,,,,,0,0
2011-03-31,9,513808,47961,5,,5,5,0,0,0,0,0,6.3,,,,,,,,,,,,,,,,,,,0,0
2011-03-31,10,513808,47961,5,,5,5,0,0,0,0,0,6.3,,,,,,,,,,,,,,,,,,,0,0
2011-03-31,11,513808,47961,5,,5,5,0,0,0,0,0,6.3,,,,,,,,,,,,,,,,,,,0,0
2011-03-31,12,513808,47961,4,,4,4,0,0,0,0,0,6.3,,,,,,,,,,,,,,,,,,,0,0
2011-03-31,13,513808,47961,4,,4,4,0,0,0,0,0,6.3,,,,,,,,,,,,,,,,,,,0,0
2011-03-31,14,513808,47961,4,,4,4,0,0,0,0,0,6.3,,,,,,,,,,,,,,,,,,,0,0
2011-03-31,15,513808,47961,4,,4,4,0,0,0,0,0,6.3,,,,,,,,,,,,,,,,,,,0,0
2011-03-31,16,513808,47961,5,,5,5,0,0,0,0,0,6.3,,,,,,,,,,,,,,,,,,,0,0
2011-03-31,17,513808,47961,5,,5,5,0,0,0,0,0,6.3,,,,,,,,,,,,,,,,,,,0,0
2011-03-31,18,513808,47961,5,,5,5,0,0,0,0,0,6.3,,,,,,,,,,,,,,,,,,,0,0
2011-03-31,19,513808,47961,5,,5,5,0,0,0,0,0,6.3,,,,,,,,,,,,,,,,,,,0,0
2011-03-31,20,513808,47961,5,,5,5,0,0,0,0,0,6.3,,,,,,,,,,,,,,,,,,,0,0
2011-03-31,21,513808,47961,5,,5,5,0,0,0,0,0,6.3,,,,,,,,,,,,,,,,,,,0,0
2011-03-31,22,513808,47961,5,,5,5,0,0,0,0,0,6.3,,,,,,,,,,,,,,,,,,,0,0
2011-03-31,23,513808,47961,5,,5,5,0,0,0,0,0,6.3,,,,,,,,,,,,,,,,,,,0,0
2011-03-31,24,513808,47961,5,,5,5,0,0,0,0,0,6.3,,,,,,,,,,,,,,,,,,,0,0
2011-03-31,1,514483,16568,0,,561,170,131993.05,101952.54,101952.54,13045.65,185.48,60,193.93,110,203.37,80,209.83,50,214.8,50,218.53,25,223.5,75,229.71,50,235.08,58,250,3,0,0
2011-03-31,2,514483,16568,0,,561,170,131993.05,101952.54,101952.54,13045.65,185.48,60,193.93,110,203.37,80,209.83,50,214.8,50,218.53,25,223.5,75,229.71,50,235.08,58,250,3,0,0
2011-03-31,3,514483,16568,0,,561,170,131993.05,101952.54,101952.54,13045.65,185.48,60,193.93,110,203.37,80,209.83,50,214.8,50,218.53,25,223.5,75,229.71,50,235.08,58,250,3,0,0
2011-03-31,4,514483,16568,0,,561,170,131993.05,101952.54,101952.54,13045.65,185.48,60,193.93,110,203.37,80,209.83,50,214.8,50,218.53,25,223.5,75,229.71,50,235.08,58,250,3,0,0
2011-03-31,5,514483,16568,0,,561,170,131993.05,101952.54,101952.54,13045.65,185.48,60,193.93,110,203.37,80,209.83,50,214.8,50,218.53,25,223.5,75,229.71,50,235.08,58,250,3,0,0
2011-03-31,6,514483,16568,0,,561,170,131993.05,101952.54,101952.54,13045.65,185.48,60,193.93,110,203.37,80,209.83,50,214.8,50,218.53,25,223.5,75,229.71,50,235.08,58,250,3,0,0
2011-03-31,7,514483,16568,0,,561,170,131993.05,101952.54,101952.54,13045.65,185.48,60,193.93,110,203.37,80,209.83,50,214.8,50,218.53,25,223.5,75,229.71,50,235.08,58,250,3,0,0
2011-03-31,8,514483,16568,0,,561,170,131993.05,101952.54,101952.54,13045.65,185.48,60,193.93,110,203.37,80,209.83,50,214.8,50,218.53,25,223.5,75,229.71,50,235.08,58,250,3,0,0
2011-03-31,9,514483,16568,0,,561,170,131993.05,101952.54,101952.54,13045.65,185.48,60,193.93,110,203.37,80,209.83,50,214.8,50,218.53,25,223.5,75,229.71,50,235.08,58,250,3,0,0
2011-03-31,10,514483,16568,0,,561,170,131993.05,101952.54,101952.54,13045.65,185.48,60,193.93,110,203.37,80,209.83,50,214.8,50,218.53,25,223.5,75,229.71,50,235.08,58,250,3,0,0
2011-03-31,11,514483,16568,0,,561,170,131993.05,101952.54,101952.54,13045.65,185.48,60,193.93,110,203.37,80,209.83,50,214.8,50,218.53,25,223.5,75,229.71,50,235.08,58,250,3,0,0
2011-03-31,12,514483,16568,0,,561,170,131993.05,101952.54,101952.54,13045.65,185.48,60,193.93,110,203.37,80,209.83,50,214.8,50,218.53,25,223.5,75,229.71,50,235.08,58,250,3,0,0
2011-03-31,13,514483,16568,0,,561,170,131993.05,101952.54,101952.54,13045.65,185.48,60,193.93,110,203.37,80,209.83,50,214.8,50,218.53,25,223.5,75,229.71,50,235.08,58,250,3,0,0
2011-03-31,14,514483,16568,0,,561,170,131993.05,101952.54,101952.54,13045.65,185.48,60,193.93,110,203.37,80,209.83,50,214.8,50,218.53,25,223.5,75,229.71,50,235.08,58,250,3,0,0
2011-03-31,15,514483,16568,0,,561,170,131993.05,101952.54,101952.54,13045.65,185.48,60,193.93,110,203.37,80,209.83,50,214.8,50,218.53,25,223.5,75,229.71,50,235.08,58,250,3,0,0
2011-03-31,16,514483,16568,0,,561,170,131993.05,101952.54,101952.54,13045.65,185.48,60,193.93,110,203.37,80,209.83,50,214.8,50,218.53,25,223.5,75,229.71,50,235.08,58,250,3,0,0
2011-03-31,17,514483,16568,0,,561,170,131993.05,101952.54,101952.54,13045.65,185.48,60,193.93,110,203.37,80,209.83,50,214.8,50,218.53,25,223.5,75,229.71,50,235.08,58,250,3,0,0
2011-03-31,18,514483,16568,0,,561,170,131993.05,101952.54,101952.54,13045.65,185.48,60,193.93,110,203.37,80,209.83,50,214.8,50,218.53,25,223.5,75,229.71,50,235.08,58,250,3,0,0
2011-03-31,19,514483,16568,0,,561,170,131993.05,101952.54,101952.54,13045.65,185.48,60,193.93,110,203.37,80,209.83,50,214.8,50,218.53,25,223.5,75,229.71,50,235.08,58,250,3,0,0
2011-03-31,20,514483,16568,0,,561,170,131993.05,101952.54,101952.54,13045.65,185.48,60,193.93,110,203.37,80,209.83,50,214.8,50,218.53,25,223.5,75,229.71,50,235.08,58,250,3,0,0
2011-03-31,21,514483,16568,0,,561,170,131993.05,101952.54,101952.54,13045.65,185.48,60,193.93,110,203.37,80,209.83,50,214.8,50,218.53,25,223.5,75,229.71,50,235.08,58,250,3,0,0
2011-03-31,22,514483,16568,0,,561,170,131993.05,101952.54,101952.54,13045.65,185.48,60,193.93,110,203.37,80,209.83,50,214.8,50,218.53,25,223.5,75,229.71,50,235.08,58,250,3,0,0
2011-03-31,23,514483,16568,0,,561,170,131993.05,101952.54,101952.54,13045.65,185.48,60,193.93,110,203.37,80,209.83,50,214.8,50,218.53,25,223.5,75,229.71,50,235.08,58,250,3,0,0
2011-03-31,24,514483,16568,0,,561,170,131993.05,101952.54,101952.54,13045.65,185.48,60,193.93,110,203.37,80,209.83,50,214.8,50,218.53,25,223.5,75,229.71,50,235.08,58,250,3,0,0
2011-03-31,1,514483,22012,8,,20.7,8,0,0,0,200,103.2,20.7,,,,,,,,,,,,,,,,,,,0,0
2011-03-31,2,514483,22012,8,,20.7,8,0,0,0,200,103.2,20.7,,,,,,,,,,,,,,,,,,,0,0
2011-03-31,3,514483,22012,8,,20.7,8,0,0,0,200,103.2,20.7,,,,,,,,,,,,,,,,,,,0,0
2011-03-31,4,514483,22012,8,,20.7,8,0,0,0,200,103.2,20.7,,,,,,,,,,,,,,,,,,,0,0
2011-03-31,5,514483,22012,8,,20.7,8,0,0,0,200,103.2,20.7,,,,,,,,,,,,,,,,,,,0,0
2011-03-31,6,514483,22012,8,,20.7,8,0,0,0,200,103.2,20.7,,,,,,,,,,,,,,,,,,,0,0
2011-03-31,7,514483,22012,8,,20.7,8,0,0,0,200,103.2,20.7,,,,,,,,,,,,,,,,,,,0,0
2011-03-31,8,514483,22012,8,,20.7,8,0,0,0,200,103.2,20.7,,,,,,,,,,,,,,,,,,,0,0
2011-03-31,9,514483,22012,8,,20.7,8,0,0,0,200,103.2,20.7,,,,,,,,,,,,,,,,,,,0,0
2011-03-31,10,514483,22012,8,,20.7,8,0,0,0,200,103.2,20.7,,,,,,,,,,,,,,,,,,,0,0
2011-03-31,11,514483,22012,8,,20.7,8,0,0,0,200,103.2,20.7,,,,,,,,,,,,,,,,,,,0,0
2011-03-31,12,514483,22012,8,,20.7,8,0,0,0,200,103.2,20.7,,,,,,,,,,,,,,,,,,,0,0
2011-03-31,13,514483,22012,8,,20.7,8,0,0,0,200,103.2,20.7,,,,,,,,,,,,,,,,,,,0,0
2011-03-31,14,514483,22012,8,,20.7,8,0,0,0,200,103.2,20.7,,,,,,,,,,,,,,,,,,,0,0
2011-03-31,15,514483,22012,8,,20.7,8,0,0,0,200,103.2,20.7,,,,,,,,,,,,,,,,,,,0,0
2011-03-31,16,514483,22012,8,,20.7,8,0,0,0,200,103.2,20.7,,,,,,,,,,,,,,,,,,,0,0
2011-03-31,17,514483,22012,8,,20.7,8,0,0,0,200,103.2,20.7,,,,,,,,,,,,,,,,,,,0,0
2011-03-31,18,514483,22012,8,,20.7,8,0,0,0,200,103.2,20.7,,,,,,,,,,,,,,,,,,,0,0
2011-03-31,19,514483,22012,8,,20.7,8,0,0,0,200,103.2,20.7,,,,,,,,,,,,,,,,,,,0,0
2011-03-31,20,514483,22012,8,,20.7,8,0,0,0,200,103.2,20.7,,,,,,,,,,,,,,,,,,,0,0
2011-03-31,21,514483,22012,8,,20.7,8,0,0,0,200,103.2,20.7,,,,,,,,,,,,,,,,,,,0,0
2011-03-31,22,514483,22012,8,,20.7,8,0,0,0,200,103.2,20.7,,,,,,,,,,,,,,,,,,,0,0
2011-03-31,23,514483,22012,8,,20.7,8,0,0,0,200,103.2,20.7,,,,,,,,,,,,,,,,,,,0,0
2011-03-31,24,514483,22012,8,,20.7,8,0,0,0,200,103.2,20.7,,,,,,,,,,,,,,,,,,,0,0
2011-03-31,1,514483,51089,8,,17.7,8,0,0,0,200,92.88,17.7,,,,,,,,,,,,,,,,,,,0,0
2011-03-31,2,514483,51089,8,,17.7,8,0,0,0,200,92.88,17.7,,,,,,,,,,,,,,,,,,,0,0
2011-03-31,3,514483,51089,8,,17.7,8,0,0,0,200,92.88,17.7,,,,,,,,,,,,,,,,,,,0,0
2011-03-31,4,514483,51089,8,,17.7,8,0,0,0,200,92.88,17.7,,,,,,,,,,,,,,,,,,,0,0
2011-03-31,5,514483,51089,8,,17.7,8,0,0,0,200,92.88,17.7,,,,,,,,,,,,,,,,,,,0,0
2011-03-31,6,514483,51089,8,,17.7,8,0,0,0,200,92.88,17.7,,,,,,,,,,,,,,,,,,,0,0
2011-03-31,7,514483,51089,8,,17.7,8,0,0,0,200,92.88,17.7,,,,,,,,,,,,,,,,,,,0,0
2011-03-31,8,514483,51089,8,,17.7,8,0,0,0,200,92.88,17.7,,,,,,,,,,,,,,,,,,,0,0
2011-03-31,9,514483,51089,8,,17.7,8,0,0,0,200,92.88,17.7,,,,,,,,,,,,,,,,,,,0,0
2011-03-31,10,514483,51089,8,,17.7,8,0,0,0,200,92.88,17.7,,,,,,,,,,,,,,,,,,,0,0
2011-03-31,11,514483,51089,8,,17.7,8,0,0,0,200,92.88,17.7,,,,,,,,,,,,,,,,,,,0,0
2011-03-31,12,514483,51089,8,,17.7,8,0,0,0,200,92.88,17.7,,,,,,,,,,,,,,,,,,,0,0
2011-03-31,13,514483,51089,8,,17.7,8,0,0,0,200,92.88,17.7,,,,,,,,,,,,,,,,,,,0,0
2011-03-31,14,514483,51089,8,,17.7,8,0,0,0,200,92.88,17.7,,,,,,,,,,,,,,,,,,,0,0
2011-03-31,15,514483,51089,8,,17.7,8,0,0,0,200,92.88,17.7,,,,,,,,,,,,,,,,,,,0,0
2011-03-31,16,514483,51089,8,,17.7,8,0,0,0,200,92.88,17.7,,,,,,,,,,,,,,,,,,,0,0
2011-03-31,17,514483,51089,8,,17.7,8,0,0,0,200,92.88,17.7,,,,,,,,,,,,,,,,,,,0,0
2011-03-31,18,514483,51089,8,,17.7,8,0,0,0,200,92.88,17.7,,,,,,,,,,,,,,,,,,,0,0
2011-03-31,19,514483,51089,8,,17.7,8,0,0,0,200,92.88,17.7,,,,,,,,,,,,,,,,,,,0,0
2011-03-31,20,514483,51089,8,,17.7,8,0,0,0,200,92.88,17.7,,,,,,,,,,,,,,,,,,,0,0
2011-03-31,21,514483,51089,8,,17.7,8,0,0,0,200,92.88,17.7,,,,,,,,,,,,,,,,,,,0,0
2011-03-31,22,514483,51089,8,,17.7,8,0,0,0,200,92.88,17.7,,,,,,,,,,,,,,,,,,,0,0
2011-03-31,23,514483,51089,8,,17.7,8,0,0,0,200,92.88,17.7,,,,,,,,,,,,,,,,,,,0,0
2011-03-31,24,514483,51089,8,,17.7,8,0,0,0,200,92.88,17.7,,,,,,,,,,,,,,,,,,,0,0
2011-03-31,1,514483,61877,0,,5.5,2,268,268,268,305.6,313.82,5.5,,,,,,,,,,,,,,,,,,,5.5,5.5
2011-03-31,2,514483,61877,0,,5.5,2,268,268,268,305.6,313.82,5.5,,,,,,,,,,,,,,,,,,,5.5,5.5
2011-03-31,3,514483,61877,0,,5.5,2,268,268,268,305.6,313.82,5.5,,,,,,,,,,,,,,,,,,,5.5,5.5
2011-03-31,4,514483,61877,0,,5.5,2,268,268,268,305.6,313.82,5.5,,,,,,,,,,,,,,,,,,,5.5,5.5
2011-03-31,5,514483,61877,0,,5.5,2,268,268,268,305.6,313.82,5.5,,,,,,,,,,,,,,,,,,,5.5,5.5
2011-03-31,6,514483,61877,0,,5.5,2,268,268,268,305.6,313.82,5.5,,,,,,,,,,,,,,,,,,,5.5,5.5
2011-03-31,7,514483,61877,0,,5.5,2,268,268,268,305.6,313.82,5.5,,,,,,,,,,,,,,,,,,,5.5,5.5
2011-03-31,8,514483,61877,0,,5.5,2,268,268,268,305.6,313.82,5.5,,,,,,,,,,,,,,,,,,,5.5,5.5
2011-03-31,9,514483,61877,0,,5.5,2,268,268,268,305.6,313.82,5.5,,,,,,,,,,,,,,,,,,,5.5,5.5
2011-03-31,10,514483,61877,0,,5.5,2,268,268,268,305.6,313.82,5.5,,,,,,,,,,,,,,,,,,,5.5,5.5
2011-03-31,11,514483,61877,0,,5.5,2,268,268,268,305.6,313.82,5.5,,,,,,,,,,,,,,,,,,,5.5,5.5
2011-03-31,12,514483,61877,0,,5.5,2,268,268,268,305.6,313.82,5.5,,,,,,,,,,,,,,,,,,,5.5,5.5
2011-03-31,13,514483,61877,0,,5.5,2,268,268,268,305.6,313.82,5.5,,,,,,,,,,,,,,,,,,,5.5,5.5
2011-03-31,14,514483,61877,0,,5.5,2,268,268,268,305.6,313.82,5.5,,,,,,,,,,,,,,,,,,,5.5,5.5
2011-03-31,15,514483,61877,0,,5.5,2,268,268,268,305.6,313.82,5.5,,,,,,,,,,,,,,,,,,,5.5,5.5
2011-03-31,16,514483,61877,0,,5.5,2,268,268,268,305.6,313.82,5.5,,,,,,,,,,,,,,,,,,,5.5,5.5
2011-03-31,17,514483,61877,0,,5.5,2,268,268,268,305.6,313.82,5.5,,,,,,,,,,,,,,,,,,,5.5,5.5
2011-03-31,18,514483,61877,0,,5.5,2,268,268,268,305.6,313.82,5.5,,,,,,,,,,,,,,,,,,,5.5,5.5
2011-03-31,19,514483,61877,0,,5.5,2,268,268,268,305.6,313.82,5.5,,,,,,,,,,,,,,,,,,,5.5,5.5
2011-03-31,20,514483,61877,0,,5.5,2,268,268,268,305.6,313.82,5.5,,,,,,,,,,,,,,,,,,,5.5,5.5
2011-03-31,21,514483,61877,0,,5.5,2,268,268,268,305.6,313.82,5.5,,,,,,,,,,,,,,,,,,,5.5,5.5
2011-03-31,22,514483,61877,0,,5.5,2,268,268,268,305.6,313.82,5.5,,,,,,,,,,,,,,,,,,,5.5,5.5
2011-03-31,23,514483,61877,0,,5.5,2,268,268,268,305.6,313.82,5.5,,,,,,,,,,,,,,,,,,,5.5,5.5
2011-03-31,24,514483,61877,0,,5.5,2,268,268,268,305.6,313.82,5.5,,,,,,,,,,,,,,,,,,,5.5,5.5
2011-03-31,1,514483,65939,0,,564.8,200,233009.95,200832.17,200832.17,10889.3,150.79,200,173.86,50,177.08,50,180.3,50,183.53,50,186.75,50,189.98,50,192.88,40,194.87,21.8,250,3,0,0
2011-03-31,2,514483,65939,0,,564.8,200,233009.95,200832.17,200832.17,10889.3,150.79,200,173.86,50,177.08,50,180.3,50,183.53,50,186.75,50,189.98,50,192.88,40,194.87,21.8,250,3,0,0
2011-03-31,3,514483,65939,0,,564.8,200,233009.95,200832.17,200832.17,10889.3,150.79,200,173.86,50,177.08,50,180.3,50,183.53,50,186.75,50,189.98,50,192.88,40,194.87,21.8,250,3,0,0
2011-03-31,4,514483,65939,0,,564.8,200,233009.95,200832.17,200832.17,10889.3,150.79,200,173.86,50,177.08,50,180.3,50,183.53,50,186.75,50,189.98,50,192.88,40,194.87,21.8,250,3,0,0
2011-03-31,5,514483,65939,0,,564.8,200,233009.95,200832.17,200832.17,10889.3,150.79,200,173.86,50,177.08,50,180.3,50,183.53,50,186.75,50,189.98,50,192.88,40,194.87,21.8,250,3,0,0
2011-03-31,6,514483,65939,0,,564.8,200,233009.95,200832.17,200832.17,10889.3,150.79,200,173.86,50,177.08,50,180.3,50,183.53,50,186.75,50,189.98,50,192.88,40,194.87,21.8,250,3,0,0
2011-03-31,7,514483,65939,0,,564.8,200,233009.95,200832.17,200832.17,10889.3,150.79,200,173.86,50,177.08,50,180.3,50,183.53,50,186.75,50,189.98,50,192.88,40,194.87,21.8,250,3,0,0
2011-03-31,8,514483,65939,0,,564.8,200,233009.95,200832.17,200832.17,10889.3,150.79,200,173.86,50,177.08,50,180.3,50,183.53,50,186.75,50,189.98,50,192.88,40,194.87,21.8,250,3,0,0
2011-03-31,9,514483,65939,0,,564.8,200,233009.95,200832.17,200832.17,10889.3,150.79,200,173.86,50,177.08,50,180.3,50,183.53,50,186.75,50,189.98,50,192.88,40,194.87,21.8,250,3,0,0
2011-03-31,10,514483,65939,0,,564.8,200,233009.95,200832.17,200832.17,10889.3,150.79,200,173.86,50,177.08,50,180.3,50,183.53,50,186.75,50,189.98,50,192.88,40,194.87,21.8,250,3,0,0
2011-03-31,11,514483,65939,0,,564.8,200,233009.95,200832.17,200832.17,10889.3,150.79,200,173.86,50,177.08,50,180.3,50,183.53,50,186.75,50,189.98,50,192.88,40,194.87,21.8,250,3,0,0
2011-03-31,12,514483,65939,0,,564.8,200,233009.95,200832.17,200832.17,10889.3,150.79,200,173.86,50,177.08,50,180.3,50,183.53,50,186.75,50,189.98,50,192.88,40,194.87,21.8,250,3,0,0
2011-03-31,13,514483,65939,0,,564.8,200,233009.95,200832.17,200832.17,10889.3,150.79,200,173.86,50,177.08,50,180.3,50,183.53,50,186.75,50,189.98,50,192.88,40,194.87,21.8,250,3,0,0
2011-03-31,14,514483,65939,0,,564.8,200,233009.95,200832.17,200832.17,10889.3,150.79,200,173.86,50,177.08,50,180.3,50,183.53,50,186.75,50,189.98,50,192.88,40,194.87,21.8,250,3,0,0
2011-03-31,15,514483,65939,0,,564.8,200,233009.95,200832.17,200832.17,10889.3,150.79,200,173.86,50,177.08,50,180.3,50,183.53,50,186.75,50,189.98,50,192.88,40,194.87,21.8,250,3,0,0
2011-03-31,16,514483,65939,0,,564.8,200,233009.95,200832.17,200832.17,10889.3,150.79,200,173.86,50,177.08,50,180.3,50,183.53,50,186.75,50,189.98,50,192.88,40,194.87,21.8,250,3,0,0
2011-03-31,17,514483,65939,0,,564.8,200,233009.95,200832.17,200832.17,10889.3,150.79,200,173.86,50,177.08,50,180.3,50,183.53,50,186.75,50,189.98,50,192.88,40,194.87,21.8,250,3,0,0
2011-03-31,18,514483,65939,0,,564.8,200,233009.95,200832.17,200832.17,10889.3,150.79,200,173.86,50,177.08,50,180.3,50,183.53,50,186.75,50,189.98,50,192.88,40,194.87,21.8,250,3,0,0
2011-03-31,19,514483,65939,0,,564.8,200,233009.95,200832.17,200832.17,10889.3,150.79,200,173.86,50,177.08,50,180.3,50,183.53,50,186.75,50,189.98,50,192.88,40,194.87,21.8,250,3,0,0
2011-03-31,20,514483,65939,0,,564.8,200,233009.95,200832.17,200832.17,10889.3,150.79,200,173.86,50,177.08,50,180.3,50,183.53,50,186.75,50,189.98,50,192.88,40,194.87,21.8,250,3,0,0
2011-03-31,21,514483,65939,0,,564.8,200,233009.95,200832.17,200832.17,10889.3,150.79,200,173.86,50,177.08,50,180.3,50,183.53,50,186.75,50,189.98,50,192.88,40,194.87,21.8,250,3,0,0
2011-03-31,22,514483,65939,0,,564.8,200,233009.95,200832.17,200832.17,10889.3,150.79,200,173.86,50,177.08,50,180.3,50,183.53,50,186.75,50,189.98,50,192.88,40,194.87,21.8,250,3,0,0
2011-03-31,23,514483,65939,0,,564.8,200,233009.95,200832.17,200832.17,10889.3,150.79,200,173.86,50,177.08,50,180.3,50,183.53,50,186.75,50,189.98,50,192.88,40,194.87,21.8,250,3,0,0
2011-03-31,24,514483,65939,0,,564.8,200,233009.95,200832.17,200832.17,10889.3,150.79,200,173.86,50,177.08,50,180.3,50,183.53,50,186.75,50,189.98,50,192.88,40,194.87,21.8,250,3,0,0
2011-03-31,1,514483,73836,0,,23,16,0,0,0,0,369.04,23,,,,,,,,,,,,,,,,,,,20,20
2011-03-31,2,514483,73836,0,,23,16,0,0,0,0,369.04,23,,,,,,,,,,,,,,,,,,,20,20
2011-03-31,3,514483,73836,0,,23,16,0,0,0,0,369.04,23,,,,,,,,,,,,,,,,,,,20,20
2011-03-31,4,514483,73836,0,,23,16,0,0,0,0,369.04,23,,,,,,,,,,,,,,,,,,,20,20
2011-03-31,5,514483,73836,0,,23,16,0,0,0,0,369.04,23,,,,,,,,,,,,,,,,,,,20,20
2011-03-31,6,514483,73836,0,,23,16,0,0,0,0,369.04,23,,,,,,,,,,,,,,,,,,,20,20
2011-03-31,7,514483,73836,0,,23,16,0,0,0,0,369.04,23,,,,,,,,,,,,,,,,,,,20,20
2011-03-31,8,514483,73836,0,,23,16,0,0,0,0,369.04,23,,,,,,,,,,,,,,,,,,,20,20
2011-03-31,9,514483,73836,0,,23,16,0,0,0,0,369.04,23,,,,,,,,,,,,,,,,,,,20,20
2011-03-31,10,514483,73836,0,,23,16,0,0,0,0,369.04,23,,,,,,,,,,,,,,,,,,,20,20
2011-03-31,11,514483,73836,0,,23,16,0,0,0,0,369.04,23,,,,,,,,,,,,,,,,,,,20,20
2011-03-31,12,514483,73836,0,,23,16,0,0,0,0,369.04,23,,,,,,,,,,,,,,,,,,,20,20
2011-03-31,13,514483,73836,0,,23,16,0,0,0,0,369.04,23,,,,,,,,,,,,,,,,,,,20,20
2011-03-31,14,514483,73836,0,,23,16,0,0,0,0,369.04,23,,,,,,,,,,,,,,,,,,,20,20
2011-03-31,15,514483,73836,0,,23,16,0,0,0,0,369.04,23,,,,,,,,,,,,,,,,,,,20,20
2011-03-31,16,514483,73836,0,,23,16,0,0,0,0,369.04,23,,,,,,,,,,,,,,,,,,,20,20
2011-03-31,17,514483,73836,0,,23,16,0,0,0,0,369.04,23,,,,,,,,,,,,,,,,,,,20,20
2011-03-31,18,514483,73836,0,,23,16,0,0,0,0,369.04,23,,,,,,,,,,,,,,,,,,,20,20
2011-03-31,19,514483,73836,0,,23,16,0,0,0,0,369.04,23,,,,,,,,,,,,,,,,,,,20,20
2011-03-31,20,514483,73836,0,,23,16,0,0,0,0,369.04,23,,,,,,,,,,,,,,,,,,,20,20
2011-03-31,21,514483,73836,0,,23,16,0,0,0,0,369.04,23,,,,,,,,,,,,,,,,,,,20,20
2011-03-31,22,514483,73836,0,,23,16,0,0,0,0,369.04,23,,,,,,,,,,,,,,,,,,,20,20
2011-03-31,23,514483,73836,0,,23,16,0,0,0,0,369.04,23,,,,,,,,,,,,,,,,,,,20,20
2011-03-31,24,514483,73836,0,,23,16,0,0,0,0,369.04,23,,,,,,,,,,,,,,,,,,,20,20
2011-03-31,1,514483,76482,0,,8.1,2,268,268,268,305.6,313.82,8.1,,,,,,,,,,,,,,,,,,,8.1,8.1
2011-03-31,2,514483,76482,0,,8.1,2,268,268,268,305.6,313.82,8.1,,,,,,,,,,,,,,,,,,,8.1,8.1
2011-03-31,3,514483,76482,0,,8.1,2,268,268,268,305.6,313.82,8.1,,,,,,,,,,,,,,,,,,,8.1,8.1
2011-03-31,4,514483,76482,0,,8.1,2,268,268,268,305.6,313.82,8.1,,,,,,,,,,,,,,,,,,,8.1,8.1
2011-03-31,5,514483,76482,0,,8.1,2,268,268,268,305.6,313.82,8.1,,,,,,,,,,,,,,,,,,,8.1,8.1
2011-03-31,6,514483,76482,0,,8.1,2,268,268,268,305.6,313.82,8.1,,,,,,,,,,,,,,,,,,,8.1,8.1
2011-03-31,7,514483,76482,0,,8.1,2,268,268,268,305.6,313.82,8.1,,,,,,,,,,,,,,,,,,,8.1,8.1
2011-03-31,8,514483,76482,0,,8.1,2,268,268,268,305.6,313.82,8.1,,,,,,,,,,,,,,,,,,,8.1,8.1
2011-03-31,9,514483,76482,0,,8.1,2,268,268,268,305.6,313.82,8.1,,,,,,,,,,,,,,,,,,,8.1,8.1
2011-03-31,10,514483,76482,0,,8.1,2,268,268,268,305.6,313.82,8.1,,,,,,,,,,,,,,,,,,,8.1,8.1
2011-03-31,11,514483,76482,0,,8.1,2,268,268,268,305.6,313.82,8.1,,,,,,,,,,,,,,,,,,,8.1,8.1
2011-03-31,12,514483,76482,0,,8.1,2,268,268,268,305.6,313.82,8.1,,,,,,,,,,,,,,,,,,,8.1,8.1
2011-03-31,13,514483,76482,0,,8.1,2,268,268,268,305.6,313.82,8.1,,,,,,,,,,,,,,,,,,,8.1,8.1
2011-03-31,14,514483,76482,0,,8.1,2,268,268,268,305.6,313.82,8.1,,,,,,,,,,,,,,,,,,,8.1,8.1
2011-03-31,15,514483,76482,0,,8.1,2,268,268,268,305.6,313.82,8.1,,,,,,,,,,,,,,,,,,,8.1,8.1
2011-03-31,16,514483,76482,0,,8.1,2,268,268,268,305.6,313.82,8.1,,,,,,,,,,,,,,,,,,,8.1,8.1
2011-03-31,17,514483,76482,0,,8.1,2,268,268,268,305.6,313.82,8.1,,,,,,,,,,,,,,,,,,,8.1,8.1
2011-03-31,18,514483,76482,0,,8.1,2,268,268,268,305.6,313.82,8.1,,,,,,,,,,,,,,,,,,,8.1,8.1
2011-03-31,19,514483,76482,0,,8.1,2,268,268,268,305.6,313.82,8.1,,,,,,,,,,,,,,,,,,,8.1,8.1
2011-03-31,20,514483,76482,0,,8.1,2,268,268,268,305.6,313.82,8.1,,,,,,,,,,,,,,,,,,,8.1,8.1
2011-03-31,21,514483,76482,0,,8.1,2,268,268,268,305.6,313.82,8.1,,,,,,,,,,,,,,,,,,,8.1,8.1
2011-03-31,22,514483,76482,0,,8.1,2,268,268,268,305.6,313.82,8.1,,,,,,,,,,,,,,,,,,,8.1,8.1
2011-03-31,23,514483,76482,0,,8.1,2,268,268,268,305.6,313.82,8.1,,,,,,,,,,,,,,,,,,,8.1,8.1
2011-03-31,24,514483,76482,0,,8.1,2,268,268,268,305.6,313.82,8.1,,,,,,,,,,,,,,,,,,,8.1,8.1
2011-03-31,1,514483,89054,8,,24.5,8,0,0,0,200,104.69,24.5,,,,,,,,,,,,,,,,,,,0,0
2011-03-31,2,514483,89054,8,,24.5,8,0,0,0,200,104.69,24.5,,,,,,,,,,,,,,,,,,,0,0
2011-03-31,3,514483,89054,8,,24.5,8,0,0,0,200,104.69,24.5,,,,,,,,,,,,,,,,,,,0,0
2011-03-31,4,514483,89054,8,,24.5,8,0,0,0,200,104.69,24.5,,,,,,,,,,,,,,,,,,,0,0
2011-03-31,5,514483,89054,8,,24.5,8,0,0,0,200,104.69,24.5,,,,,,,,,,,,,,,,,,,0,0
2011-03-31,6,514483,89054,8,,24.5,8,0,0,0,200,104.69,24.5,,,,,,,,,,,,,,,,,,,0,0
2011-03-31,7,514483,89054,8,,24.5,8,0,0,0,200,104.69,24.5,,,,,,,,,,,,,,,,,,,0,0
2011-03-31,8,514483,89054,8,,24.5,8,0,0,0,200,104.69,24.5,,,,,,,,,,,,,,,,,,,0,0
2011-03-31,9,514483,89054,8,,24.5,8,0,0,0,200,104.69,24.5,,,,,,,,,,,,,,,,,,,0,0
2011-03-31,10,514483,89054,8,,24.5,8,0,0,0,200,104.69,24.5,,,,,,,,,,,,,,,,,,,0,0
2011-03-31,11,514483,89054,8,,24.5,8,0,0,0,200,104.69,24.5,,,,,,,,,,,,,,,,,,,0,0
2011-03-31,12,514483,89054,8,,24.5,8,0,0,0,200,104.69,24.5,,,,,,,,,,,,,,,,,,,0,0
2011-03-31,13,514483,89054,8,,24.5,8,0,0,0,200,104.69,24.5,,,,,,,,,,,,,,,,,,,0,0
2011-03-31,14,514483,89054,8,,24.5,8,0,0,0,200,104.69,24.5,,,,,,,,,,,,,,,,,,,0,0
2011-03-31,15,514483,89054,8,,24.5,8,0,0,0,200,104.69,24.5,,,,,,,,,,,,,,,,,,,0,0
2011-03-31,16,514483,89054,8,,24.5,8,0,0,0,200,104.69,24.5,,,,,,,,,,,,,,,,,,,0,0
2011-03-31,17,514483,89054,8,,24.5,8,0,0,0,200,104.69,24.5,,,,,,,,,,,,,,,,,,,0,0
2011-03-31,18,514483,89054,8,,24.5,8,0,0,0,200,104.69,24.5,,,,,,,,,,,,,,,,,,,0,0
2011-03-31,19,514483,89054,8,,24.5,8,0,0,0,200,104.69,24.5,,,,,,,,,,,,,,,,,,,0,0
2011-03-31,20,514483,89054,8,,24.5,8,0,0,0,200,104.69,24.5,,,,,,,,,,,,,,,,,,,0,0
2011-03-31,21,514483,89054,8,,24.5,8,0,0,0,200,104.69,24.5,,,,,,,,,,,,,,,,,,,0,0
2011-03-31,22,514483,89054,8,,24.5,8,0,0,0,200,104.69,24.5,,,,,,,,,,,,,,,,,,,0,0
2011-03-31,23,514483,89054,8,,24.5,8,0,0,0,200,104.69,24.5,,,,,,,,,,,,,,,,,,,0,0
2011-03-31,24,514483,89054,8,,24.5,8,0,0,0,200,104.69,24.5,,,,,,,,,,,,,,,,,,,0,0
2011-03-31,1,514483,89296,100,,173.9,100,8693.61,8693.61,8693.61,1309.29,28.04,100,33.1,20,34.26,10,34.98,8,35.38,2,35.88,10,36.5,5,36.92,5,37.55,10,38.24,6,0,0
2011-03-31,2,514483,89296,100,,173.9,100,8693.61,8693.61,8693.61,1309.29,28.04,100,33.1,20,34.26,10,34.98,8,35.38,2,35.88,10,36.5,5,36.92,5,37.55,10,38.24,6,0,0
2011-03-31,3,514483,89296,100,,173.9,100,8693.61,8693.61,8693.61,1309.29,28.04,100,33.1,20,34.26,10,34.98,8,35.38,2,35.88,10,36.5,5,36.92,5,37.55,10,38.24,6,0,0
2011-03-31,4,514483,89296,100,,174.3,100,8693.61,8693.61,8693.61,1309.29,28.04,100,33.1,20,34.26,10,34.98,8,35.38,2,35.88,10,36.5,5,36.92,5,37.55,10,38.24,6,0,0
2011-03-31,5,514483,89296,100,,174.3,100,8693.61,8693.61,8693.61,1309.29,28.04,100,33.1,20,34.26,10,34.98,8,35.38,2,35.88,10,36.5,5,36.92,5,37.55,10,38.24,6,0,0
2011-03-31,6,514483,89296,100,,174.8,100,8693.61,8693.61,8693.61,1309.29,28.04,100,33.1,20,34.26,10,34.98,8,35.38,2,35.88,10,36.5,5,36.92,5,37.55,10,38.24,6,0,0
2011-03-31,7,514483,89296,100,,175.2,100,8693.61,8693.61,8693.61,1309.29,28.04,100,33.1,20,34.26,10,34.98,8,35.38,2,35.88,10,36.5,5,36.92,5,37.55,10,38.24,6,0,0
2011-03-31,8,514483,89296,100,,175.2,100,8693.61,8693.61,8693.61,1309.29,28.04,100,33.1,20,34.26,10,34.98,8,35.38,2,35.88,10,36.5,5,36.92,5,37.55,10,38.24,6,0,0
2011-03-31,9,514483,89296,100,,175.2,100,8693.61,8693.61,8693.61,1309.29,28.04,100,33.1,20,34.26,10,34.98,8,35.38,2,35.88,10,36.5,5,36.92,5,37.55,10,38.24,6,0,0
2011-03-31,10,514483,89296,100,,176,100,8693.61,8693.61,8693.61,1309.29,28.04,100,33.1,20,34.26,10,34.98,8,35.38,2,35.88,10,36.5,5,36.92,5,37.55,10,38.24,6,0,0
2011-03-31,11,514483,89296,100,,176,100,8693.61,8693.61,8693.61,1309.29,28.04,100,33.1,20,34.26,10,34.98,8,35.38,2,35.88,10,36.5,5,36.92,5,37.55,10,38.24,6,0,0
2011-03-31,12,514483,89296,100,,175.5,100,8693.61,8693.61,8693.61,1309.29,28.04,100,33.1,20,34.26,10,34.98,8,35.38,2,35.88,10,36.5,5,36.92,5,37.55,10,38.24,6,0,0
2011-03-31,13,514483,89296,100,,175.5,100,8693.61,8693.61,8693.61,1309.29,28.04,100,33.1,20,34.26,10,34.98,8,35.38,2,35.88,10,36.5,5,36.92,5,37.55,10,38.24,6,0,0
2011-03-31,14,514483,89296,100,,175.2,100,8693.61,8693.61,8693.61,1309.29,28.04,100,33.1,20,34.26,10,34.98,8,35.38,2,35.88,10,36.5,5,36.92,5,37.55,10,38.24,6,0,0
2011-03-31,15,514483,89296,100,,174.8,100,8693.61,8693.61,8693.61,1309.29,28.04,100,33.1,20,34.26,10,34.98,8,35.38,2,35.88,10,36.5,5,36.92,5,37.55,10,38.24,6,0,0
2011-03-31,16,514483,89296,100,,173.9,100,8693.61,8693.61,8693.61,1309.29,28.04,100,33.1,20,34.26,10,34.98,8,35.38,2,35.88,10,36.5,5,36.92,5,37.55,10,38.24,6,0,0
2011-03-31,17,514483,89296,100,,173.9,100,8693.61,8693.61,8693.61,1309.29,28.04,100,33.1,20,34.26,10,34.98,8,35.38,2,35.88,10,36.5,5,36.92,5,37.55,10,38.24,6,0,0
2011-03-31,18,514483,89296,100,,173.9,100,8693.61,8693.61,8693.61,1309.29,28.04,100,33.1,20,34.26,10,34.98,8,35.38,2,35.88,10,36.5,5,36.92,5,37.55,10,38.24,6,0,0
2011-03-31,19,514483,89296,100,,173.5,100,8693.61,8693.61,8693.61,1309.29,28.04,100,33.1,20,34.26,10,34.98,8,35.38,2,35.88,10,36.5,5,36.92,5,37.55,10,38.24,6,0,0
2011-03-31,20,514483,89296,100,,172.6,100,8693.61,8693.61,8693.61,1309.29,28.04,100,33.1,20,34.26,10,34.98,8,35.38,2,35.88,10,36.5,5,36.92,5,37.55,10,38.24,6,0,0
2011-03-31,21,514483,89296,100,,172.6,100,8693.61,8693.61,8693.61,1309.29,28.04,100,33.1,20,34.26,10,34.98,8,35.38,2,35.88,10,36.5,5,36.92,5,37.55,10,38.24,6,0,0
2011-03-31,22,514483,89296,100,,173.9,100,8693.61,8693.61,8693.61,1309.29,28.04,100,33.1,20,34.26,10,34.98,8,35.38,2,35.88,10,36.5,5,36.92,5,37.55,10,38.24,6,0,0
2011-03-31,23,514483,89296,100,,173.9,100,8693.61,8693.61,8693.61,1309.29,28.04,100,33.1,20,34.26,10,34.98,8,35.38,2,35.88,10,36.5,5,36.92,5,37.55,10,38.24,6,0,0
2011-03-31,24,514483,89296,100,,174.3,100,8693.61,8693.61,8693.61,1309.29,28.04,100,33.1,20,34.26,10,34.98,8,35.38,2,35.88,10,36.5,5,36.92,5,37.55,10,38.24,6,0,0
2011-03-31,1,529988,22505,0,,40.3,39.3,3349.6,3349.6,3349.6,52.44,304.81,39.3,305.81,1,,,,,,,,,,,,,,,,,0,30
2011-03-31,2,529988,22505,0,,40.3,39.3,3349.6,3349.6,3349.6,52.44,304.81,39.3,305.81,1,,,,,,,,,,,,,,,,,0,30
2011-03-31,3,529988,22505,0,,40.3,39.3,3349.6,3349.6,3349.6,52.44,304.81,39.3,305.81,1,,,,,,,,,,,,,,,,,0,30
2011-03-31,4,529988,22505,0,,40.3,39.3,3349.6,3349.6,3349.6,52.44,304.81,39.3,305.81,1,,,,,,,,,,,,,,,,,0,30
2011-03-31,5,529988,22505,0,,40.3,39.3,3349.6,3349.6,3349.6,52.44,304.81,39.3,305.81,1,,,,,,,,,,,,,,,,,0,30
2011-03-31,6,529988,22505,0,,40.3,39.3,3349.6,3349.6,3349.6,52.44,304.81,39.3,305.81,1,,,,,,,,,,,,,,,,,0,30
2011-03-31,7,529988,22505,0,,40.3,39.3,3349.6,3349.6,3349.6,52.44,304.81,39.3,305.81,1,,,,,,,,,,,,,,,,,0,30
2011-03-31,8,529988,22505,0,,40.3,39.3,3349.6,3349.6,3349.6,52.44,304.81,39.3,305.81,1,,,,,,,,,,,,,,,,,0,30
2011-03-31,9,529988,22505,0,,40.3,39.3,3349.6,3349.6,3349.6,52.44,304.81,39.3,305.81,1,,,,,,,,,,,,,,,,,0,30
2011-03-31,10,529988,22505,0,,40.3,39.3,3349.6,3349.6,3349.6,52.44,304.81,39.3,305.81,1,,,,,,,,,,,,,,,,,0,30
2011-03-31,11,529988,22505,0,,40.3,39.3,3349.6,3349.6,3349.6,52.44,304.81,39.3,305.81,1,,,,,,,,,,,,,,,,,0,30
2011-03-31,12,529988,22505,0,,40.3,39.3,3349.6,3349.6,3349.6,52.44,304.81,39.3,305.81,1,,,,,,,,,,,,,,,,,0,30
2011-03-31,13,529988,22505,0,,40.3,39.3,3349.6,3349.6,3349.6,52.44,304.81,39.3,305.81,1,,,,,,,,,,,,,,,,,0,30
2011-03-31,14,529988,22505,0,,40.3,39.3,3349.6,3349.6,3349.6,52.44,304.81,39.3,305.81,1,,,,,,,,,,,,,,,,,0,30
2011-03-31,15,529988,22505,0,,40.3,39.3,3349.6,3349.6,3349.6,52.44,304.81,39.3,305.81,1,,,,,,,,,,,,,,,,,0,30
2011-03-31,16,529988,22505,0,,40.3,39.3,3349.6,3349.6,3349.6,52.44,304.81,39.3,305.81,1,,,,,,,,,,,,,,,,,0,30
2011-03-31,17,529988,22505,0,,40.3,39.3,3349.6,3349.6,3349.6,52.44,304.81,39.3,305.81,1,,,,,,,,,,,,,,,,,0,30
2011-03-31,18,529988,22505,0,,40.3,39.3,3349.6,3349.6,3349.6,52.44,304.81,39.3,305.81,1,,,,,,,,,,,,,,,,,0,30
2011-03-31,19,529988,22505,0,,40.3,39.3,3349.6,3349.6,3349.6,52.44,304.81,39.3,305.81,1,,,,,,,,,,,,,,,,,0,30
2011-03-31,20,529988,22505,0,,40.3,39.3,3349.6,3349.6,3349.6,52.44,304.81,39.3,305.81,1,,,,,,,,,,,,,,,,,0,30
2011-03-31,21,529988,22505,0,,40.3,39.3,3349.6,3349.6,3349.6,52.44,304.81,39.3,305.81,1,,,,,,,,,,,,,,,,,0,30
2011-03-31,22,529988,22505,0,,40.3,39.3,3349.6,3349.6,3349.6,52.44,304.81,39.3,305.81,1,,,,,,,,,,,,,,,,,0,30
2011-03-31,23,529988,22505,0,,40.3,39.3,3349.6,3349.6,3349.6,52.44,304.81,39.3,305.81,1,,,,,,,,,,,,,,,,,0,30
2011-03-31,24,529988,22505,0,,40.3,39.3,3349.6,3349.6,3349.6,52.44,304.81,39.3,305.81,1,,,,,,,,,,,,,,,,,0,30
2011-03-31,1,529988,23936,0,,164,40,45210.76,35107.56,20460.52,4027.06,187.58,40,197.39,40,204.74,20,209.63,20,217.47,44,,,,,,,,,,,0,0
2011-03-31,2,529988,23936,0,,164,40,45210.76,35107.56,20460.52,4027.06,187.58,40,197.39,40,204.74,20,209.63,20,217.47,44,,,,,,,,,,,0,0
2011-03-31,3,529988,23936,0,,164,40,45210.76,35107.56,20460.52,4027.06,187.58,40,197.39,40,204.74,20,209.63,20,217.47,44,,,,,,,,,,,0,0
2011-03-31,4,529988,23936,0,,164,40,45210.76,35107.56,20460.52,4027.06,187.58,40,197.39,40,204.74,20,209.63,20,217.47,44,,,,,,,,,,,0,0
2011-03-31,5,529988,23936,0,,164,40,45210.76,35107.56,20460.52,4027.06,187.58,40,197.39,40,204.74,20,209.63,20,217.47,44,,,,,,,,,,,0,0
2011-03-31,6,529988,23936,0,,164,40,45210.76,35107.56,20460.52,4027.06,187.58,40,197.39,40,204.74,20,209.63,20,217.47,44,,,,,,,,,,,0,0
2011-03-31,7,529988,23936,0,,164,40,45210.76,35107.56,20460.52,4027.06,187.58,40,197.39,40,204.74,20,209.63,20,217.47,44,,,,,,,,,,,0,0
2011-03-31,8,529988,23936,0,,164,40,45210.76,35107.56,20460.52,4027.06,187.58,40,197.39,40,204.74,20,209.63,20,217.47,44,,,,,,,,,,,0,0
2011-03-31,9,529988,23936,0,,164,40,45210.76,35107.56,20460.52,4027.06,187.58,40,197.39,40,204.74,20,209.63,20,217.47,44,,,,,,,,,,,0,0
2011-03-31,10,529988,23936,0,,164,40,45210.76,35107.56,20460.52,4027.06,187.58,40,197.39,40,204.74,20,209.63,20,217.47,44,,,,,,,,,,,0,0
2011-03-31,11,529988,23936,0,,164,40,45210.76,35107.56,20460.52,4027.06,187.58,40,197.39,40,204.74,20,209.63,20,217.47,44,,,,,,,,,,,0,0
2011-03-31,12,529988,23936,0,,164,40,45210.76,35107.56,20460.52,4027.06,187.58,40,197.39,40,204.74,20,209.63,20,217.47,44,,,,,,,,,,,0,0
2011-03-31,13,529988,23936,0,,164,40,45210.76,35107.56,20460.52,4027.06,187.58,40,197.39,40,204.74,20,209.63,20,217.47,44,,,,,,,,,,,0,0
2011-03-31,14,529988,23936,0,,164,40,45210.76,35107.56,20460.52,4027.06,187.58,40,197.39,40,204.74,20,209.63,20,217.47,44,,,,,,,,,,,0,0
2011-03-31,15,529988,23936,0,,164,40,45210.76,35107.56,20460.52,4027.06,187.58,40,197.39,40,204.74,20,209.63,20,217.47,44,,,,,,,,,,,0,0
2011-03-31,16,529988,23936,0,,164,40,45210.76,35107.56,20460.52,4027.06,187.58,40,197.39,40,204.74,20,209.63,20,217.47,44,,,,,,,,,,,0,0
2011-03-31,17,529988,23936,0,,164,40,45210.76,35107.56,20460.52,4027.06,187.58,40,197.39,40,204.74,20,209.63,20,217.47,44,,,,,,,,,,,0,0
2011-03-31,18,529988,23936,0,,164,40,45210.76,35107.56,20460.52,4027.06,187.58,40,197.39,40,204.74,20,209.63,20,217.47,44,,,,,,,,,,,0,0
2011-03-31,19,529988,23936,0,,164,40,45210.76,35107.56,20460.52,4027.06,187.58,40,197.39,40,204.74,20,209.63,20,217.47,44,,,,,,,,,,,0,0
2011-03-31,20,529988,23936,0,,164,40,45210.76,35107.56,20460.52,4027.06,187.58,40,197.39,40,204.74,20,209.63,20,217.47,44,,,,,,,,,,,0,0
2011-03-31,21,529988,23936,0,,164,40,45210.76,35107.56,20460.52,4027.06,187.58,40,197.39,40,204.74,20,209.63,20,217.47,44,,,,,,,,,,,0,0
2011-03-31,22,529988,23936,0,,164,40,45210.76,35107.56,20460.52,4027.06,187.58,40,197.39,40,204.74,20,209.63,20,217.47,44,,,,,,,,,,,0,0
2011-03-31,23,529988,23936,0,,164,40,45210.76,35107.56,20460.52,4027.06,187.58,40,197.39,40,204.74,20,209.63,20,217.47,44,,,,,,,,,,,0,0
2011-03-31,24,529988,23936,0,,164,40,45210.76,35107.56,20460.52,4027.06,187.58,40,197.39,40,204.74,20,209.63,20,217.47,44,,,,,,,,,,,0,0
2011-03-31,1,529988,26273,0,,20.7,19.7,790.38,790.38,790.38,217,382.27,19.7,,,,,,,,,,,,,,,,,,,16,21
2011-03-31,2,529988,26273,0,,20.7,19.7,790.38,790.38,790.38,217,382.27,19.7,,,,,,,,,,,,,,,,,,,16,21
2011-03-31,3,529988,26273,0,,20.7,19.7,790.38,790.38,790.38,217,382.27,19.7,,,,,,,,,,,,,,,,,,,16,21
2011-03-31,4,529988,26273,0,,20.7,19.7,790.38,790.38,790.38,217,382.27,19.7,,,,,,,,,,,,,,,,,,,16,21
2011-03-31,5,529988,26273,0,,20.7,19.7,790.38,790.38,790.38,217,382.27,19.7,,,,,,,,,,,,,,,,,,,16,21
2011-03-31,6,529988,26273,0,,20.7,19.7,790.38,790.38,790.38,217,382.27,19.7,,,,,,,,,,,,,,,,,,,16,21
2011-03-31,7,529988,26273,0,,20.7,19.7,790.38,790.38,790.38,217,382.27,19.7,,,,,,,,,,,,,,,,,,,16,21
2011-03-31,8,529988,26273,0,,20.7,19.7,790.38,790.38,790.38,217,382.27,19.7,,,,,,,,,,,,,,,,,,,16,21
2011-03-31,9,529988,26273,0,,20.7,19.7,790.38,790.38,790.38,217,382.27,19.7,,,,,,,,,,,,,,,,,,,16,21
2011-03-31,10,529988,26273,0,,20.7,19.7,790.38,790.38,790.38,217,382.27,19.7,,,,,,,,,,,,,,,,,,,16,21
2011-03-31,11,529988,26273,0,,20.7,19.7,790.38,790.38,790.38,217,382.27,19.7,,,,,,,,,,,,,,,,,,,16,21
2011-03-31,12,529988,26273,0,,20.7,19.7,790.38,790.38,790.38,217,382.27,19.7,,,,,,,,,,,,,,,,,,,16,21
2011-03-31,13,529988,26273,0,,20.7,19.7,790.38,790.38,790.38,217,382.27,19.7,,,,,,,,,,,,,,,,,,,16,21
2011-03-31,14,529988,26273,0,,20.7,19.7,790.38,790.38,790.38,217,382.27,19.7,,,,,,,,,,,,,,,,,,,16,21
2011-03-31,15,529988,26273,0,,20.7,19.7,790.38,790.38,790.38,217,382.27,19.7,,,,,,,,,,,,,,,,,,,16,21
2011-03-31,16,529988,26273,0,,20.7,19.7,790.38,790.38,790.38,217,382.27,19.7,,,,,,,,,,,,,,,,,,,16,21
2011-03-31,17,529988,26273,0,,20.7,19.7,790.38,790.38,790.38,217,382.27,19.7,,,,,,,,,,,,,,,,,,,16,21
2011-03-31,18,529988,26273,0,,20.7,19.7,790.38,790.38,790.38,217,382.27,19.7,,,,,,,,,,,,,,,,,,,16,21
2011-03-31,19,529988,26273,0,,20.7,19.7,790.38,790.38,790.38,217,382.27,19.7,,,,,,,,,,,,,,,,,,,16,21
2011-03-31,20,529988,26273,0,,20.7,19.7,790.38,790.38,790.38,217,382.27,19.7,,,,,,,,,,,,,,,,,,,16,21
2011-03-31,21,529988,26273,0,,20.7,19.7,790.38,790.38,790.38,217,382.27,19.7,,,,,,,,,,,,,,,,,,,16,21
2011-03-31,22,529988,26273,0,,20.7,19.7,790.38,790.38,790.38,217,382.27,19.7,,,,,,,,,,,,,,,,,,,16,21
2011-03-31,23,529988,26273,0,,20.7,19.7,790.38,790.38,790.38,217,382.27,19.7,,,,,,,,,,,,,,,,,,,16,21
2011-03-31,24,529988,26273,0,,20.7,19.7,790.38,790.38,790.38,217,382.27,19.7,,,,,,,,,,,,,,,,,,,16,21
2011-03-31,1,529988,28772,0,,21.1,20,790.38,790.38,790.38,217,382.24,20,,,,,,,,,,,,,,,,,,,16,21
2011-03-31,2,529988,28772,0,,21.1,20,790.38,790.38,790.38,217,382.24,20,,,,,,,,,,,,,,,,,,,16,21
2011-03-31,3,529988,28772,0,,21.1,20,790.38,790.38,790.38,217,382.24,20,,,,,,,,,,,,,,,,,,,16,21
2011-03-31,4,529988,28772,0,,21.1,20,790.38,790.38,790.38,217,382.24,20,,,,,,,,,,,,,,,,,,,16,21
2011-03-31,5,529988,28772,0,,21.1,20,790.38,790.38,790.38,217,382.24,20,,,,,,,,,,,,,,,,,,,16,21
2011-03-31,6,529988,28772,0,,21.1,20,790.38,790.38,790.38,217,382.24,20,,,,,,,,,,,,,,,,,,,16,21
2011-03-31,7,529988,28772,0,,21.1,20,790.38,790.38,790.38,217,382.24,20,,,,,,,,,,,,,,,,,,,16,21
2011-03-31,8,529988,28772,0,,21.1,20,790.38,790.38,790.38,217,382.24,20,,,,,,,,,,,,,,,,,,,16,21
2011-03-31,9,529988,28772,0,,21.1,20,790.38,790.38,790.38,217,382.24,20,,,,,,,,,,,,,,,,,,,16,21
2011-03-31,10,529988,28772,0,,21.1,20,790.38,790.38,790.38,217,382.24,20,,,,,,,,,,,,,,,,,,,16,21
2011-03-31,11,529988,28772,0,,21.1,20,790.38,790.38,790.38,217,382.24,20,,,,,,,,,,,,,,,,,,,16,21
2011-03-31,12,529988,28772,0,,21.1,20,790.38,790.38,790.38,217,382.24,20,,,,,,,,,,,,,,,,,,,16,21
2011-03-31,13,529988,28772,0,,21.1,20,790.38,790.38,790.38,217,382.24,20,,,,,,,,,,,,,,,,,,,16,21
2011-03-31,14,529988,28772,0,,21.1,20,790.38,790.38,790.38,217,382.24,20,,,,,,,,,,,,,,,,,,,16,21
2011-03-31,15,529988,28772,0,,21.1,20,790.38,790.38,790.38,217,382.24,20,,,,,,,,,,,,,,,,,,,16,21
2011-03-31,16,529988,28772,0,,21.1,20,790.38,790.38,790.38,217,382.24,20,,,,,,,,,,,,,,,,,,,16,21
2011-03-31,17,529988,28772,0,,21.1,20,790.38,790.38,790.38,217,382.24,20,,,,,,,,,,,,,,,,,,,16,21
2011-03-31,18,529988,28772,0,,21.1,20,790.38,790.38,790.38,217,382.24,20,,,,,,,,,,,,,,,,,,,16,21
2011-03-31,19,529988,28772,0,,21.1,20,790.38,790.38,790.38,217,382.24,20,,,,,,,,,,,,,,,,,,,16,21
2011-03-31,20,529988,28772,0,,21.1,20,790.38,790.38,790.38,217,382.24,20,,,,,,,,,,,,,,,,,,,16,21
2011-03-31,21,529988,28772,0,,21.1,20,790.38,790.38,790.38,217,382.24,20,,,,,,,,,,,,,,,,,,,16,21
2011-03-31,22,529988,28772,0,,21.1,20,790.38,790.38,790.38,217,382.24,20,,,,,,,,,,,,,,,,,,,16,21
2011-03-31,23,529988,28772,0,,21.1,20,790.38,790.38,790.38,217,382.24,20,,,,,,,,,,,,,,,,,,,16,21
2011-03-31,24,529988,28772,0,,21.1,20,790.38,790.38,790.38,217,382.24,20,,,,,,,,,,,,,,,,,,,16,21
2011-03-31,1,529988,29235,0,,402,125,63390.69,63390.69,25839.71,11558.55,201.07,125,209.52,65,222.6,100,237.07,110,,,,,,,,,,,,,0,0
2011-03-31,2,529988,29235,0,,402,125,63390.69,63390.69,25839.71,11558.55,201.07,125,209.52,65,222.6,100,237.07,110,,,,,,,,,,,,,0,0
2011-03-31,3,529988,29235,0,,402,125,63390.69,63390.69,25839.71,11558.55,201.07,125,209.52,65,222.6,100,237.07,110,,,,,,,,,,,,,0,0
2011-03-31,4,529988,29235,0,,402,125,63390.69,63390.69,25839.71,11558.55,201.07,125,209.52,65,222.6,100,237.07,110,,,,,,,,,,,,,0,0
2011-03-31,5,529988,29235,0,,402,125,63390.69,63390.69,25839.71,11558.55,201.07,125,209.52,65,222.6,100,237.07,110,,,,,,,,,,,,,0,0
2011-03-31,6,529988,29235,0,,402,125,63390.69,63390.69,25839.71,11558.55,201.07,125,209.52,65,222.6,100,237.07,110,,,,,,,,,,,,,0,0
2011-03-31,7,529988,29235,0,,402,125,63390.69,63390.69,25839.71,11558.55,201.07,125,209.52,65,222.6,100,237.07,110,,,,,,,,,,,,,0,0
2011-03-31,8,529988,29235,0,,402,125,63390.69,63390.69,25839.71,11558.55,201.07,125,209.52,65,222.6,100,237.07,110,,,,,,,,,,,,,0,0
2011-03-31,9,529988,29235,0,,402,125,63390.69,63390.69,25839.71,11558.55,201.07,125,209.52,65,222.6,100,237.07,110,,,,,,,,,,,,,0,0
2011-03-31,10,529988,29235,0,,402,125,63390.69,63390.69,25839.71,11558.55,201.07,125,209.52,65,222.6,100,237.07,110,,,,,,,,,,,,,0,0
2011-03-31,11,529988,29235,0,,402,125,63390.69,63390.69,25839.71,11558.55,201.07,125,209.52,65,222.6,100,237.07,110,,,,,,,,,,,,,0,0
2011-03-31,12,529988,29235,0,,402,125,63390.69,63390.69,25839.71,11558.55,201.07,125,209.52,65,222.6,100,237.07,110,,,,,,,,,,,,,0,0
2011-03-31,13,529988,29235,0,,402,125,63390.69,63390.69,25839.71,11558.55,201.07,125,209.52,65,222.6,100,237.07,110,,,,,,,,,,,,,0,0
2011-03-31,14,529988,29235,0,,402,125,63390.69,63390.69,25839.71,11558.55,201.07,125,209.52,65,222.6,100,237.07,110,,,,,,,,,,,,,0,0
2011-03-31,15,529988,29235,0,,402,125,63390.69,63390.69,25839.71,11558.55,201.07,125,209.52,65,222.6,100,237.07,110,,,,,,,,,,,,,0,0
2011-03-31,16,529988,29235,0,,402,125,63390.69,63390.69,25839.71,11558.55,201.07,125,209.52,65,222.6,100,237.07,110,,,,,,,,,,,,,0,0
2011-03-31,17,529988,29235,0,,402,125,63390.69,63390.69,25839.71,11558.55,201.07,125,209.52,65,222.6,100,237.07,110,,,,,,,,,,,,,0,0
2011-03-31,18,529988,29235,0,,402,125,63390.69,63390.69,25839.71,11558.55,201.07,125,209.52,65,222.6,100,237.07,110,,,,,,,,,,,,,0,0
2011-03-31,19,529988,29235,0,,402,125,63390.69,63390.69,25839.71,11558.55,201.07,125,209.52,65,222.6,100,237.07,110,,,,,,,,,,,,,0,0
2011-03-31,20,529988,29235,0,,402,125,63390.69,63390.69,25839.71,11558.55,201.07,125,209.52,65,222.6,100,237.07,110,,,,,,,,,,,,,0,0
2011-03-31,21,529988,29235,0,,402,125,63390.69,63390.69,25839.71,11558.55,201.07,125,209.52,65,222.6,100,237.07,110,,,,,,,,,,,,,0,0
2011-03-31,22,529988,29235,0,,402,125,63390.69,63390.69,25839.71,11558.55,201.07,125,209.52,65,222.6,100,237.07,110,,,,,,,,,,,,,0,0
2011-03-31,23,529988,29235,0,,402,125,63390.69,63390.69,25839.71,11558.55,201.07,125,209.52,65,222.6,100,237.07,110,,,,,,,,,,,,,0,0
2011-03-31,24,529988,29235,0,,402,125,63390.69,63390.69,25839.71,11558.55,201.07,125,209.52,65,222.6,100,237.07,110,,,,,,,,,,,,,0,0
2011-03-31,1,529988,33357,0,,23,22,790.58,790.58,790.58,219,384.81,22,,,,,,,,,,,,,,,,,,,22,23
2011-03-31,2,529988,33357,0,,23,22,790.58,790.58,790.58,219,384.81,22,,,,,,,,,,,,,,,,,,,22,23
2011-03-31,3,529988,33357,0,,23,22,790.58,790.58,790.58,219,384.81,22,,,,,,,,,,,,,,,,,,,22,23
2011-03-31,4,529988,33357,0,,23,22,790.58,790.58,790.58,219,384.81,22,,,,,,,,,,,,,,,,,,,22,23
2011-03-31,5,529988,33357,0,,23,22,790.58,790.58,790.58,219,384.81,22,,,,,,,,,,,,,,,,,,,22,23
2011-03-31,6,529988,33357,0,,23,22,790.58,790.58,790.58,219,384.81,22,,,,,,,,,,,,,,,,,,,22,23
2011-03-31,7,529988,33357,0,,23,22,790.58,790.58,790.58,219,384.81,22,,,,,,,,,,,,,,,,,,,22,23
2011-03-31,8,529988,33357,0,,23,22,790.58,790.58,790.58,219,384.81,22,,,,,,,,,,,,,,,,,,,22,23
2011-03-31,9,529988,33357,0,,23,22,790.58,790.58,790.58,219,384.81,22,,,,,,,,,,,,,,,,,,,22,23
2011-03-31,10,529988,33357,0,,23,22,790.58,790.58,790.58,219,384.81,22,,,,,,,,,,,,,,,,,,,22,23
2011-03-31,11,529988,33357,0,,23,22,790.58,790.58,790.58,219,384.81,22,,,,,,,,,,,,,,,,,,,22,23
2011-03-31,12,529988,33357,0,,23,22,790.58,790.58,790.58,219,384.81,22,,,,,,,,,,,,,,,,,,,22,23
2011-03-31,13,529988,33357,0,,23,22,790.58,790.58,790.58,219,384.81,22,,,,,,,,,,,,,,,,,,,22,23
2011-03-31,14,529988,33357,0,,23,22,790.58,790.58,790.58,219,384.81,22,,,,,,,,,,,,,,,,,,,22,23
2011-03-31,15,529988,33357,0,,23,22,790.58,790.58,790.58,219,384.81,22,,,,,,,,,,,,,,,,,,,22,23
2011-03-31,16,529988,33357,0,,23,22,790.58,790.58,790.58,219,384.81,22,,,,,,,,,,,,,,,,,,,22,23
2011-03-31,17,529988,33357,0,,23,22,790.58,790.58,790.58,219,384.81,22,,,,,,,,,,,,,,,,,,,22,23
2011-03-31,18,529988,33357,0,,23,22,790.58,790.58,790.58,219,384.81,22,,,,,,,,,,,,,,,,,,,22,23
2011-03-31,19,529988,33357,0,,23,22,790.58,790.58,790.58,219,384.81,22,,,,,,,,,,,,,,,,,,,22,23
2011-03-31,20,529988,33357,0,,23,22,790.58,790.58,790.58,219,384.81,22,,,,,,,,,,,,,,,,,,,22,23
2011-03-31,21,529988,33357,0,,23,22,790.58,790.58,790.58,219,384.81,22,,,,,,,,,,,,,,,,,,,22,23
2011-03-31,22,529988,33357,0,,23,22,790.58,790.58,790.58,219,384.81,22,,,,,,,,,,,,,,,,,,,22,23
2011-03-31,23,529988,33357,0,,23,22,790.58,790.58,790.58,219,384.81,22,,,,,,,,,,,,,,,,,,,22,23
2011-03-31,24,529988,33357,0,,23,22,790.58,790.58,790.58,219,384.81,22,,,,,,,,,,,,,,,,,,,22,23
2011-03-31,1,529988,41178,0,,409.9,125,87737.32,70628.92,70628.92,7496.76,235.05,125,237.49,75,240.73,100,244.31,107,,,,,,,,,,,,,0,0
2011-03-31,2,529988,41178,0,,409.9,125,87737.32,70628.92,70628.92,7496.76,235.05,125,237.49,75,240.73,100,244.31,107,,,,,,,,,,,,,0,0
2011-03-31,3,529988,41178,0,,409.9,125,87737.32,70628.92,70628.92,7496.76,235.05,125,237.49,75,240.73,100,244.31,107,,,,,,,,,,,,,0,0
2011-03-31,4,529988,41178,0,,409.9,125,87737.32,70628.92,70628.92,7496.76,235.05,125,237.49,75,240.73,100,244.31,107,,,,,,,,,,,,,0,0
2011-03-31,5,529988,41178,0,,409.9,125,87737.32,70628.92,70628.92,7496.76,235.05,125,237.49,75,240.73,100,244.31,107,,,,,,,,,,,,,0,0
2011-03-31,6,529988,41178,0,,409.9,125,87737.32,70628.92,70628.92,7496.76,235.05,125,237.49,75,240.73,100,244.31,107,,,,,,,,,,,,,0,0
2011-03-31,7,529988,41178,0,,409.9,125,87737.32,70628.92,70628.92,7496.76,235.05,125,237.49,75,240.73,100,244.31,107,,,,,,,,,,,,,0,0
2011-03-31,8,529988,41178,0,,409.9,125,87737.32,70628.92,70628.92,7496.76,235.05,125,237.49,75,240.73,100,244.31,107,,,,,,,,,,,,,0,0
2011-03-31,9,529988,41178,0,,409.9,125,87737.32,70628.92,70628.92,7496.76,235.05,125,237.49,75,240.73,100,244.31,107,,,,,,,,,,,,,0,0
2011-03-31,10,529988,41178,0,,409.9,125,87737.32,70628.92,70628.92,7496.76,235.05,125,237.49,75,240.73,100,244.31,107,,,,,,,,,,,,,0,0
2011-03-31,11,529988,41178,0,,409.9,125,87737.32,70628.92,70628.92,7496.76,235.05,125,237.49,75,240.73,100,244.31,107,,,,,,,,,,,,,0,0
2011-03-31,12,529988,41178,0,,409.9,125,87737.32,70628.92,70628.92,7496.76,235.05,125,237.49,75,240.73,100,244.31,107,,,,,,,,,,,,,0,0
2011-03-31,13,529988,41178,0,,409.9,125,87737.32,70628.92,70628.92,7496.76,235.05,125,237.49,75,240.73,100,244.31,107,,,,,,,,,,,,,0,0
2011-03-31,14,529988,41178,0,,409.9,125,87737.32,70628.92,70628.92,7496.76,235.05,125,237.49,75,240.73,100,244.31,107,,,,,,,,,,,,,0,0
2011-03-31,15,529988,41178,0,,409.9,125,87737.32,70628.92,70628.92,7496.76,235.05,125,237.49,75,240.73,100,244.31,107,,,,,,,,,,,,,0,0
2011-03-31,16,529988,41178,0,,409.9,125,87737.32,70628.92,70628.92,7496.76,235.05,125,237.49,75,240.73,100,244.31,107,,,,,,,,,,,,,0,0
2011-03-31,17,529988,41178,0,,409.9,125,87737.32,70628.92,70628.92,7496.76,235.05,125,237.49,75,240.73,100,244.31,107,,,,,,,,,,,,,0,0
2011-03-31,18,529988,41178,0,,409.9,125,87737.32,70628.92,70628.92,7496.76,235.05,125,237.49,75,240.73,100,244.31,107,,,,,,,,,,,,,0,0
2011-03-31,19,529988,41178,0,,409.9,125,87737.32,70628.92,70628.92,7496.76,235.05,125,237.49,75,240.73,100,244.31,107,,,,,,,,,,,,,0,0
2011-03-31,20,529988,41178,0,,409.9,125,87737.32,70628.92,70628.92,7496.76,235.05,125,237.49,75,240.73,100,244.31,107,,,,,,,,,,,,,0,0
2011-03-31,21,529988,41178,0,,409.9,125,87737.32,70628.92,70628.92,7496.76,235.05,125,237.49,75,240.73,100,244.31,107,,,,,,,,,,,,,0,0
2011-03-31,22,529988,41178,0,,409.9,125,87737.32,70628.92,70628.92,7496.76,235.05,125,237.49,75,240.73,100,244.31,107,,,,,,,,,,,,,0,0
2011-03-31,23,529988,41178,0,,409.9,125,87737.32,70628.92,70628.92,7496.76,235.05,125,237.49,75,240.73,100,244.31,107,,,,,,,,,,,,,0,0
2011-03-31,24,529988,41178,0,,409.9,125,87737.32,70628.92,70628.92,7496.76,235.05,125,237.49,75,240.73,100,244.31,107,,,,,,,,,,,,,0,0
2011-03-31,1,529988,45142,0,,5.4,5,24.78,24.78,24.78,0,294.04,5,,,,,,,,,,,,,,,,,,,5,6
2011-03-31,2,529988,45142,0,,5.4,5,24.78,24.78,24.78,0,294.04,5,,,,,,,,,,,,,,,,,,,5,6
2011-03-31,3,529988,45142,0,,5.4,5,24.78,24.78,24.78,0,294.04,5,,,,,,,,,,,,,,,,,,,5,6
2011-03-31,4,529988,45142,0,,5.4,5,24.78,24.78,24.78,0,294.04,5,,,,,,,,,,,,,,,,,,,5,6
2011-03-31,5,529988,45142,0,,5.4,5,24.78,24.78,24.78,0,294.04,5,,,,,,,,,,,,,,,,,,,5,6
2011-03-31,6,529988,45142,0,,5.4,5,24.78,24.78,24.78,0,294.04,5,,,,,,,,,,,,,,,,,,,5,6
2011-03-31,7,529988,45142,0,,5.4,5,24.78,24.78,24.78,0,294.04,5,,,,,,,,,,,,,,,,,,,5,6
2011-03-31,8,529988,45142,0,,5.4,5,24.78,24.78,24.78,0,294.04,5,,,,,,,,,,,,,,,,,,,5,6
2011-03-31,9,529988,45142,0,,5.4,5,24.78,24.78,24.78,0,294.04,5,,,,,,,,,,,,,,,,,,,5,6
2011-03-31,10,529988,45142,0,,5.4,5,24.78,24.78,24.78,0,294.04,5,,,,,,,,,,,,,,,,,,,5,6
2011-03-31,11,529988,45142,0,,5.4,5,24.78,24.78,24.78,0,294.04,5,,,,,,,,,,,,,,,,,,,5,6
2011-03-31,12,529988,45142,0,,5.4,5,24.78,24.78,24.78,0,294.04,5,,,,,,,,,,,,,,,,,,,5,6
2011-03-31,13,529988,45142,0,,5.4,5,24.78,24.78,24.78,0,294.04,5,,,,,,,,,,,,,,,,,,,5,6
2011-03-31,14,529988,45142,0,,5.4,5,24.78,24.78,24.78,0,294.04,5,,,,,,,,,,,,,,,,,,,5,6
2011-03-31,15,529988,45142,0,,5.4,5,24.78,24.78,24.78,0,294.04,5,,,,,,,,,,,,,,,,,,,5,6
2011-03-31,16,529988,45142,0,,5.4,5,24.78,24.78,24.78,0,294.04,5,,,,,,,,,,,,,,,,,,,5,6
2011-03-31,17,529988,45142,0,,5.4,5,24.78,24.78,24.78,0,294.04,5,,,,,,,,,,,,,,,,,,,5,6
2011-03-31,18,529988,45142,0,,5.4,5,24.78,24.78,24.78,0,294.04,5,,,,,,,,,,,,,,,,,,,5,6
2011-03-31,19,529988,45142,0,,5.4,5,24.78,24.78,24.78,0,294.04,5,,,,,,,,,,,,,,,,,,,5,6
2011-03-31,20,529988,45142,0,,5.4,5,24.78,24.78,24.78,0,294.04,5,,,,,,,,,,,,,,,,,,,5,6
2011-03-31,21,529988,45142,0,,5.4,5,24.78,24.78,24.78,0,294.04,5,,,,,,,,,,,,,,,,,,,5,6
2011-03-31,22,529988,45142,0,,5.4,5,24.78,24.78,24.78,0,294.04,5,,,,,,,,,,,,,,,,,,,5,6
2011-03-31,23,529988,45142,0,,5.4,5,24.78,24.78,24.78,0,294.04,5,,,,,,,,,,,,,,,,,,,5,6
2011-03-31,24,529988,45142,0,,5.4,5,24.78,24.78,24.78,0,294.04,5,,,,,,,,,,,,,,,,,,,5,6
2011-03-31,1,529988,54447,0,,20.5,19.5,790.38,790.38,790.38,217,382.3,19.5,,,,,,,,,,,,,,,,,,,15.5,20.5
2011-03-31,2,529988,54447,0,,20.5,19.5,790.38,790.38,790.38,217,382.3,19.5,,,,,,,,,,,,,,,,,,,15.5,20.5
2011-03-31,3,529988,54447,0,,20.5,19.5,790.38,790.38,790.38,217,382.3,19.5,,,,,,,,,,,,,,,,,,,15.5,20.5
2011-03-31,4,529988,54447,0,,20.5,19.5,790.38,790.38,790.38,217,382.3,19.5,,,,,,,,,,,,,,,,,,,15.5,20.5
2011-03-31,5,529988,54447,0,,20.5,19.5,790.38,790.38,790.38,217,382.3,19.5,,,,,,,,,,,,,,,,,,,15.5,20.5
2011-03-31,6,529988,54447,0,,20.5,19.5,790.38,790.38,790.38,217,382.3,19.5,,,,,,,,,,,,,,,,,,,15.5,20.5
2011-03-31,7,529988,54447,0,,20.5,19.5,790.38,790.38,790.38,217,382.3,19.5,,,,,,,,,,,,,,,,,,,15.5,20.5
2011-03-31,8,529988,54447,0,,20.5,19.5,790.38,790.38,790.38,217,382.3,19.5,,,,,,,,,,,,,,,,,,,15.5,20.5
2011-03-31,9,529988,54447,0,,20.5,19.5,790.38,790.38,790.38,217,382.3,19.5,,,,,,,,,,,,,,,,,,,15.5,20.5
2011-03-31,10,529988,54447,0,,20.5,19.5,790.38,790.38,790.38,217,382.3,19.5,,,,,,,,,,,,,,,,,,,15.5,20.5
2011-03-31,11,529988,54447,0,,20.5,19.5,790.38,790.38,790.38,217,382.3,19.5,,,,,,,,,,,,,,,,,,,15.5,20.5
2011-03-31,12,529988,54447,0,,20.5,19.5,790.38,790.38,790.38,217,382.3,19.5,,,,,,,,,,,,,,,,,,,15.5,20.5
2011-03-31,13,529988,54447,0,,20.5,19.5,790.38,790.38,790.38,217,382.3,19.5,,,,,,,,,,,,,,,,,,,15.5,20.5
2011-03-31,14,529988,54447,0,,20.5,19.5,790.38,790.38,790.38,217,382.3,19.5,,,,,,,,,,,,,,,,,,,15.5,20.5
2011-03-31,15,529988,54447,0,,20.5,19.5,790.38,790.38,790.38,217,382.3,19.5,,,,,,,,,,,,,,,,,,,15.5,20.5
2011-03-31,16,529988,54447,0,,20.5,19.5,790.38,790.38,790.38,217,382.3,19.5,,,,,,,,,,,,,,,,,,,15.5,20.5
2011-03-31,17,529988,54447,0,,20.5,19.5,790.38,790.38,790.38,217,382.3,19.5,,,,,,,,,,,,,,,,,,,15.5,20.5
2011-03-31,18,529988,54447,0,,20.5,19.5,790.38,790.38,790.38,217,382.3,19.5,,,,,,,,,,,,,,,,,,,15.5,20.5
2011-03-31,19,529988,54447,0,,20.5,19.5,790.38,790.38,790.38,217,382.3,19.5,,,,,,,,,,,,,,,,,,,15.5,20.5
2011-03-31,20,529988,54447,0,,20.5,19.5,790.38,790.38,790.38,217,382.3,19.5,,,,,,,,,,,,,,,,,,,15.5,20.5
2011-03-31,21,529988,54447,0,,20.5,19.5,790.38,790.38,790.38,217,382.3,19.5,,,,,,,,,,,,,,,,,,,15.5,20.5
2011-03-31,22,529988,54447,0,,20.5,19.5,790.38,790.38,790.38,217,382.3,19.5,,,,,,,,,,,,,,,,,,,15.5,20.5
2011-03-31,23,529988,54447,0,,20.5,19.5,790.38,790.38,790.38,217,382.3,19.5,,,,,,,,,,,,,,,,,,,15.5,20.5
2011-03-31,24,529988,54447,0,,20.5,19.5,790.38,790.38,790.38,217,382.3,19.5,,,,,,,,,,,,,,,,,,,15.5,20.5
2011-03-31,1,529988,54481,0,,245,100,62148.49,31207.47,31207.47,7371.34,170.54,100,182.28,40,197.4,20,205.6,76,,,,,,,,,,,,,0,0
2011-03-31,2,529988,54481,0,,245,100,62148.49,31207.47,31207.47,7371.34,170.54,100,182.28,40,197.4,20,205.6,76,,,,,,,,,,,,,0,0
2011-03-31,3,529988,54481,0,,245,100,62148.49,31207.47,31207.47,7371.34,170.54,100,182.28,40,197.4,20,205.6,76,,,,,,,,,,,,,0,0
2011-03-31,4,529988,54481,0,,245,100,62148.49,31207.47,31207.47,7371.34,170.54,100,182.28,40,197.4,20,205.6,76,,,,,,,,,,,,,0,0
2011-03-31,5,529988,54481,0,,245,100,62148.49,31207.47,31207.47,7371.34,170.54,100,182.28,40,197.4,20,205.6,76,,,,,,,,,,,,,0,0
2011-03-31,6,529988,54481,0,,245,100,62148.49,31207.47,31207.47,7371.34,170.54,100,182.28,40,197.4,20,205.6,76,,,,,,,,,,,,,0,0
2011-03-31,7,529988,54481,0,,245,100,62148.49,31207.47,31207.47,7371.34,170.54,100,182.28,40,197.4,20,205.6,76,,,,,,,,,,,,,0,0
2011-03-31,8,529988,54481,0,,245,100,62148.49,31207.47,31207.47,7371.34,170.54,100,182.28,40,197.4,20,205.6,76,,,,,,,,,,,,,0,0
2011-03-31,9,529988,54481,0,,245,100,62148.49,31207.47,31207.47,7371.34,170.54,100,182.28,40,197.4,20,205.6,76,,,,,,,,,,,,,0,0
2011-03-31,10,529988,54481,0,,245,100,62148.49,31207.47,31207.47,7371.34,170.54,100,182.28,40,197.4,20,205.6,76,,,,,,,,,,,,,0,0
2011-03-31,11,529988,54481,0,,245,100,62148.49,31207.47,31207.47,7371.34,170.54,100,182.28,40,197.4,20,205.6,76,,,,,,,,,,,,,0,0
2011-03-31,12,529988,54481,0,,245,100,62148.49,31207.47,31207.47,7371.34,170.54,100,182.28,40,197.4,20,205.6,76,,,,,,,,,,,,,0,0
2011-03-31,13,529988,54481,0,,245,100,62148.49,31207.47,31207.47,7371.34,170.54,100,182.28,40,197.4,20,205.6,76,,,,,,,,,,,,,0,0
2011-03-31,14,529988,54481,0,,245,100,62148.49,31207.47,31207.47,7371.34,170.54,100,182.28,40,197.4,20,205.6,76,,,,,,,,,,,,,0,0
2011-03-31,15,529988,54481,0,,245,100,62148.49,31207.47,31207.47,7371.34,170.54,100,182.28,40,197.4,20,205.6,76,,,,,,,,,,,,,0,0
2011-03-31,16,529988,54481,0,,245,100,62148.49,31207.47,31207.47,7371.34,170.54,100,182.28,40,197.4,20,205.6,76,,,,,,,,,,,,,0,0
2011-03-31,17,529988,54481,0,,245,100,62148.49,31207.47,31207.47,7371.34,170.54,100,182.28,40,197.4,20,205.6,76,,,,,,,,,,,,,0,0
2011-03-31,18,529988,54481,0,,245,100,62148.49,31207.47,31207.47,7371.34,170.54,100,182.28,40,197.4,20,205.6,76,,,,,,,,,,,,,0,0
2011-03-31,19,529988,54481,0,,245,100,62148.49,31207.47,31207.47,7371.34,170.54,100,182.28,40,197.4,20,205.6,76,,,,,,,,,,,,,0,0
2011-03-31,20,529988,54481,0,,245,100,62148.49,31207.47,31207.47,7371.34,170.54,100,182.28,40,197.4,20,205.6,76,,,,,,,,,,,,,0,0
2011-03-31,21,529988,54481,0,,245,100,62148.49,31207.47,31207.47,7371.34,170.54,100,182.28,40,197.4,20,205.6,76,,,,,,,,,,,,,0,0
2011-03-31,22,529988,54481,0,,245,100,62148.49,31207.47,31207.47,7371.34,170.54,100,182.28,40,197.4,20,205.6,76,,,,,,,,,,,,,0,0
2011-03-31,23,529988,54481,0,,245,100,62148.49,31207.47,31207.47,7371.34,170.54,100,182.28,40,197.4,20,205.6,76,,,,,,,,,,,,,0,0
2011-03-31,24,529988,54481,0,,245,100,62148.49,31207.47,31207.47,7371.34,170.54,100,182.28,40,197.4,20,205.6,76,,,,,,,,,,,,,0,0
2011-03-31,1,529988,54965,0,,120,45,40697.28,30736.05,23324.8,2102.86,187.31,45,195.49,20,203.59,25,212.28,27,,,,,,,,,,,,,0,0
2011-03-31,2,529988,54965,0,,120,45,40697.28,30736.05,23324.8,2102.86,187.31,45,195.49,20,203.59,25,212.28,27,,,,,,,,,,,,,0,0
2011-03-31,3,529988,54965,0,,120,45,40697.28,30736.05,23324.8,2102.86,187.31,45,195.49,20,203.59,25,212.28,27,,,,,,,,,,,,,0,0
2011-03-31,4,529988,54965,0,,120,45,40697.28,30736.05,23324.8,2102.86,187.31,45,195.49,20,203.59,25,212.28,27,,,,,,,,,,,,,0,0
2011-03-31,5,529988,54965,0,,120,45,40697.28,30736.05,23324.8,2102.86,187.31,45,195.49,20,203.59,25,212.28,27,,,,,,,,,,,,,0,0
2011-03-31,6,529988,54965,0,,120,45,40697.28,30736.05,23324.8,2102.86,187.31,45,195.49,20,203.59,25,212.28,27,,,,,,,,,,,,,0,0
2011-03-31,7,529988,54965,0,,120,45,40697.28,30736.05,23324.8,2102.86,187.31,45,195.49,20,203.59,25,212.28,27,,,,,,,,,,,,,0,0
2011-03-31,8,529988,54965,0,,120,45,40697.28,30736.05,23324.8,2102.86,187.31,45,195.49,20,203.59,25,212.28,27,,,,,,,,,,,,,0,0
2011-03-31,9,529988,54965,0,,120,45,40697.28,30736.05,23324.8,2102.86,187.31,45,195.49,20,203.59,25,212.28,27,,,,,,,,,,,,,0,0
2011-03-31,10,529988,54965,0,,120,45,40697.28,30736.05,23324.8,2102.86,187.31,45,195.49,20,203.59,25,212.28,27,,,,,,,,,,,,,0,0
2011-03-31,11,529988,54965,0,,120,45,40697.28,30736.05,23324.8,2102.86,187.31,45,195.49,20,203.59,25,212.28,27,,,,,,,,,,,,,0,0
2011-03-31,12,529988,54965,0,,120,45,40697.28,30736.05,23324.8,2102.86,187.31,45,195.49,20,203.59,25,212.28,27,,,,,,,,,,,,,0,0
2011-03-31,13,529988,54965,0,,120,45,40697.28,30736.05,23324.8,2102.86,187.31,45,195.49,20,203.59,25,212.28,27,,,,,,,,,,,,,0,0
2011-03-31,14,529988,54965,0,,120,45,40697.28,30736.05,23324.8,2102.86,187.31,45,195.49,20,203.59,25,212.28,27,,,,,,,,,,,,,0,0
2011-03-31,15,529988,54965,0,,120,45,40697.28,30736.05,23324.8,2102.86,187.31,45,195.49,20,203.59,25,212.28,27,,,,,,,,,,,,,0,0
2011-03-31,16,529988,54965,0,,120,45,40697.28,30736.05,23324.8,2102.86,187.31,45,195.49,20,203.59,25,212.28,27,,,,,,,,,,,,,0,0
2011-03-31,17,529988,54965,0,,120,45,40697.28,30736.05,23324.8,2102.86,187.31,45,195.49,20,203.59,25,212.28,27,,,,,,,,,,,,,0,0
2011-03-31,18,529988,54965,0,,120,45,40697.28,30736.05,23324.8,2102.86,187.31,45,195.49,20,203.59,25,212.28,27,,,,,,,,,,,,,0,0
2011-03-31,19,529988,54965,0,,120,45,40697.28,30736.05,23324.8,2102.86,187.31,45,195.49,20,203.59,25,212.28,27,,,,,,,,,,,,,0,0
2011-03-31,20,529988,54965,0,,120,45,40697.28,30736.05,23324.8,2102.86,187.31,45,195.49,20,203.59,25,212.28,27,,,,,,,,,,,,,0,0
2011-03-31,21,529988,54965,0,,120,45,40697.28,30736.05,23324.8,2102.86,187.31,45,195.49,20,203.59,25,212.28,27,,,,,,,,,,,,,0,0
2011-03-31,22,529988,54965,0,,120,45,40697.28,30736.05,23324.8,2102.86,187.31,45,195.49,20,203.59,25,212.28,27,,,,,,,,,,,,,0,0
2011-03-31,23,529988,54965,0,,120,45,40697.28,30736.05,23324.8,2102.86,187.31,45,195.49,20,203.59,25,212.28,27,,,,,,,,,,,,,0,0
2011-03-31,24,529988,54965,0,,120,45,40697.28,30736.05,23324.8,2102.86,187.31,45,195.49,20,203.59,25,212.28,27,,,,,,,,,,,,,0,0
2011-03-31,1,529988,61630,0,,17.1,16.1,656.95,656.95,656.95,2336.04,382.26,16.1,,,,,,,,,,,,,,,,,,,0,15
2011-03-31,2,529988,61630,0,,17.1,16.1,656.95,656.95,656.95,2336.04,382.26,16.1,,,,,,,,,,,,,,,,,,,0,15
2011-03-31,3,529988,61630,0,,17.1,16.1,656.95,656.95,656.95,2336.04,382.26,16.1,,,,,,,,,,,,,,,,,,,0,15
2011-03-31,4,529988,61630,0,,17.1,16.1,656.95,656.95,656.95,2336.04,382.26,16.1,,,,,,,,,,,,,,,,,,,0,15
2011-03-31,5,529988,61630,0,,17.1,16.1,656.95,656.95,656.95,2336.04,382.26,16.1,,,,,,,,,,,,,,,,,,,0,15
2011-03-31,6,529988,61630,0,,17.1,16.1,656.95,656.95,656.95,2336.04,382.26,16.1,,,,,,,,,,,,,,,,,,,0,15
2011-03-31,7,529988,61630,0,,17.1,16.1,656.95,656.95,656.95,2336.04,382.26,16.1,,,,,,,,,,,,,,,,,,,0,15
2011-03-31,8,529988,61630,0,,17.1,16.1,656.95,656.95,656.95,2336.04,382.26,16.1,,,,,,,,,,,,,,,,,,,0,15
2011-03-31,9,529988,61630,0,,17.1,16.1,656.95,656.95,656.95,2336.04,382.26,16.1,,,,,,,,,,,,,,,,,,,0,15
2011-03-31,10,529988,61630,0,,17.1,16.1,656.95,656.95,656.95,2336.04,382.26,16.1,,,,,,,,,,,,,,,,,,,0,15
2011-03-31,11,529988,61630,0,,17.1,16.1,656.95,656.95,656.95,2336.04,382.26,16.1,,,,,,,,,,,,,,,,,,,0,15
2011-03-31,12,529988,61630,0,,17.1,16.1,656.95,656.95,656.95,2336.04,382.26,16.1,,,,,,,,,,,,,,,,,,,0,15
2011-03-31,13,529988,61630,0,,17.1,16.1,656.95,656.95,656.95,2336.04,382.26,16.1,,,,,,,,,,,,,,,,,,,0,15
2011-03-31,14,529988,61630,0,,17.1,16.1,656.95,656.95,656.95,2336.04,382.26,16.1,,,,,,,,,,,,,,,,,,,0,15
2011-03-31,15,529988,61630,0,,17.1,16.1,656.95,656.95,656.95,2336.04,382.26,16.1,,,,,,,,,,,,,,,,,,,0,15
2011-03-31,16,529988,61630,0,,17.1,16.1,656.95,656.95,656.95,2336.04,382.26,16.1,,,,,,,,,,,,,,,,,,,0,15
2011-03-31,17,529988,61630,0,,17.1,16.1,656.95,656.95,656.95,2336.04,382.26,16.1,,,,,,,,,,,,,,,,,,,0,15
2011-03-31,18,529988,61630,0,,17.1,16.1,656.95,656.95,656.95,2336.04,382.26,16.1,,,,,,,,,,,,,,,,,,,0,15
2011-03-31,19,529988,61630,0,,17.1,16.1,656.95,656.95,656.95,2336.04,382.26,16.1,,,,,,,,,,,,,,,,,,,0,15
2011-03-31,20,529988,61630,0,,17.1,16.1,656.95,656.95,656.95,2336.04,382.26,16.1,,,,,,,,,,,,,,,,,,,0,15
2011-03-31,21,529988,61630,0,,17.1,16.1,656.95,656.95,656.95,2336.04,382.26,16.1,,,,,,,,,,,,,,,,,,,0,15
2011-03-31,22,529988,61630,0,,17.1,16.1,656.95,656.95,656.95,2336.04,382.26,16.1,,,,,,,,,,,,,,,,,,,0,15
2011-03-31,23,529988,61630,0,,17.1,16.1,656.95,656.95,656.95,2336.04,382.26,16.1,,,,,,,,,,,,,,,,,,,0,15
2011-03-31,24,529988,61630,0,,17.1,16.1,656.95,656.95,656.95,2336.04,382.26,16.1,,,,,,,,,,,,,,,,,,,0,15
2011-03-31,1,529988,69105,0,,23,22,790.58,790.58,790.58,218,384.81,22,,,,,,,,,,,,,,,,,,,22,24
2011-03-31,2,529988,69105,0,,23,22,790.58,790.58,790.58,218,384.81,22,,,,,,,,,,,,,,,,,,,22,24
2011-03-31,3,529988,69105,0,,23,22,790.58,790.58,790.58,218,384.81,22,,,,,,,,,,,,,,,,,,,22,24
2011-03-31,4,529988,69105,0,,23,22,790.58,790.58,790.58,218,384.81,22,,,,,,,,,,,,,,,,,,,22,24
2011-03-31,5,529988,69105,0,,23,22,790.58,790.58,790.58,218,384.81,22,,,,,,,,,,,,,,,,,,,22,24
2011-03-31,6,529988,69105,0,,23,22,790.58,790.58,790.58,218,384.81,22,,,,,,,,,,,,,,,,,,,22,24
2011-03-31,7,529988,69105,0,,23,22,790.58,790.58,790.58,218,384.81,22,,,,,,,,,,,,,,,,,,,22,24
2011-03-31,8,529988,69105,0,,23,22,790.58,790.58,790.58,218,384.81,22,,,,,,,,,,,,,,,,,,,22,24
2011-03-31,9,529988,69105,0,,23,22,790.58,790.58,790.58,218,384.81,22,,,,,,,,,,,,,,,,,,,22,24
2011-03-31,10,529988,69105,0,,23,22,790.58,790.58,790.58,218,384.81,22,,,,,,,,,,,,,,,,,,,22,24
2011-03-31,11,529988,69105,0,,23,22,790.58,790.58,790.58,218,384.81,22,,,,,,,,,,,,,,,,,,,22,24
2011-03-31,12,529988,69105,0,,23,22,790.58,790.58,790.58,218,384.81,22,,,,,,,,,,,,,,,,,,,22,24
2011-03-31,13,529988,69105,0,,23,22,790.58,790.58,790.58,218,384.81,22,,,,,,,,,,,,,,,,,,,22,24
2011-03-31,14,529988,69105,0,,23,22,790.58,790.58,790.58,218,384.81,22,,,,,,,,,,,,,,,,,,,22,24
2011-03-31,15,529988,69105,0,,23,22,790.58,790.58,790.58,218,384.81,22,,,,,,,,,,,,,,,,,,,22,24
2011-03-31,16,529988,69105,0,,23,22,790.58,790.58,790.58,218,384.81,22,,,,,,,,,,,,,,,,,,,22,24
2011-03-31,17,529988,69105,0,,23,22,790.58,790.58,790.58,218,384.81,22,,,,,,,,,,,,,,,,,,,22,24
2011-03-31,18,529988,69105,0,,23,22,790.58,790.58,790.58,218,384.81,22,,,,,,,,,,,,,,,,,,,22,24
2011-03-31,19,529988,69105,0,,23,22,790.58,790.58,790.58,218,384.81,22,,,,,,,,,,,,,,,,,,,22,24
2011-03-31,20,529988,69105,0,,23,22,790.58,790.58,790.58,218,384.81,22,,,,,,,,,,,,,,,,,,,22,24
2011-03-31,21,529988,69105,0,,23,22,790.58,790.58,790.58,218,384.81,22,,,,,,,,,,,,,,,,,,,22,24
2011-03-31,22,529988,69105,0,,23,22,790.58,790.58,790.58,218,384.81,22,,,,,,,,,,,,,,,,,,,22,24
2011-03-31,23,529988,69105,0,,23,22,790.58,790.58,790.58,218,384.81,22,,,,,,,,,,,,,,,,,,,22,24
2011-03-31,24,529988,69105,0,,23,22,790.58,790.58,790.58,218,384.81,22,,,,,,,,,,,,,,,,,,,22,24
2011-03-31,1,529988,69962,0,,172,40,45210.5,35107.3,20460.26,4006.68,177.06,40,190.7,40,200.94,20,207.76,20,220.03,44,,,,,,,,,,,0,0
2011-03-31,2,529988,69962,0,,172,40,45210.5,35107.3,20460.26,4006.68,177.06,40,190.7,40,200.94,20,207.76,20,220.03,44,,,,,,,,,,,0,0
2011-03-31,3,529988,69962,0,,172,40,45210.5,35107.3,20460.26,4006.68,177.06,40,190.7,40,200.94,20,207.76,20,220.03,44,,,,,,,,,,,0,0
2011-03-31,4,529988,69962,0,,172,40,45210.5,35107.3,20460.26,4006.68,177.06,40,190.7,40,200.94,20,207.76,20,220.03,44,,,,,,,,,,,0,0
2011-03-31,5,529988,69962,0,,172,40,45210.5,35107.3,20460.26,4006.68,177.06,40,190.7,40,200.94,20,207.76,20,220.03,44,,,,,,,,,,,0,0
2011-03-31,6,529988,69962,0,,172,40,45210.5,35107.3,20460.26,4006.68,177.06,40,190.7,40,200.94,20,207.76,20,220.03,44,,,,,,,,,,,0,0
2011-03-31,7,529988,69962,0,,172,40,45210.5,35107.3,20460.26,4006.68,177.06,40,190.7,40,200.94,20,207.76,20,220.03,44,,,,,,,,,,,0,0
2011-03-31,8,529988,69962,0,,172,40,45210.5,35107.3,20460.26,4006.68,177.06,40,190.7,40,200.94,20,207.76,20,220.03,44,,,,,,,,,,,0,0
2011-03-31,9,529988,69962,0,,172,40,45210.5,35107.3,20460.26,4006.68,177.06,40,190.7,40,200.94,20,207.76,20,220.03,44,,,,,,,,,,,0,0
2011-03-31,10,529988,69962,0,,172,40,45210.5,35107.3,20460.26,4006.68,177.06,40,190.7,40,200.94,20,207.76,20,220.03,44,,,,,,,,,,,0,0
2011-03-31,11,529988,69962,0,,172,40,45210.5,35107.3,20460.26,4006.68,177.06,40,190.7,40,200.94,20,207.76,20,220.03,44,,,,,,,,,,,0,0
2011-03-31,12,529988,69962,0,,172,40,45210.5,35107.3,20460.26,4006.68,177.06,40,190.7,40,200.94,20,207.76,20,220.03,44,,,,,,,,,,,0,0
2011-03-31,13,529988,69962,0,,172,40,45210.5,35107.3,20460.26,4006.68,177.06,40,190.7,40,200.94,20,207.76,20,220.03,44,,,,,,,,,,,0,0
2011-03-31,14,529988,69962,0,,172,40,45210.5,35107.3,20460.26,4006.68,177.06,40,190.7,40,200.94,20,207.76,20,220.03,44,,,,,,,,,,,0,0
2011-03-31,15,529988,69962,0,,172,40,45210.5,35107.3,20460.26,4006.68,177.06,40,190.7,40,200.94,20,207.76,20,220.03,44,,,,,,,,,,,0,0
2011-03-31,16,529988,69962,0,,172,40,45210.5,35107.3,20460.26,4006.68,177.06,40,190.7,40,200.94,20,207.76,20,220.03,44,,,,,,,,,,,0,0
2011-03-31,17,529988,69962,0,,172,40,45210.5,35107.3,20460.26,4006.68,177.06,40,190.7,40,200.94,20,207.76,20,220.03,44,,,,,,,,,,,0,0
2011-03-31,18,529988,69962,0,,172,40,45210.5,35107.3,20460.26,4006.68,177.06,40,190.7,40,200.94,20,207.76,20,220.03,44,,,,,,,,,,,0,0
2011-03-31,19,529988,69962,0,,172,40,45210.5,35107.3,20460.26,4006.68,177.06,40,190.7,40,200.94,20,207.76,20,220.03,44,,,,,,,,,,,0,0
2011-03-31,20,529988,69962,0,,172,40,45210.5,35107.3,20460.26,4006.68,177.06,40,190.7,40,200.94,20,207.76,20,220.03,44,,,,,,,,,,,0,0
2011-03-31,21,529988,69962,0,,172,40,45210.5,35107.3,20460.26,4006.68,177.06,40,190.7,40,200.94,20,207.76,20,220.03,44,,,,,,,,,,,0,0
2011-03-31,22,529988,69962,0,,172,40,45210.5,35107.3,20460.26,4006.68,177.06,40,190.7,40,200.94,20,207.76,20,220.03,44,,,,,,,,,,,0,0
2011-03-31,23,529988,69962,0,,172,40,45210.5,35107.3,20460.26,4006.68,177.06,40,190.7,40,200.94,20,207.76,20,220.03,44,,,,,,,,,,,0,0
2011-03-31,24,529988,69962,0,,172,40,45210.5,35107.3,20460.26,4006.68,177.06,40,190.7,40,200.94,20,207.76,20,220.03,44,,,,,,,,,,,0,0
2011-03-31,1,529988,70135,0,,22,21,567.21,567.21,567.21,0,391.7,17.1,,,,,,,,,,,,,,,,,,,17.2,23
2011-03-31,2,529988,70135,0,,22,21,567.21,567.21,567.21,0,391.7,17.1,,,,,,,,,,,,,,,,,,,17.2,23
2011-03-31,3,529988,70135,0,,22,21,567.21,567.21,567.21,0,391.7,17.1,,,,,,,,,,,,,,,,,,,17.2,23
2011-03-31,4,529988,70135,0,,22,21,567.21,567.21,567.21,0,391.7,17.1,,,,,,,,,,,,,,,,,,,17.2,23
2011-03-31,5,529988,70135,0,,22,21,567.21,567.21,567.21,0,391.7,17.1,,,,,,,,,,,,,,,,,,,17.2,23
2011-03-31,6,529988,70135,0,,22,21,567.21,567.21,567.21,0,391.7,17.1,,,,,,,,,,,,,,,,,,,17.2,23
2011-03-31,7,529988,70135,0,,22,21,567.21,567.21,567.21,0,391.7,17.1,,,,,,,,,,,,,,,,,,,17.2,23
2011-03-31,8,529988,70135,0,,22,21,567.21,567.21,567.21,0,391.7,17.1,,,,,,,,,,,,,,,,,,,17.2,23
2011-03-31,9,529988,70135,0,,22,21,567.21,567.21,567.21,0,391.7,17.1,,,,,,,,,,,,,,,,,,,17.2,23
2011-03-31,10,529988,70135,0,,22,21,567.21,567.21,567.21,0,391.7,17.1,,,,,,,,,,,,,,,,,,,17.2,23
2011-03-31,11,529988,70135,0,,22,21,567.21,567.21,567.21,0,391.7,17.1,,,,,,,,,,,,,,,,,,,17.2,23
2011-03-31,12,529988,70135,0,,22,21,567.21,567.21,567.21,0,391.7,17.1,,,,,,,,,,,,,,,,,,,17.2,23
2011-03-31,13,529988,70135,0,,22,21,567.21,567.21,567.21,0,391.7,17.1,,,,,,,,,,,,,,,,,,,17.2,23
2011-03-31,14,529988,70135,0,,22,21,567.21,567.21,567.21,0,391.7,17.1,,,,,,,,,,,,,,,,,,,17.2,23
2011-03-31,15,529988,70135,0,,22,21,567.21,567.21,567.21,0,391.7,17.1,,,,,,,,,,,,,,,,,,,17.2,23
2011-03-31,16,529988,70135,0,,22,21,567.21,567.21,567.21,0,391.7,17.1,,,,,,,,,,,,,,,,,,,17.2,23
2011-03-31,17,529988,70135,0,,22,21,567.21,567.21,567.21,0,391.7,17.1,,,,,,,,,,,,,,,,,,,17.2,23
2011-03-31,18,529988,70135,0,,22,21,567.21,567.21,567.21,0,391.7,17.1,,,,,,,,,,,,,,,,,,,17.2,23
2011-03-31,19,529988,70135,0,,22,21,567.21,567.21,567.21,0,391.7,17.1,,,,,,,,,,,,,,,,,,,17.2,23
2011-03-31,20,529988,70135,0,,22,21,567.21,567.21,567.21,0,391.7,17.1,,,,,,,,,,,,,,,,,,,17.2,23
2011-03-31,21,529988,70135,0,,22,21,567.21,567.21,567.21,0,391.7,17.1,,,,,,,,,,,,,,,,,,,17.2,23
2011-03-31,22,529988,70135,0,,22,21,567.21,567.21,567.21,0,391.7,17.1,,,,,,,,,,,,,,,,,,,17.2,23
2011-03-31,23,529988,70135,0,,22,21,567.21,567.21,567.21,0,391.7,17.1,,,,,,,,,,,,,,,,,,,17.2,23
2011-03-31,24,529988,70135,0,,22,21,567.21,567.21,567.21,0,391.7,17.1,,,,,,,,,,,,,,,,,,,17.2,23
2011-03-31,1,529988,70311,0,,19.2,19.2,790.38,790.38,790.38,217,382.8,18.2,383.8,1,,,,,,,,,,,,,,,,,0,18
2011-03-31,2,529988,70311,0,,19.2,19.2,790.38,790.38,790.38,217,382.8,18.2,383.8,1,,,,,,,,,,,,,,,,,0,18
2011-03-31,3,529988,70311,0,,19.2,19.2,790.38,790.38,790.38,217,382.8,18.2,383.8,1,,,,,,,,,,,,,,,,,0,18
2011-03-31,4,529988,70311,0,,19.2,19.2,790.38,790.38,790.38,217,382.8,18.2,383.8,1,,,,,,,,,,,,,,,,,0,18
2011-03-31,5,529988,70311,0,,19.2,19.2,790.38,790.38,790.38,217,382.8,18.2,383.8,1,,,,,,,,,,,,,,,,,0,18
2011-03-31,6,529988,70311,0,,19.2,19.2,790.38,790.38,790.38,217,382.8,18.2,383.8,1,,,,,,,,,,,,,,,,,0,18
2011-03-31,7,529988,70311,0,,19.2,19.2,790.38,790.38,790.38,217,382.8,18.2,383.8,1,,,,,,,,,,,,,,,,,0,18
2011-03-31,8,529988,70311,0,,19.2,19.2,790.38,790.38,790.38,217,382.8,18.2,383.8,1,,,,,,,,,,,,,,,,,0,18
2011-03-31,9,529988,70311,0,,19.2,19.2,790.38,790.38,790.38,217,382.8,18.2,383.8,1,,,,,,,,,,,,,,,,,0,18
2011-03-31,10,529988,70311,0,,19.2,19.2,790.38,790.38,790.38,217,382.8,18.2,383.8,1,,,,,,,,,,,,,,,,,0,18
2011-03-31,11,529988,70311,0,,19.2,19.2,790.38,790.38,790.38,217,382.8,18.2,383.8,1,,,,,,,,,,,,,,,,,0,18
2011-03-31,12,529988,70311,0,,19.2,19.2,790.38,790.38,790.38,217,382.8,18.2,383.8,1,,,,,,,,,,,,,,,,,0,18
2011-03-31,13,529988,70311,0,,19.2,19.2,790.38,790.38,790.38,217,382.8,18.2,383.8,1,,,,,,,,,,,,,,,,,0,18
2011-03-31,14,529988,70311,0,,19.2,19.2,790.38,790.38,790.38,217,382.8,18.2,383.8,1,,,,,,,,,,,,,,,,,0,18
2011-03-31,15,529988,70311,0,,19.2,19.2,790.38,790.38,790.38,217,382.8,18.2,383.8,1,,,,,,,,,,,,,,,,,0,18
2011-03-31,16,529988,70311,0,,19.2,19.2,790.38,790.38,790.38,217,382.8,18.2,383.8,1,,,,,,,,,,,,,,,,,0,18
2011-03-31,17,529988,70311,0,,19.2,19.2,790.38,790.38,790.38,217,382.8,18.2,383.8,1,,,,,,,,,,,,,,,,,0,18
2011-03-31,18,529988,70311,0,,19.2,19.2,790.38,790.38,790.38,217,382.8,18.2,383.8,1,,,,,,,,,,,,,,,,,0,18
2011-03-31,19,529988,70311,0,,19.2,19.2,790.38,790.38,790.38,217,382.8,18.2,383.8,1,,,,,,,,,,,,,,,,,0,18
2011-03-31,20,529988,70311,0,,19.2,19.2,790.38,790.38,790.38,217,382.8,18.2,383.8,1,,,,,,,,,,,,,,,,,0,18
2011-03-31,21,529988,70311,0,,19.2,19.2,790.38,790.38,790.38,217,382.8,18.2,383.8,1,,,,,,,,,,,,,,,,,0,18
2011-03-31,22,529988,70311,0,,19.2,19.2,790.38,790.38,790.38,217,382.8,18.2,383.8,1,,,,,,,,,,,,,,,,,0,18
2011-03-31,23,529988,70311,0,,19.2,19.2,790.38,790.38,790.38,217,382.8,18.2,383.8,1,,,,,,,,,,,,,,,,,0,18
2011-03-31,24,529988,70311,0,,19.2,19.2,790.38,790.38,790.38,217,382.8,18.2,383.8,1,,,,,,,,,,,,,,,,,0,18
2011-03-31,1,529988,71828,0,,39.1,37.8,3349.6,3349.6,3349.6,52.44,304.81,37.8,305.81,1,,,,,,,,,,,,,,,,,0,38
2011-03-31,2,529988,71828,0,,39.1,37.8,3349.6,3349.6,3349.6,52.44,304.81,37.8,305.81,1,,,,,,,,,,,,,,,,,0,38
2011-03-31,3,529988,71828,0,,39.1,37.8,3349.6,3349.6,3349.6,52.44,304.81,37.8,305.81,1,,,,,,,,,,,,,,,,,0,38
2011-03-31,4,529988,71828,0,,39.1,37.8,3349.6,3349.6,3349.6,52.44,304.81,37.8,305.81,1,,,,,,,,,,,,,,,,,0,38
2011-03-31,5,529988,71828,0,,39.1,37.8,3349.6,3349.6,3349.6,52.44,304.81,37.8,305.81,1,,,,,,,,,,,,,,,,,0,38
2011-03-31,6,529988,71828,0,,39.1,37.8,3349.6,3349.6,3349.6,52.44,304.81,37.8,305.81,1,,,,,,,,,,,,,,,,,0,38
2011-03-31,7,529988,71828,0,,39.1,37.8,3349.6,3349.6,3349.6,52.44,304.81,37.8,305.81,1,,,,,,,,,,,,,,,,,0,38
2011-03-31,8,529988,71828,0,,39.1,37.8,3349.6,3349.6,3349.6,52.44,304.81,37.8,305.81,1,,,,,,,,,,,,,,,,,0,38
2011-03-31,9,529988,71828,0,,39.1,37.8,3349.6,3349.6,3349.6,52.44,304.81,37.8,305.81,1,,,,,,,,,,,,,,,,,0,38
2011-03-31,10,529988,71828,0,,39.1,37.8,3349.6,3349.6,3349.6,52.44,304.81,37.8,305.81,1,,,,,,,,,,,,,,,,,0,38
2011-03-31,11,529988,71828,0,,39.1,37.8,3349.6,3349.6,3349.6,52.44,304.81,37.8,305.81,1,,,,,,,,,,,,,,,,,0,38
2011-03-31,12,529988,71828,0,,39.1,37.8,3349.6,3349.6,3349.6,52.44,304.81,37.8,305.81,1,,,,,,,,,,,,,,,,,0,38
2011-03-31,13,529988,71828,0,,39.1,37.8,3349.6,3349.6,3349.6,52.44,304.81,37.8,305.81,1,,,,,,,,,,,,,,,,,0,38
2011-03-31,14,529988,71828,0,,39.1,37.8,3349.6,3349.6,3349.6,52.44,304.81,37.8,305.81,1,,,,,,,,,,,,,,,,,0,38
2011-03-31,15,529988,71828,0,,39.1,37.8,3349.6,3349.6,3349.6,52.44,304.81,37.8,305.81,1,,,,,,,,,,,,,,,,,0,38
2011-03-31,16,529988,71828,0,,39.1,37.8,3349.6,3349.6,3349.6,52.44,304.81,37.8,305.81,1,,,,,,,,,,,,,,,,,0,38
2011-03-31,17,529988,71828,0,,39.1,37.8,3349.6,3349.6,3349.6,52.44,304.81,37.8,305.81,1,,,,,,,,,,,,,,,,,0,38
2011-03-31,18,529988,71828,0,,39.1,37.8,3349.6,3349.6,3349.6,52.44,304.81,37.8,305.81,1,,,,,,,,,,,,,,,,,0,38
2011-03-31,19,529988,71828,0,,39.1,37.8,3349.6,3349.6,3349.6,52.44,304.81,37.8,305.81,1,,,,,,,,,,,,,,,,,0,38
2011-03-31,20,529988,71828,0,,39.1,37.8,3349.6,3349.6,3349.6,52.44,304.81,37.8,305.81,1,,,,,,,,,,,,,,,,,0,38
2011-03-31,21,529988,71828,0,,39.1,37.8,3349.6,3349.6,3349.6,52.44,304.81,37.8,305.81,1,,,,,,,,,,,,,,,,,0,38
2011-03-31,22,529988,71828,0,,39.1,37.8,3349.6,3349.6,3349.6,52.44,304.81,37.8,305.81,1,,,,,,,,,,,,,,,,,0,38
2011-03-31,23,529988,71828,0,,39.1,37.8,3349.6,3349.6,3349.6,52.44,304.81,37.8,305.81,1,,,,,,,,,,,,,,,,,0,38
2011-03-31,24,529988,71828,0,,39.1,37.8,3349.6,3349.6,3349.6,52.44,304.81,37.8,305.81,1,,,,,,,,,,,,,,,,,0,38
2011-03-31,1,529988,72935,0,,23,22,790.33,790.33,790.33,217,384.81,22,,,,,,,,,,,,,,,,,,,22,23.7
2011-03-31,2,529988,72935,0,,23,22,790.33,790.33,790.33,217,384.81,22,,,,,,,,,,,,,,,,,,,22,23.7
2011-03-31,3,529988,72935,0,,23,22,790.33,790.33,790.33,217,384.81,22,,,,,,,,,,,,,,,,,,,22,23.7
2011-03-31,4,529988,72935,0,,23,22,790.33,790.33,790.33,217,384.81,22,,,,,,,,,,,,,,,,,,,22,23.7
2011-03-31,5,529988,72935,0,,23,22,790.33,790.33,790.33,217,384.81,22,,,,,,,,,,,,,,,,,,,22,23.7
2011-03-31,6,529988,72935,0,,23,22,790.33,790.33,790.33,217,384.81,22,,,,,,,,,,,,,,,,,,,22,23.7
2011-03-31,7,529988,72935,0,,23,22,790.33,790.33,790.33,217,384.81,22,,,,,,,,,,,,,,,,,,,22,23.7
2011-03-31,8,529988,72935,0,,23,22,790.33,790.33,790.33,217,384.81,22,,,,,,,,,,,,,,,,,,,22,23.7
2011-03-31,9,529988,72935,0,,23,22,790.33,790.33,790.33,217,384.81,22,,,,,,,,,,,,,,,,,,,22,23.7
2011-03-31,10,529988,72935,0,,23,22,790.33,790.33,790.33,217,384.81,22,,,,,,,,,,,,,,,,,,,22,23.7
2011-03-31,11,529988,72935,0,,23,22,790.33,790.33,790.33,217,384.81,22,,,,,,,,,,,,,,,,,,,22,23.7
2011-03-31,12,529988,72935,0,,23,22,790.33,790.33,790.33,217,384.81,22,,,,,,,,,,,,,,,,,,,22,23.7
2011-03-31,13,529988,72935,0,,23,22,790.33,790.33,790.33,217,384.81,22,,,,,,,,,,,,,,,,,,,22,23.7
2011-03-31,14,529988,72935,0,,23,22,790.33,790.33,790.33,217,384.81,22,,,,,,,,,,,,,,,,,,,22,23.7
2011-03-31,15,529988,72935,0,,23,22,790.33,790.33,790.33,217,384.81,22,,,,,,,,,,,,,,,,,,,22,23.7
2011-03-31,16,529988,72935,0,,23,22,790.33,790.33,790.33,217,384.81,22,,,,,,,,,,,,,,,,,,,22,23.7
2011-03-31,17,529988,72935,0,,23,22,790.33,790.33,790.33,217,384.81,22,,,,,,,,,,,,,,,,,,,22,23.7
2011-03-31,18,529988,72935,0,,23,22,790.33,790.33,790.33,217,384.81,22,,,,,,,,,,,,,,,,,,,22,23.7
2011-03-31,19,529988,72935,0,,23,22,790.33,790.33,790.33,217,384.81,22,,,,,,,,,,,,,,,,,,,22,23.7
2011-03-31,20,529988,72935,0,,23,22,790.33,790.33,790.33,217,384.81,22,,,,,,,,,,,,,,,,,,,22,23.7
2011-03-31,21,529988,72935,0,,23,22,790.33,790.33,790.33,217,384.81,22,,,,,,,,,,,,,,,,,,,22,23.7
2011-03-31,22,529988,72935,0,,23,22,790.33,790.33,790.33,217,384.81,22,,,,,,,,,,,,,,,,,,,22,23.7
2011-03-31,23,529988,72935,0,,23,22,790.33,790.33,790.33,217,384.81,22,,,,,,,,,,,,,,,,,,,22,23.7
2011-03-31,24,529988,72935,0,,23,22,790.33,790.33,790.33,217,384.81,22,,,,,,,,,,,,,,,,,,,22,23.7
2011-03-31,1,529988,73230,0,,39,38,3349.6,3349.6,3349.6,52.44,304.81,38,305.81,1,,,,,,,,,,,,,,,,,0,39.7
2011-03-31,2,529988,73230,0,,39,38,3349.6,3349.6,3349.6,52.44,304.81,38,305.81,1,,,,,,,,,,,,,,,,,0,39.7
2011-03-31,3,529988,73230,0,,39,38,3349.6,3349.6,3349.6,52.44,304.81,38,305.81,1,,,,,,,,,,,,,,,,,0,39.7
2011-03-31,4,529988,73230,0,,39,38,3349.6,3349.6,3349.6,52.44,304.81,38,305.81,1,,,,,,,,,,,,,,,,,0,39.7
2011-03-31,5,529988,73230,0,,39,38,3349.6,3349.6,3349.6,52.44,304.81,38,305.81,1,,,,,,,,,,,,,,,,,0,39.7
2011-03-31,6,529988,73230,0,,39,38,3349.6,3349.6,3349.6,52.44,304.81,38,305.81,1,,,,,,,,,,,,,,,,,0,39.7
2011-03-31,7,529988,73230,0,,39,38,3349.6,3349.6,3349.6,52.44,304.81,38,305.81,1,,,,,,,,,,,,,,,,,0,39.7
2011-03-31,8,529988,73230,0,,39,38,3349.6,3349.6,3349.6,52.44,304.81,38,305.81,1,,,,,,,,,,,,,,,,,0,39.7
2011-03-31,9,529988,73230,0,,39,38,3349.6,3349.6,3349.6,52.44,304.81,38,305.81,1,,,,,,,,,,,,,,,,,0,39.7
2011-03-31,10,529988,73230,0,,39,38,3349.6,3349.6,3349.6,52.44,304.81,38,305.81,1,,,,,,,,,,,,,,,,,0,39.7
2011-03-31,11,529988,73230,0,,39,38,3349.6,3349.6,3349.6,52.44,304.81,38,305.81,1,,,,,,,,,,,,,,,,,0,39.7
2011-03-31,12,529988,73230,0,,39,38,3349.6,3349.6,3349.6,52.44,304.81,38,305.81,1,,,,,,,,,,,,,,,,,0,39.7
2011-03-31,13,529988,73230,0,,39,38,3349.6,3349.6,3349.6,52.44,304.81,38,305.81,1,,,,,,,,,,,,,,,,,0,39.7
2011-03-31,14,529988,73230,0,,39,38,3349.6,3349.6,3349.6,52.44,304.81,38,305.81,1,,,,,,,,,,,,,,,,,0,39.7
2011-03-31,15,529988,73230,0,,39,38,3349.6,3349.6,3349.6,52.44,304.81,38,305.81,1,,,,,,,,,,,,,,,,,0,39.7
2011-03-31,16,529988,73230,0,,39,38,3349.6,3349.6,3349.6,52.44,304.81,38,305.81,1,,,,,,,,,,,,,,,,,0,39.7
2011-03-31,17,529988,73230,0,,39,38,3349.6,3349.6,3349.6,52.44,304.81,38,305.81,1,,,,,,,,,,,,,,,,,0,39.7
2011-03-31,18,529988,73230,0,,39,38,3349.6,3349.6,3349.6,52.44,304.81,38,305.81,1,,,,,,,,,,,,,,,,,0,39.7
2011-03-31,19,529988,73230,0,,39,38,3349.6,3349.6,3349.6,52.44,304.81,38,305.81,1,,,,,,,,,,,,,,,,,0,39.7
2011-03-31,20,529988,73230,0,,39,38,3349.6,3349.6,3349.6,52.44,304.81,38,305.81,1,,,,,,,,,,,,,,,,,0,39.7
2011-03-31,21,529988,73230,0,,39,38,3349.6,3349.6,3349.6,52.44,304.81,38,305.81,1,,,,,,,,,,,,,,,,,0,39.7
2011-03-31,22,529988,73230,0,,39,38,3349.6,3349.6,3349.6,52.44,304.81,38,305.81,1,,,,,,,,,,,,,,,,,0,39.7
2011-03-31,23,529988,73230,0,,39,38,3349.6,3349.6,3349.6,52.44,304.81,38,305.81,1,,,,,,,,,,,,,,,,,0,39.7
2011-03-31,24,529988,73230,0,,39,38,3349.6,3349.6,3349.6,52.44,304.81,38,305.81,1,,,,,,,,,,,,,,,,,0,39.7
2011-03-31,1,529988,74605,0,,23,22,790.33,790.33,790.33,217,384.49,22,,,,,,,,,,,,,,,,,,,22,24
2011-03-31,2,529988,74605,0,,23,22,790.33,790.33,790.33,217,384.49,22,,,,,,,,,,,,,,,,,,,22,24
2011-03-31,3,529988,74605,0,,23,22,790.33,790.33,790.33,217,384.49,22,,,,,,,,,,,,,,,,,,,22,24
2011-03-31,4,529988,74605,0,,23,22,790.33,790.33,790.33,217,384.49,22,,,,,,,,,,,,,,,,,,,22,24
2011-03-31,5,529988,74605,0,,23,22,790.33,790.33,790.33,217,384.49,22,,,,,,,,,,,,,,,,,,,22,24
2011-03-31,6,529988,74605,0,,23,22,790.33,790.33,790.33,217,384.49,22,,,,,,,,,,,,,,,,,,,22,24
2011-03-31,7,529988,74605,0,,23,22,790.33,790.33,790.33,217,384.49,22,,,,,,,,,,,,,,,,,,,22,24
2011-03-31,8,529988,74605,0,,23,22,790.33,790.33,790.33,217,384.49,22,,,,,,,,,,,,,,,,,,,22,24
2011-03-31,9,529988,74605,0,,23,22,790.33,790.33,790.33,217,384.49,22,,,,,,,,,,,,,,,,,,,22,24
2011-03-31,10,529988,74605,0,,23,22,790.33,790.33,790.33,217,384.49,22,,,,,,,,,,,,,,,,,,,22,24
2011-03-31,11,529988,74605,0,,23,22,790.33,790.33,790.33,217,384.49,22,,,,,,,,,,,,,,,,,,,22,24
2011-03-31,12,529988,74605,0,,23,22,790.33,790.33,790.33,217,384.49,22,,,,,,,,,,,,,,,,,,,22,24
2011-03-31,13,529988,74605,0,,23,22,790.33,790.33,790.33,217,384.49,22,,,,,,,,,,,,,,,,,,,22,24
2011-03-31,14,529988,74605,0,,23,22,790.33,790.33,790.33,217,384.49,22,,,,,,,,,,,,,,,,,,,22,24
2011-03-31,15,529988,74605,0,,23,22,790.33,790.33,790.33,217,384.49,22,,,,,,,,,,,,,,,,,,,22,24
2011-03-31,16,529988,74605,0,,23,22,790.33,790.33,790.33,217,384.49,22,,,,,,,,,,,,,,,,,,,22,24
2011-03-31,17,529988,74605,0,,23,22,790.33,790.33,790.33,217,384.49,22,,,,,,,,,,,,,,,,,,,22,24
2011-03-31,18,529988,74605,0,,23,22,790.33,790.33,790.33,217,384.49,22,,,,,,,,,,,,,,,,,,,22,24
2011-03-31,19,529988,74605,0,,23,22,790.33,790.33,790.33,217,384.49,22,,,,,,,,,,,,,,,,,,,22,24
2011-03-31,20,529988,74605,0,,23,22,790.33,790.33,790.33,217,384.49,22,,,,,,,,,,,,,,,,,,,22,24
2011-03-31,21,529988,74605,0,,23,22,790.33,790.33,790.33,217,384.49,22,,,,,,,,,,,,,,,,,,,22,24
2011-03-31,22,529988,74605,0,,23,22,790.33,790.33,790.33,217,384.49,22,,,,,,,,,,,,,,,,,,,22,24
2011-03-31,23,529988,74605,0,,23,22,790.33,790.33,790.33,217,384.49,22,,,,,,,,,,,,,,,,,,,22,24
2011-03-31,24,529988,74605,0,,23,22,790.33,790.33,790.33,217,384.49,22,,,,,,,,,,,,,,,,,,,22,24
2011-03-31,1,529988,75804,0,,23,22,790.33,790.33,790.33,217,384.53,22,,,,,,,,,,,,,,,,,,,22,23.5
2011-03-31,2,529988,75804,0,,23,22,790.33,790.33,790.33,217,384.53,22,,,,,,,,,,,,,,,,,,,22,23.5
2011-03-31,3,529988,75804,0,,23,22,790.33,790.33,790.33,217,384.53,22,,,,,,,,,,,,,,,,,,,22,23.5
2011-03-31,4,529988,75804,0,,23,22,790.33,790.33,790.33,217,384.53,22,,,,,,,,,,,,,,,,,,,22,23.5
2011-03-31,5,529988,75804,0,,23,22,790.33,790.33,790.33,217,384.53,22,,,,,,,,,,,,,,,,,,,22,23.5
2011-03-31,6,529988,75804,0,,23,22,790.33,790.33,790.33,217,384.53,22,,,,,,,,,,,,,,,,,,,22,23.5
2011-03-31,7,529988,75804,0,,23,22,790.33,790.33,790.33,217,384.53,22,,,,,,,,,,,,,,,,,,,22,23.5
2011-03-31,8,529988,75804,0,,23,22,790.33,790.33,790.33,217,384.53,22,,,,,,,,,,,,,,,,,,,22,23.5
2011-03-31,9,529988,75804,0,,23,22,790.33,790.33,790.33,217,384.53,22,,,,,,,,,,,,,,,,,,,22,23.5
2011-03-31,10,529988,75804,0,,23,22,790.33,790.33,790.33,217,384.53,22,,,,,,,,,,,,,,,,,,,22,23.5
2011-03-31,11,529988,75804,0,,23,22,790.33,790.33,790.33,217,384.53,22,,,,,,,,,,,,,,,,,,,22,23.5
2011-03-31,12,529988,75804,0,,23,22,790.33,790.33,790.33,217,384.53,22,,,,,,,,,,,,,,,,,,,22,23.5
2011-03-31,13,529988,75804,0,,23,22,790.33,790.33,790.33,217,384.53,22,,,,,,,,,,,,,,,,,,,22,23.5
2011-03-31,14,529988,75804,0,,23,22,790.33,790.33,790.33,217,384.53,22,,,,,,,,,,,,,,,,,,,22,23.5
2011-03-31,15,529988,75804,0,,23,22,790.33,790.33,790.33,217,384.53,22,,,,,,,,,,,,,,,,,,,22,23.5
2011-03-31,16,529988,75804,0,,23,22,790.33,790.33,790.33,217,384.53,22,,,,,,,,,,,,,,,,,,,22,23.5
2011-03-31,17,529988,75804,0,,23,22,790.33,790.33,790.33,217,384.53,22,,,,,,,,,,,,,,,,,,,22,23.5
2011-03-31,18,529988,75804,0,,23,22,790.33,790.33,790.33,217,384.53,22,,,,,,,,,,,,,,,,,,,22,23.5
2011-03-31,19,529988,75804,0,,23,22,790.33,790.33,790.33,217,384.53,22,,,,,,,,,,,,,,,,,,,22,23.5
2011-03-31,20,529988,75804,0,,23,22,790.33,790.33,790.33,217,384.53,22,,,,,,,,,,,,,,,,,,,22,23.5
2011-03-31,21,529988,75804,0,,23,22,790.33,790.33,790.33,217,384.53,22,,,,,,,,,,,,,,,,,,,22,23.5
2011-03-31,22,529988,75804,0,,23,22,790.33,790.33,790.33,217,384.53,22,,,,,,,,,,,,,,,,,,,22,23.5
2011-03-31,23,529988,75804,0,,23,22,790.33,790.33,790.33,217,384.53,22,,,,,,,,,,,,,,,,,,,22,23.5
2011-03-31,24,529988,75804,0,,23,22,790.33,790.33,790.33,217,384.53,22,,,,,,,,,,,,,,,,,,,22,23.5
2011-03-31,1,529988,79311,0,,0,0,0,0,0,0,,,,,,,,,,,,,,,,,,,,,0,0
2011-03-31,2,529988,79311,0,,0,0,0,0,0,0,,,,,,,,,,,,,,,,,,,,,0,0
2011-03-31,3,529988,79311,0,,0,0,0,0,0,0,,,,,,,,,,,,,,,,,,,,,0,0
2011-03-31,4,529988,79311,0,,0,0,0,0,0,0,,,,,,,,,,,,,,,,,,,,,0,0
2011-03-31,5,529988,79311,0,,0,0,0,0,0,0,,,,,,,,,,,,,,,,,,,,,0,0
2011-03-31,6,529988,79311,0,,0,0,0,0,0,0,,,,,,,,,,,,,,,,,,,,,0,0
2011-03-31,7,529988,79311,0,,0,0,0,0,0,0,,,,,,,,,,,,,,,,,,,,,0,0
2011-03-31,8,529988,79311,0,,0,0,0,0,0,0,,,,,,,,,,,,,,,,,,,,,0,0
2011-03-31,9,529988,79311,0,,0,0,0,0,0,0,,,,,,,,,,,,,,,,,,,,,0,0
2011-03-31,10,529988,79311,0,,0,0,0,0,0,0,,,,,,,,,,,,,,,,,,,,,0,0
2011-03-31,11,529988,79311,0,,0,0,0,0,0,0,,,,,,,,,,,,,,,,,,,,,0,0
2011-03-31,12,529988,79311,0,,0,0,0,0,0,0,,,,,,,,,,,,,,,,,,,,,0,0
2011-03-31,13,529988,79311,0,,0,0,0,0,0,0,,,,,,,,,,,,,,,,,,,,,0,0
2011-03-31,14,529988,79311,0,,0,0,0,0,0,0,,,,,,,,,,,,,,,,,,,,,0,0
2011-03-31,15,529988,79311,0,,0,0,0,0,0,0,,,,,,,,,,,,,,,,,,,,,0,0
2011-03-31,16,529988,79311,0,,0,0,0,0,0,0,,,,,,,,,,,,,,,,,,,,,0,0
2011-03-31,17,529988,79311,0,,0,0,0,0,0,0,,,,,,,,,,,,,,,,,,,,,0,0
2011-03-31,18,529988,79311,0,,0,0,0,0,0,0,,,,,,,,,,,,,,,,,,,,,0,0
2011-03-31,19,529988,79311,0,,0,0,0,0,0,0,,,,,,,,,,,,,,,,,,,,,0,0
2011-03-31,20,529988,79311,0,,0,0,0,0,0,0,,,,,,,,,,,,,,,,,,,,,0,0
2011-03-31,21,529988,79311,0,,0,0,0,0,0,0,,,,,,,,,,,,,,,,,,,,,0,0
2011-03-31,22,529988,79311,0,,0,0,0,0,0,0,,,,,,,,,,,,,,,,,,,,,0,0
2011-03-31,23,529988,79311,0,,0,0,0,0,0,0,,,,,,,,,,,,,,,,,,,,,0,0
2011-03-31,24,529988,79311,0,,0,0,0,0,0,0,,,,,,,,,,,,,,,,,,,,,0,0
2011-03-31,1,529988,83317,0,,38.4,37.4,3349.6,3349.6,3349.6,52.44,304.81,37.4,305.81,1,,,,,,,,,,,,,,,,,0,28.5
2011-03-31,2,529988,83317,0,,38.4,37.4,3349.6,3349.6,3349.6,52.44,304.81,37.4,305.81,1,,,,,,,,,,,,,,,,,0,28.5
2011-03-31,3,529988,83317,0,,38.4,37.4,3349.6,3349.6,3349.6,52.44,304.81,37.4,305.81,1,,,,,,,,,,,,,,,,,0,28.5
2011-03-31,4,529988,83317,0,,38.4,37.4,3349.6,3349.6,3349.6,52.44,304.81,37.4,305.81,1,,,,,,,,,,,,,,,,,0,28.5
2011-03-31,5,529988,83317,0,,38.4,37.4,3349.6,3349.6,3349.6,52.44,304.81,37.4,305.81,1,,,,,,,,,,,,,,,,,0,28.5
2011-03-31,6,529988,83317,0,,38.4,37.4,3349.6,3349.6,3349.6,52.44,304.81,37.4,305.81,1,,,,,,,,,,,,,,,,,0,28.5
2011-03-31,7,529988,83317,0,,38.4,37.4,3349.6,3349.6,3349.6,52.44,304.81,37.4,305.81,1,,,,,,,,,,,,,,,,,0,28.5
2011-03-31,8,529988,83317,0,,38.4,37.4,3349.6,3349.6,3349.6,52.44,304.81,37.4,305.81,1,,,,,,,,,,,,,,,,,0,28.5
2011-03-31,9,529988,83317,0,,38.4,37.4,3349.6,3349.6,3349.6,52.44,304.81,37.4,305.81,1,,,,,,,,,,,,,,,,,0,28.5
2011-03-31,10,529988,83317,0,,38.4,37.4,3349.6,3349.6,3349.6,52.44,304.81,37.4,305.81,1,,,,,,,,,,,,,,,,,0,28.5
2011-03-31,11,529988,83317,0,,38.4,37.4,3349.6,3349.6,3349.6,52.44,304.81,37.4,305.81,1,,,,,,,,,,,,,,,,,0,28.5
2011-03-31,12,529988,83317,0,,38.4,37.4,3349.6,3349.6,3349.6,52.44,304.81,37.4,305.81,1,,,,,,,,,,,,,,,,,0,28.5
2011-03-31,13,529988,83317,0,,38.4,37.4,3349.6,3349.6,3349.6,52.44,304.81,37.4,305.81,1,,,,,,,,,,,,,,,,,0,28.5
2011-03-31,14,529988,83317,0,,38.4,37.4,3349.6,3349.6,3349.6,52.44,304.81,37.4,305.81,1,,,,,,,,,,,,,,,,,0,28.5
2011-03-31,15,529988,83317,0,,38.4,37.4,3349.6,3349.6,3349.6,52.44,304.81,37.4,305.81,1,,,,,,,,,,,,,,,,,0,28.5
2011-03-31,16,529988,83317,0,,38.4,37.4,3349.6,3349.6,3349.6,52.44,304.81,37.4,305.81,1,,,,,,,,,,,,,,,,,0,28.5
2011-03-31,17,529988,83317,0,,38.4,37.4,3349.6,3349.6,3349.6,52.44,304.81,37.4,305.81,1,,,,,,,,,,,,,,,,,0,28.5
2011-03-31,18,529988,83317,0,,38.4,37.4,3349.6,3349.6,3349.6,52.44,304.81,37.4,305.81,1,,,,,,,,,,,,,,,,,0,28.5
2011-03-31,19,529988,83317,0,,38.4,37.4,3349.6,3349.6,3349.6,52.44,304.81,37.4,305.81,1,,,,,,,,,,,,,,,,,0,28.5
2011-03-31,20,529988,83317,0,,38.4,37.4,3349.6,3349.6,3349.6,52.44,304.81,37.4,305.81,1,,,,,,,,,,,,,,,,,0,28.5
2011-03-31,21,529988,83317,0,,38.4,37.4,3349.6,3349.6,3349.6,52.44,304.81,37.4,305.81,1,,,,,,,,,,,,,,,,,0,28.5
2011-03-31,22,529988,83317,0,,38.4,37.4,3349.6,3349.6,3349.6,52.44,304.81,37.4,305.81,1,,,,,,,,,,,,,,,,,0,28.5
2011-03-31,23,529988,83317,0,,38.4,37.4,3349.6,3349.6,3349.6,52.44,304.81,37.4,305.81,1,,,,,,,,,,,,,,,,,0,28.5
2011-03-31,24,529988,83317,0,,38.4,37.4,3349.6,3349.6,3349.6,52.44,304.81,37.4,305.81,1,,,,,,,,,,,,,,,,,0,28.5
2011-03-31,1,529988,96924,0,,81.6,40,35987.85,32485.89,25823.75,1980.56,191.95,40,204.53,20,218.37,21,,,,,,,,,,,,,,,0,0
2011-03-31,2,529988,96924,0,,81.6,40,35987.85,32485.89,25823.75,1980.56,191.95,40,204.53,20,218.37,21,,,,,,,,,,,,,,,0,0
2011-03-31,3,529988,96924,0,,81.6,40,35987.85,32485.89,25823.75,1980.56,191.95,40,204.53,20,218.37,21,,,,,,,,,,,,,,,0,0
2011-03-31,4,529988,96924,0,,81.6,40,35987.85,32485.89,25823.75,1980.56,191.95,40,204.53,20,218.37,21,,,,,,,,,,,,,,,0,0
2011-03-31,5,529988,96924,0,,81.6,40,35987.85,32485.89,25823.75,1980.56,191.95,40,204.53,20,218.37,21,,,,,,,,,,,,,,,0,0
2011-03-31,6,529988,96924,0,,81.6,40,35987.85,32485.89,25823.75,1980.56,191.95,40,204.53,20,218.37,21,,,,,,,,,,,,,,,0,0
2011-03-31,7,529988,96924,0,,81.6,40,35987.85,32485.89,25823.75,1980.56,191.95,40,204.53,20,218.37,21,,,,,,,,,,,,,,,0,0
2011-03-31,8,529988,96924,0,,81.6,40,35987.85,32485.89,25823.75,1980.56,191.95,40,204.53,20,218.37,21,,,,,,,,,,,,,,,0,0
2011-03-31,9,529988,96924,0,,81.6,40,35987.85,32485.89,25823.75,1980.56,191.95,40,204.53,20,218.37,21,,,,,,,,,,,,,,,0,0
2011-03-31,10,529988,96924,0,,81.6,40,35987.85,32485.89,25823.75,1980.56,191.95,40,204.53,20,218.37,21,,,,,,,,,,,,,,,0,0
2011-03-31,11,529988,96924,0,,81.6,40,35987.85,32485.89,25823.75,1980.56,191.95,40,204.53,20,218.37,21,,,,,,,,,,,,,,,0,0
2011-03-31,12,529988,96924,0,,81.6,40,35987.85,32485.89,25823.75,1980.56,191.95,40,204.53,20,218.37,21,,,,,,,,,,,,,,,0,0
2011-03-31,13,529988,96924,0,,81.6,40,35987.85,32485.89,25823.75,1980.56,191.95,40,204.53,20,218.37,21,,,,,,,,,,,,,,,0,0
2011-03-31,14,529988,96924,0,,81.6,40,35987.85,32485.89,25823.75,1980.56,191.95,40,204.53,20,218.37,21,,,,,,,,,,,,,,,0,0
2011-03-31,15,529988,96924,0,,81.6,40,35987.85,32485.89,25823.75,1980.56,191.95,40,204.53,20,218.37,21,,,,,,,,,,,,,,,0,0
2011-03-31,16,529988,96924,0,,81.6,40,35987.85,32485.89,25823.75,1980.56,191.95,40,204.53,20,218.37,21,,,,,,,,,,,,,,,0,0
2011-03-31,17,529988,96924,0,,81.6,40,35987.85,32485.89,25823.75,1980.56,191.95,40,204.53,20,218.37,21,,,,,,,,,,,,,,,0,0
2011-03-31,18,529988,96924,0,,81.6,40,35987.85,32485.89,25823.75,1980.56,191.95,40,204.53,20,218.37,21,,,,,,,,,,,,,,,0,0
2011-03-31,19,529988,96924,0,,81.6,40,35987.85,32485.89,25823.75,1980.56,191.95,40,204.53,20,218.37,21,,,,,,,,,,,,,,,0,0
2011-03-31,20,529988,96924,0,,81.6,40,35987.85,32485.89,25823.75,1980.56,191.95,40,204.53,20,218.37,21,,,,,,,,,,,,,,,0,0
2011-03-31,21,529988,96924,0,,81.6,40,35987.85,32485.89,25823.75,1980.56,191.95,40,204.53,20,218.37,21,,,,,,,,,,,,,,,0,0
2011-03-31,22,529988,96924,0,,81.6,40,35987.85,32485.89,25823.75,1980.56,191.95,40,204.53,20,218.37,21,,,,,,,,,,,,,,,0,0
2011-03-31,23,529988,96924,0,,81.6,40,35987.85,32485.89,25823.75,1980.56,191.95,40,204.53,20,218.37,21,,,,,,,,,,,,,,,0,0
2011-03-31,24,529988,96924,0,,81.6,40,35987.85,32485.89,25823.75,1980.56,191.95,40,204.53,20,218.37,21,,,,,,,,,,,,,,,0,0
2011-03-31,1,529988,97257,0,,21.8,20.8,716.88,716.88,716.88,217,241.38,20.8,,,,,,,,,,,,,,,,,,,23,19
2011-03-31,2,529988,97257,0,,21.8,20.8,716.88,716.88,716.88,217,241.38,20.8,,,,,,,,,,,,,,,,,,,23,19
2011-03-31,3,529988,97257,0,,21.8,20.8,716.88,716.88,716.88,217,241.38,20.8,,,,,,,,,,,,,,,,,,,23,19
2011-03-31,4,529988,97257,0,,21.8,20.8,716.88,716.88,716.88,217,241.38,20.8,,,,,,,,,,,,,,,,,,,23,19
2011-03-31,5,529988,97257,0,,21.8,20.8,716.88,716.88,716.88,217,241.38,20.8,,,,,,,,,,,,,,,,,,,23,19
2011-03-31,6,529988,97257,0,,21.8,20.8,716.88,716.88,716.88,217,241.38,20.8,,,,,,,,,,,,,,,,,,,23,19
2011-03-31,7,529988,97257,0,,21.8,20.8,716.88,716.88,716.88,217,241.38,20.8,,,,,,,,,,,,,,,,,,,23,19
2011-03-31,8,529988,97257,0,,21.8,20.8,716.88,716.88,716.88,217,241.38,20.8,,,,,,,,,,,,,,,,,,,23,19
2011-03-31,9,529988,97257,0,,21.8,20.8,716.88,716.88,716.88,217,241.38,20.8,,,,,,,,,,,,,,,,,,,23,19
2011-03-31,10,529988,97257,0,,21.8,20.8,716.88,716.88,716.88,217,241.38,20.8,,,,,,,,,,,,,,,,,,,23,19
2011-03-31,11,529988,97257,0,,21.8,20.8,716.88,716.88,716.88,217,241.38,20.8,,,,,,,,,,,,,,,,,,,23,19
2011-03-31,12,529988,97257,0,,21.8,20.8,716.88,716.88,716.88,217,241.38,20.8,,,,,,,,,,,,,,,,,,,23,19
2011-03-31,13,529988,97257,0,,21.8,20.8,716.88,716.88,716.88,217,241.38,20.8,,,,,,,,,,,,,,,,,,,23,19
2011-03-31,14,529988,97257,0,,21.8,20.8,716.88,716.88,716.88,217,241.38,20.8,,,,,,,,,,,,,,,,,,,23,19
2011-03-31,15,529988,97257,0,,21.8,20.8,716.88,716.88,716.88,217,241.38,20.8,,,,,,,,,,,,,,,,,,,23,19
2011-03-31,16,529988,97257,0,,21.8,20.8,716.88,716.88,716.88,217,241.38,20.8,,,,,,,,,,,,,,,,,,,23,19
2011-03-31,17,529988,97257,0,,21.8,20.8,716.88,716.88,716.88,217,241.38,20.8,,,,,,,,,,,,,,,,,,,23,19
2011-03-31,18,529988,97257,0,,21.8,20.8,716.88,716.88,716.88,217,241.38,20.8,,,,,,,,,,,,,,,,,,,23,19
2011-03-31,19,529988,97257,0,,21.8,20.8,716.88,716.88,716.88,217,241.38,20.8,,,,,,,,,,,,,,,,,,,23,19
2011-03-31,20,529988,97257,0,,21.8,20.8,716.88,716.88,716.88,217,241.38,20.8,,,,,,,,,,,,,,,,,,,23,19
2011-03-31,21,529988,97257,0,,21.8,20.8,716.88,716.88,716.88,217,241.38,20.8,,,,,,,,,,,,,,,,,,,23,19
2011-03-31,22,529988,97257,0,,21.8,20.8,716.88,716.88,716.88,217,241.38,20.8,,,,,,,,,,,,,,,,,,,23,19
2011-03-31,23,529988,97257,0,,21.8,20.8,716.88,716.88,716.88,217,241.38,20.8,,,,,,,,,,,,,,,,,,,23,19
2011-03-31,24,529988,97257,0,,21.8,20.8,716.88,716.88,716.88,217,241.38,20.8,,,,,,,,,,,,,,,,,,,23,19
2011-03-31,1,535574,29515,0,,53.3,30,166.3,0,0,6427.6,276.01,68.1,,,,,,,,,,,,,,,,,,,0,0
2011-03-31,2,535574,29515,0,,53.3,30,166.3,0,0,6427.6,276.01,68.1,,,,,,,,,,,,,,,,,,,0,0
2011-03-31,3,535574,29515,0,,53.3,30,166.3,0,0,6427.6,276.01,68.1,,,,,,,,,,,,,,,,,,,0,0
2011-03-31,4,535574,29515,0,,53.3,30,166.3,0,0,6427.6,276.01,68.1,,,,,,,,,,,,,,,,,,,0,0
2011-03-31,5,535574,29515,0,,53.3,30,166.3,0,0,6427.6,276.01,68.1,,,,,,,,,,,,,,,,,,,0,0
2011-03-31,6,535574,29515,0,,53.3,30,166.3,0,0,6427.6,276.01,68.1,,,,,,,,,,,,,,,,,,,0,0
2011-03-31,7,535574,29515,0,,53.3,30,166.3,0,0,6427.6,276.01,68.1,,,,,,,,,,,,,,,,,,,0,0
2011-03-31,8,535574,29515,0,,53.3,30,166.3,0,0,6427.6,276.01,68.1,,,,,,,,,,,,,,,,,,,0,0
2011-03-31,9,535574,29515,0,,53.3,30,166.3,0,0,6427.6,276.01,68.1,,,,,,,,,,,,,,,,,,,0,0
2011-03-31,10,535574,29515,0,,53.3,30,166.3,0,0,6427.6,276.01,68.1,,,,,,,,,,,,,,,,,,,0,0
2011-03-31,11,535574,29515,0,,53.3,30,166.3,0,0,6427.6,276.01,68.1,,,,,,,,,,,,,,,,,,,0,0
2011-03-31,12,535574,29515,0,,53.3,30,166.3,0,0,6427.6,276.01,68.1,,,,,,,,,,,,,,,,,,,0,0
2011-03-31,13,535574,29515,0,,53.3,30,166.3,0,0,6427.6,276.01,68.1,,,,,,,,,,,,,,,,,,,0,0
2011-03-31,14,535574,29515,0,,53.3,30,166.3,0,0,6427.6,276.01,68.1,,,,,,,,,,,,,,,,,,,0,0
2011-03-31,15,535574,29515,0,,53.3,30,166.3,0,0,6427.6,276.01,68.1,,,,,,,,,,,,,,,,,,,0,0
2011-03-31,16,535574,29515,0,,53.3,30,166.3,0,0,6427.6,276.01,68.1,,,,,,,,,,,,,,,,,,,0,0
2011-03-31,17,535574,29515,0,,53.3,30,166.3,0,0,6427.6,276.01,68.1,,,,,,,,,,,,,,,,,,,0,0
2011-03-31,18,535574,29515,0,,53.3,30,166.3,0,0,6427.6,276.01,68.1,,,,,,,,,,,,,,,,,,,0,0
2011-03-31,19,535574,29515,0,,53.3,30,166.3,0,0,6427.6,276.01,68.1,,,,,,,,,,,,,,,,,,,0,0
2011-03-31,20,535574,29515,0,,53.3,30,166.3,0,0,6427.6,276.01,68.1,,,,,,,,,,,,,,,,,,,0,0
2011-03-31,21,535574,29515,0,,53.3,30,166.3,0,0,6427.6,276.01,68.1,,,,,,,,,,,,,,,,,,,0,0
2011-03-31,22,535574,29515,0,,53.3,30,166.3,0,0,6427.6,276.01,68.1,,,,,,,,,,,,,,,,,,,0,0
2011-03-31,23,535574,29515,0,,53.3,30,166.3,0,0,6427.6,276.01,68.1,,,,,,,,,,,,,,,,,,,0,0
2011-03-31,24,535574,29515,0,,53.3,30,166.3,0,0,6427.6,276.01,68.1,,,,,,,,,,,,,,,,,,,0,0
2011-03-31,1,547098,63551,11,,19.7,11,0,0,0,0,41.08,15,150,4.7,,,,,,,,,,,,,,,,,0,0
2011-03-31,2,547098,63551,11,,19.7,11,0,0,0,0,41.08,15,150,4.7,,,,,,,,,,,,,,,,,0,0
2011-03-31,3,547098,63551,11,,19.7,11,0,0,0,0,41.08,15,150,4.7,,,,,,,,,,,,,,,,,0,0
2011-03-31,4,547098,63551,11,,19.7,11,0,0,0,0,41.08,15,150,4.7,,,,,,,,,,,,,,,,,0,0
2011-03-31,5,547098,63551,11,,19.7,11,0,0,0,0,41.08,15,150,4.7,,,,,,,,,,,,,,,,,0,0
2011-03-31,6,547098,63551,11,,19.7,11,0,0,0,0,41.08,15,150,4.7,,,,,,,,,,,,,,,,,0,0
2011-03-31,7,547098,63551,11,,19.7,11,0,0,0,0,41.08,15,150,4.7,,,,,,,,,,,,,,,,,0,0
2011-03-31,8,547098,63551,11,,19.7,11,0,0,0,0,41.08,15,150,4.7,,,,,,,,,,,,,,,,,0,0
2011-03-31,9,547098,63551,11,,19.7,11,0,0,0,0,41.08,15,150,4.7,,,,,,,,,,,,,,,,,0,0
2011-03-31,10,547098,63551,11,,19.7,11,0,0,0,0,41.08,15,150,4.7,,,,,,,,,,,,,,,,,0,0
2011-03-31,11,547098,63551,11,,19.7,11,0,0,0,0,41.08,15,150,4.7,,,,,,,,,,,,,,,,,0,0
2011-03-31,12,547098,63551,11,,19.7,11,0,0,0,0,41.08,15,150,4.7,,,,,,,,,,,,,,,,,0,0
2011-03-31,13,547098,63551,11,,19.7,11,0,0,0,0,41.08,15,150,4.7,,,,,,,,,,,,,,,,,0,0
2011-03-31,14,547098,63551,11,,19.7,11,0,0,0,0,41.08,15,150,4.7,,,,,,,,,,,,,,,,,0,0
2011-03-31,15,547098,63551,11,,19.7,11,0,0,0,0,41.08,15,150,4.7,,,,,,,,,,,,,,,,,0,0
2011-03-31,16,547098,63551,11,,19.7,11,0,0,0,0,41.08,15,150,4.7,,,,,,,,,,,,,,,,,0,0
2011-03-31,17,547098,63551,11,,19.7,11,0,0,0,0,41.08,15,150,4.7,,,,,,,,,,,,,,,,,0,0
2011-03-31,18,547098,63551,11,,19.7,11,0,0,0,0,41.08,15,150,4.7,,,,,,,,,,,,,,,,,0,0
2011-03-31,19,547098,63551,11,,19.7,11,0,0,0,0,41.08,15,150,4.7,,,,,,,,,,,,,,,,,0,0
2011-03-31,20,547098,63551,11,,19.7,11,0,0,0,0,41.08,15,150,4.7,,,,,,,,,,,,,,,,,0,0
2011-03-31,21,547098,63551,11,,19.7,11,0,0,0,0,41.08,15,150,4.7,,,,,,,,,,,,,,,,,0,0
2011-03-31,22,547098,63551,11,,19.7,11,0,0,0,0,41.08,15,150,4.7,,,,,,,,,,,,,,,,,0,0
2011-03-31,23,547098,63551,11,,19.7,11,0,0,0,0,41.08,15,150,4.7,,,,,,,,,,,,,,,,,0,0
2011-03-31,24,547098,63551,11,,19.7,11,0,0,0,0,41.08,15,150,4.7,,,,,,,,,,,,,,,,,0,0
2011-03-31,1,547596,31313,0,,57.4,39,915.42,915.42,915.42,555.56,53.62,39,55.36,3,55.95,5,56.48,5.6,57.27,4.8,,,,,,,,,,,0,0
2011-03-31,2,547596,31313,0,,57.4,39,915.42,915.42,915.42,555.56,53.62,39,55.36,3,55.95,5,56.48,5.6,57.27,4.8,,,,,,,,,,,0,0
2011-03-31,3,547596,31313,0,,57.4,39,915.42,915.42,915.42,555.56,53.62,39,55.36,3,55.95,5,56.48,5.6,57.27,4.8,,,,,,,,,,,0,0
2011-03-31,4,547596,31313,0,,57.4,39,915.42,915.42,915.42,555.56,53.62,39,55.36,3,55.95,5,56.48,5.6,57.27,4.8,,,,,,,,,,,0,0
2011-03-31,5,547596,31313,0,,57.4,39,915.42,915.42,915.42,555.56,53.62,39,55.36,3,55.95,5,56.48,5.6,57.27,4.8,,,,,,,,,,,0,0
2011-03-31,6,547596,31313,0,,57.4,39,915.42,915.42,915.42,555.56,53.62,39,55.36,3,55.95,5,56.48,5.6,57.27,4.8,,,,,,,,,,,0,0
2011-03-31,7,547596,31313,0,,57.4,39,915.42,915.42,915.42,555.56,53.62,39,55.36,3,55.95,5,56.48,5.6,57.27,4.8,,,,,,,,,,,0,0
2011-03-31,8,547596,31313,0,,57.4,39,915.42,915.42,915.42,555.56,53.62,39,55.36,3,55.95,5,56.48,5.6,57.27,4.8,,,,,,,,,,,0,0
2011-03-31,9,547596,31313,0,,57.4,39,915.42,915.42,915.42,555.56,53.62,39,55.36,3,55.95,5,56.48,5.6,57.27,4.8,,,,,,,,,,,0,0
2011-03-31,10,547596,31313,0,,57.4,39,915.42,915.42,915.42,555.56,53.62,39,55.36,3,55.95,5,56.48,5.6,57.27,4.8,,,,,,,,,,,0,0
2011-03-31,11,547596,31313,0,,57.4,39,915.42,915.42,915.42,555.56,53.62,39,55.36,3,55.95,5,56.48,5.6,57.27,4.8,,,,,,,,,,,0,0
2011-03-31,12,547596,31313,0,,57.4,39,915.42,915.42,915.42,555.56,53.62,39,55.36,3,55.95,5,56.48,5.6,57.27,4.8,,,,,,,,,,,0,0
2011-03-31,13,547596,31313,0,,57.4,39,915.42,915.42,915.42,555.56,53.62,39,55.36,3,55.95,5,56.48,5.6,57.27,4.8,,,,,,,,,,,0,0
2011-03-31,14,547596,31313,0,,57.4,39,915.42,915.42,915.42,555.56,53.62,39,55.36,3,55.95,5,56.48,5.6,57.27,4.8,,,,,,,,,,,0,0
2011-03-31,15,547596,31313,0,,57.4,39,915.42,915.42,915.42,555.56,53.62,39,55.36,3,55.95,5,56.48,5.6,57.27,4.8,,,,,,,,,,,0,0
2011-03-31,16,547596,31313,0,,57.4,39,915.42,915.42,915.42,555.56,53.62,39,55.36,3,55.95,5,56.48,5.6,57.27,4.8,,,,,,,,,,,0,0
2011-03-31,17,547596,31313,0,,57.4,39,915.42,915.42,915.42,555.56,53.62,39,55.36,3,55.95,5,56.48,5.6,57.27,4.8,,,,,,,,,,,0,0
2011-03-31,18,547596,31313,0,,57.4,39,915.42,915.42,915.42,555.56,53.62,39,55.36,3,55.95,5,56.48,5.6,57.27,4.8,,,,,,,,,,,0,0
2011-03-31,19,547596,31313,0,,57.4,39,915.42,915.42,915.42,555.56,53.62,39,55.36,3,55.95,5,56.48,5.6,57.27,4.8,,,,,,,,,,,0,0
2011-03-31,20,547596,31313,0,,57.4,39,915.42,915.42,915.42,555.56,53.62,39,55.36,3,55.95,5,56.48,5.6,57.27,4.8,,,,,,,,,,,0,0
2011-03-31,21,547596,31313,0,,57.4,39,915.42,915.42,915.42,555.56,53.62,39,55.36,3,55.95,5,56.48,5.6,57.27,4.8,,,,,,,,,,,0,0
2011-03-31,22,547596,31313,0,,57.4,39,915.42,915.42,915.42,555.56,53.62,39,55.36,3,55.95,5,56.48,5.6,57.27,4.8,,,,,,,,,,,0,0
2011-03-31,23,547596,31313,0,,57.4,39,915.42,915.42,915.42,555.56,53.62,39,55.36,3,55.95,5,56.48,5.6,57.27,4.8,,,,,,,,,,,0,0
2011-03-31,24,547596,31313,0,,57.4,39,915.42,915.42,915.42,555.56,53.62,39,55.36,3,55.95,5,56.48,5.6,57.27,4.8,,,,,,,,,,,0,0
2011-03-31,1,547596,55289,0,,87,50,7096.44,7096.44,7096.44,6263.06,184.41,45,188.22,25,193.95,26,,,,,,,,,,,,,,,0,40
2011-03-31,2,547596,55289,0,,87,50,7096.44,7096.44,7096.44,6263.06,184.41,45,188.22,25,193.95,26,,,,,,,,,,,,,,,0,40
2011-03-31,3,547596,55289,0,,87,50,7096.44,7096.44,7096.44,6263.06,184.41,45,188.22,25,193.95,26,,,,,,,,,,,,,,,0,40
2011-03-31,4,547596,55289,0,,87,50,7096.44,7096.44,7096.44,6263.06,184.41,45,188.22,25,193.95,26,,,,,,,,,,,,,,,0,40
2011-03-31,5,547596,55289,0,,88,50,7096.44,7096.44,7096.44,6263.06,184.41,45,188.22,25,193.95,26,,,,,,,,,,,,,,,0,40
2011-03-31,6,547596,55289,0,,88,50,7096.44,7096.44,7096.44,6263.06,184.41,45,188.22,25,193.95,26,,,,,,,,,,,,,,,0,40
2011-03-31,7,547596,55289,0,,88,50,7096.44,7096.44,7096.44,6263.06,184.41,45,188.22,25,193.95,26,,,,,,,,,,,,,,,0,40
2011-03-31,8,547596,55289,0,,87,50,7096.44,7096.44,7096.44,6263.06,184.41,45,188.22,25,193.95,26,,,,,,,,,,,,,,,0,40
2011-03-31,9,547596,55289,0,,87,50,7096.44,7096.44,7096.44,6263.06,184.41,45,188.22,25,193.95,26,,,,,,,,,,,,,,,0,40
2011-03-31,10,547596,55289,0,,87,50,7096.44,7096.44,7096.44,6263.06,184.41,45,188.22,25,193.95,26,,,,,,,,,,,,,,,0,40
2011-03-31,11,547596,55289,0,,86,50,7096.44,7096.44,7096.44,6263.06,184.41,45,188.22,25,193.95,26,,,,,,,,,,,,,,,0,40
2011-03-31,12,547596,55289,0,,86,50,7096.44,7096.44,7096.44,6263.06,184.41,45,188.22,25,193.95,26,,,,,,,,,,,,,,,0,40
2011-03-31,13,547596,55289,0,,86,50,7096.44,7096.44,7096.44,6263.06,184.41,45,188.22,25,193.95,26,,,,,,,,,,,,,,,0,40
2011-03-31,14,547596,55289,0,,85,50,7096.44,7096.44,7096.44,6263.06,184.41,45,188.22,25,193.95,26,,,,,,,,,,,,,,,0,40
2011-03-31,15,547596,55289,0,,85,50,7096.44,7096.44,7096.44,6263.06,184.41,45,188.22,25,193.95,26,,,,,,,,,,,,,,,0,40
2011-03-31,16,547596,55289,0,,85,50,7096.44,7096.44,7096.44,6263.06,184.41,45,188.22,25,193.95,26,,,,,,,,,,,,,,,0,40
2011-03-31,17,547596,55289,0,,85,50,7096.44,7096.44,7096.44,6263.06,184.41,45,188.22,25,193.95,26,,,,,,,,,,,,,,,0,40
2011-03-31,18,547596,55289,0,,85,50,7096.44,7096.44,7096.44,6263.06,184.41,45,188.22,25,193.95,26,,,,,,,,,,,,,,,0,40
2011-03-31,19,547596,55289,0,,86,50,7096.44,7096.44,7096.44,6263.06,184.41,45,188.22,25,193.95,26,,,,,,,,,,,,,,,0,40
2011-03-31,20,547596,55289,0,,86,50,7096.44,7096.44,7096.44,6263.06,184.41,45,188.22,25,193.95,26,,,,,,,,,,,,,,,0,40
2011-03-31,21,547596,55289,0,,86,50,7096.44,7096.44,7096.44,6263.06,184.41,45,188.22,25,193.95,26,,,,,,,,,,,,,,,0,40
2011-03-31,22,547596,55289,0,,86,50,7096.44,7096.44,7096.44,6263.06,184.41,45,188.22,25,193.95,26,,,,,,,,,,,,,,,0,40
2011-03-31,23,547596,55289,0,,87,50,7096.44,7096.44,7096.44,6263.06,184.41,45,188.22,25,193.95,26,,,,,,,,,,,,,,,0,40
2011-03-31,24,547596,55289,0,,86,50,7096.44,7096.44,7096.44,6263.06,184.41,45,188.22,25,193.95,26,,,,,,,,,,,,,,,0,40
2011-03-31,1,547596,62068,0,,2.3,1,0,0,0,0,481.33,1,487.15,1,488.47,0.3,,,,,,,,,,,,,,,2.3,2.3
2011-03-31,2,547596,62068,0,,2.3,1,0,0,0,0,481.33,1,487.15,1,488.47,0.3,,,,,,,,,,,,,,,2.3,2.3
2011-03-31,3,547596,62068,0,,2.3,1,0,0,0,0,481.33,1,487.15,1,488.47,0.3,,,,,,,,,,,,,,,2.3,2.3
2011-03-31,4,547596,62068,0,,2.3,1,0,0,0,0,481.33,1,487.15,1,488.47,0.3,,,,,,,,,,,,,,,2.3,2.3
2011-03-31,5,547596,62068,0,,2.3,1,0,0,0,0,481.33,1,487.15,1,488.47,0.3,,,,,,,,,,,,,,,2.3,2.3
2011-03-31,6,547596,62068,0,,2.3,1,0,0,0,0,481.33,1,487.15,1,488.47,0.3,,,,,,,,,,,,,,,2.3,2.3
2011-03-31,7,547596,62068,0,,2.3,1,0,0,0,0,481.33,1,487.15,1,488.47,0.3,,,,,,,,,,,,,,,2.3,2.3
2011-03-31,8,547596,62068,0,,2.3,1,0,0,0,0,481.33,1,487.15,1,488.47,0.3,,,,,,,,,,,,,,,2.3,2.3
2011-03-31,9,547596,62068,0,,2.3,1,0,0,0,0,481.33,1,487.15,1,488.47,0.3,,,,,,,,,,,,,,,2.3,2.3
2011-03-31,10,547596,62068,0,,2.3,1,0,0,0,0,481.33,1,487.15,1,488.47,0.3,,,,,,,,,,,,,,,2.3,2.3
2011-03-31,11,547596,62068,0,,2.3,1,0,0,0,0,481.33,1,487.15,1,488.47,0.3,,,,,,,,,,,,,,,2.3,2.3
2011-03-31,12,547596,62068,0,,2.3,1,0,0,0,0,481.33,1,487.15,1,488.47,0.3,,,,,,,,,,,,,,,2.3,2.3
2011-03-31,13,547596,62068,0,,2.3,1,0,0,0,0,481.33,1,487.15,1,488.47,0.3,,,,,,,,,,,,,,,2.3,2.3
2011-03-31,14,547596,62068,0,,2.3,1,0,0,0,0,481.33,1,487.15,1,488.47,0.3,,,,,,,,,,,,,,,2.3,2.3
2011-03-31,15,547596,62068,0,,2.3,1,0,0,0,0,481.33,1,487.15,1,488.47,0.3,,,,,,,,,,,,,,,2.3,2.3
2011-03-31,16,547596,62068,0,,2.3,1,0,0,0,0,481.33,1,487.15,1,488.47,0.3,,,,,,,,,,,,,,,2.3,2.3
2011-03-31,17,547596,62068,0,,2.3,1,0,0,0,0,481.33,1,487.15,1,488.47,0.3,,,,,,,,,,,,,,,2.3,2.3
2011-03-31,18,547596,62068,0,,2.3,1,0,0,0,0,481.33,1,487.15,1,488.47,0.3,,,,,,,,,,,,,,,2.3,2.3
2011-03-31,19,547596,62068,0,,2.3,1,0,0,0,0,481.33,1,487.15,1,488.47,0.3,,,,,,,,,,,,,,,2.3,2.3
2011-03-31,20,547596,62068,0,,2.3,1,0,0,0,0,481.33,1,487.15,1,488.47,0.3,,,,,,,,,,,,,,,2.3,2.3
2011-03-31,21,547596,62068,0,,2.3,1,0,0,0,0,481.33,1,487.15,1,488.47,0.3,,,,,,,,,,,,,,,2.3,2.3
2011-03-31,22,547596,62068,0,,2.3,1,0,0,0,0,481.33,1,487.15,1,488.47,0.3,,,,,,,,,,,,,,,2.3,2.3
2011-03-31,23,547596,62068,0,,2.3,1,0,0,0,0,481.33,1,487.15,1,488.47,0.3,,,,,,,,,,,,,,,2.3,2.3
2011-03-31,24,547596,62068,0,,2.3,1,0,0,0,0,481.33,1,487.15,1,488.47,0.3,,,,,,,,,,,,,,,2.3,2.3
2011-03-31,1,547596,86074,0,,57.4,39,915.42,915.42,915.42,555.56,53.62,39,55.36,3,55.95,5,56.48,5.6,57.27,4.8,,,,,,,,,,,0,0
2011-03-31,2,547596,86074,0,,57.4,39,915.42,915.42,915.42,555.56,53.62,39,55.36,3,55.95,5,56.48,5.6,57.27,4.8,,,,,,,,,,,0,0
2011-03-31,3,547596,86074,0,,57.4,39,915.42,915.42,915.42,555.56,53.62,39,55.36,3,55.95,5,56.48,5.6,57.27,4.8,,,,,,,,,,,0,0
2011-03-31,4,547596,86074,0,,57.4,39,915.42,915.42,915.42,555.56,53.62,39,55.36,3,55.95,5,56.48,5.6,57.27,4.8,,,,,,,,,,,0,0
2011-03-31,5,547596,86074,0,,57.4,39,915.42,915.42,915.42,555.56,53.62,39,55.36,3,55.95,5,56.48,5.6,57.27,4.8,,,,,,,,,,,0,0
2011-03-31,6,547596,86074,0,,57.4,39,915.42,915.42,915.42,555.56,53.62,39,55.36,3,55.95,5,56.48,5.6,57.27,4.8,,,,,,,,,,,0,0
2011-03-31,7,547596,86074,0,,57.4,39,915.42,915.42,915.42,555.56,53.62,39,55.36,3,55.95,5,56.48,5.6,57.27,4.8,,,,,,,,,,,0,0
2011-03-31,8,547596,86074,0,,57.4,39,915.42,915.42,915.42,555.56,53.62,39,55.36,3,55.95,5,56.48,5.6,57.27,4.8,,,,,,,,,,,0,0
2011-03-31,9,547596,86074,0,,57.4,39,915.42,915.42,915.42,555.56,53.62,39,55.36,3,55.95,5,56.48,5.6,57.27,4.8,,,,,,,,,,,0,0
2011-03-31,10,547596,86074,0,,57.4,39,915.42,915.42,915.42,555.56,53.62,39,55.36,3,55.95,5,56.48,5.6,57.27,4.8,,,,,,,,,,,0,0
2011-03-31,11,547596,86074,0,,57.4,39,915.42,915.42,915.42,555.56,53.62,39,55.36,3,55.95,5,56.48,5.6,57.27,4.8,,,,,,,,,,,0,0
2011-03-31,12,547596,86074,0,,57.4,39,915.42,915.42,915.42,555.56,53.62,39,55.36,3,55.95,5,56.48,5.6,57.27,4.8,,,,,,,,,,,0,0
2011-03-31,13,547596,86074,0,,57.4,39,915.42,915.42,915.42,555.56,53.62,39,55.36,3,55.95,5,56.48,5.6,57.27,4.8,,,,,,,,,,,0,0
2011-03-31,14,547596,86074,0,,57.4,39,915.42,915.42,915.42,555.56,53.62,39,55.36,3,55.95,5,56.48,5.6,57.27,4.8,,,,,,,,,,,0,0
2011-03-31,15,547596,86074,0,,57.4,39,915.42,915.42,915.42,555.56,53.62,39,55.36,3,55.95,5,56.48,5.6,57.27,4.8,,,,,,,,,,,0,0
2011-03-31,16,547596,86074,0,,57.4,39,915.42,915.42,915.42,555.56,53.62,39,55.36,3,55.95,5,56.48,5.6,57.27,4.8,,,,,,,,,,,0,0
2011-03-31,17,547596,86074,0,,57.4,39,915.42,915.42,915.42,555.56,53.62,39,55.36,3,55.95,5,56.48,5.6,57.27,4.8,,,,,,,,,,,0,0
2011-03-31,18,547596,86074,0,,57.4,39,915.42,915.42,915.42,555.56,53.62,39,55.36,3,55.95,5,56.48,5.6,57.27,4.8,,,,,,,,,,,0,0
2011-03-31,19,547596,86074,0,,57.4,39,915.42,915.42,915.42,555.56,53.62,39,55.36,3,55.95,5,56.48,5.6,57.27,4.8,,,,,,,,,,,0,0
2011-03-31,20,547596,86074,0,,57.4,39,915.42,915.42,915.42,555.56,53.62,39,55.36,3,55.95,5,56.48,5.6,57.27,4.8,,,,,,,,,,,0,0
2011-03-31,21,547596,86074,0,,57.4,39,915.42,915.42,915.42,555.56,53.62,39,55.36,3,55.95,5,56.48,5.6,57.27,4.8,,,,,,,,,,,0,0
2011-03-31,22,547596,86074,0,,57.4,39,915.42,915.42,915.42,555.56,53.62,39,55.36,3,55.95,5,56.48,5.6,57.27,4.8,,,,,,,,,,,0,0
2011-03-31,23,547596,86074,0,,57.4,39,915.42,915.42,915.42,555.56,53.62,39,55.36,3,55.95,5,56.48,5.6,57.27,4.8,,,,,,,,,,,0,0
2011-03-31,24,547596,86074,0,,57.4,39,915.42,915.42,915.42,555.56,53.62,39,55.36,3,55.95,5,56.48,5.6,57.27,4.8,,,,,,,,,,,0,0
2011-03-31,1,582462,23443,0,116,29,25,0,0,0,0,150,25,325,1,350,3.1,,,,,,,,,,,,,,,0,29
2011-03-31,2,582462,23443,0,116,29,25,0,0,0,0,150,25,325,1,350,3.1,,,,,,,,,,,,,,,0,29
2011-03-31,3,582462,23443,0,116,29,25,0,0,0,0,150,25,325,1,350,3.1,,,,,,,,,,,,,,,0,29
2011-03-31,4,582462,23443,0,116,29,25,0,0,0,0,150,25,325,1,350,3.1,,,,,,,,,,,,,,,0,29
2011-03-31,5,582462,23443,0,116,29,25,0,0,0,0,150,25,325,1,350,3.1,,,,,,,,,,,,,,,0,29
2011-03-31,6,582462,23443,0,116,29,25,0,0,0,0,150,25,325,1,350,3.1,,,,,,,,,,,,,,,0,29
2011-03-31,7,582462,23443,0,116,29,25,0,0,0,0,150,25,325,1,350,3.1,,,,,,,,,,,,,,,0,29
2011-03-31,8,582462,23443,0,116,29,25,0,0,0,0,150,25,325,1,350,3.1,,,,,,,,,,,,,,,0,29
2011-03-31,9,582462,23443,0,116,29,25,0,0,0,0,150,25,325,1,350,3.1,,,,,,,,,,,,,,,0,29
2011-03-31,10,582462,23443,0,116,29,25,0,0,0,0,150,25,325,1,350,3.1,,,,,,,,,,,,,,,0,29
2011-03-31,11,582462,23443,0,116,29,25,0,0,0,0,150,25,325,1,350,3.1,,,,,,,,,,,,,,,0,29
2011-03-31,12,582462,23443,0,116,29,25,0,0,0,0,150,25,325,1,350,3.1,,,,,,,,,,,,,,,0,29
2011-03-31,13,582462,23443,0,116,29,25,0,0,0,0,150,25,325,1,350,3.1,,,,,,,,,,,,,,,0,29
2011-03-31,14,582462,23443,0,116,29,25,0,0,0,0,150,25,325,1,350,3.1,,,,,,,,,,,,,,,0,29
2011-03-31,15,582462,23443,0,116,29,25,0,0,0,0,150,25,325,1,350,3.1,,,,,,,,,,,,,,,0,29
2011-03-31,16,582462,23443,0,116,29,25,0,0,0,0,150,25,325,1,350,3.1,,,,,,,,,,,,,,,0,29
2011-03-31,17,582462,23443,0,116,29,25,0,0,0,0,150,25,325,1,350,3.1,,,,,,,,,,,,,,,0,29
2011-03-31,18,582462,23443,0,116,29,25,0,0,0,0,150,25,325,1,350,3.1,,,,,,,,,,,,,,,0,29
2011-03-31,19,582462,23443,0,116,29,25,0,0,0,0,150,25,325,1,350,3.1,,,,,,,,,,,,,,,0,29
2011-03-31,20,582462,23443,0,116,29,25,0,0,0,0,150,25,325,1,350,3.1,,,,,,,,,,,,,,,0,29
2011-03-31,21,582462,23443,0,116,29,25,0,0,0,0,150,25,325,1,350,3.1,,,,,,,,,,,,,,,0,29
2011-03-31,22,582462,23443,0,116,29,25,0,0,0,0,150,25,325,1,350,3.1,,,,,,,,,,,,,,,0,29
2011-03-31,23,582462,23443,0,116,29,25,0,0,0,0,150,25,325,1,350,3.1,,,,,,,,,,,,,,,0,29
2011-03-31,24,582462,23443,0,116,29,25,0,0,0,0,150,25,325,1,350,3.1,,,,,,,,,,,,,,,0,29
2011-03-31,1,582462,42369,0,170.4,7.1,2,0,0,0,0,400,7.1,,,,,,,,,,,,,,,,,,,0,0
2011-03-31,2,582462,42369,0,170.4,7.1,2,0,0,0,0,400,7.1,,,,,,,,,,,,,,,,,,,0,0
2011-03-31,3,582462,42369,0,170.4,7.1,2,0,0,0,0,400,7.1,,,,,,,,,,,,,,,,,,,0,0
2011-03-31,4,582462,42369,0,170.4,7.1,2,0,0,0,0,400,7.1,,,,,,,,,,,,,,,,,,,0,0
2011-03-31,5,582462,42369,0,170.4,7.1,2,0,0,0,0,400,7.1,,,,,,,,,,,,,,,,,,,0,0
2011-03-31,6,582462,42369,0,170.4,7.1,2,0,0,0,0,400,7.1,,,,,,,,,,,,,,,,,,,0,0
2011-03-31,7,582462,42369,0,170.4,7.1,2,0,0,0,0,400,7.1,,,,,,,,,,,,,,,,,,,0,0
2011-03-31,8,582462,42369,0,170.4,7.1,2,0,0,0,0,400,7.1,,,,,,,,,,,,,,,,,,,0,0
2011-03-31,9,582462,42369,0,170.4,7.1,2,0,0,0,0,400,7.1,,,,,,,,,,,,,,,,,,,0,0
2011-03-31,10,582462,42369,0,170.4,7.1,2,0,0,0,0,400,7.1,,,,,,,,,,,,,,,,,,,0,0
2011-03-31,11,582462,42369,0,170.4,7.1,2,0,0,0,0,400,7.1,,,,,,,,,,,,,,,,,,,0,0
2011-03-31,12,582462,42369,0,170.4,7.1,2,0,0,0,0,400,7.1,,,,,,,,,,,,,,,,,,,0,0
2011-03-31,13,582462,42369,0,170.4,7.1,2,0,0,0,0,400,7.1,,,,,,,,,,,,,,,,,,,0,0
2011-03-31,14,582462,42369,0,170.4,7.1,2,0,0,0,0,400,7.1,,,,,,,,,,,,,,,,,,,0,0
2011-03-31,15,582462,42369,0,170.4,7.1,2,0,0,0,0,400,7.1,,,,,,,,,,,,,,,,,,,0,0
2011-03-31,16,582462,42369,0,170.4,7.1,2,0,0,0,0,400,7.1,,,,,,,,,,,,,,,,,,,0,0
2011-03-31,17,582462,42369,0,170.4,7.1,2,0,0,0,0,400,7.1,,,,,,,,,,,,,,,,,,,0,0
2011-03-31,18,582462,42369,0,170.4,7.1,2,0,0,0,0,400,7.1,,,,,,,,,,,,,,,,,,,0,0
2011-03-31,19,582462,42369,0,170.4,7.1,2,0,0,0,0,400,7.1,,,,,,,,,,,,,,,,,,,0,0
2011-03-31,20,582462,42369,0,170.4,7.1,2,0,0,0,0,400,7.1,,,,,,,,,,,,,,,,,,,0,0
2011-03-31,21,582462,42369,0,170.4,7.1,2,0,0,0,0,400,7.1,,,,,,,,,,,,,,,,,,,0,0
2011-03-31,22,582462,42369,0,170.4,7.1,2,0,0,0,0,400,7.1,,,,,,,,,,,,,,,,,,,0,0
2011-03-31,23,582462,42369,0,170.4,7.1,2,0,0,0,0,400,7.1,,,,,,,,,,,,,,,,,,,0,0
2011-03-31,24,582462,42369,0,170.4,7.1,2,0,0,0,0,400,7.1,,,,,,,,,,,,,,,,,,,0,0
2011-03-31,1,582462,44047,0,244,10.2,1,0,0,0,0,400,10.2,,,,,,,,,,,,,,,,,,,0,0
2011-03-31,2,582462,44047,0,244,10.2,1,0,0,0,0,400,10.2,,,,,,,,,,,,,,,,,,,0,0
2011-03-31,3,582462,44047,0,244,10.2,1,0,0,0,0,400,10.2,,,,,,,,,,,,,,,,,,,0,0
2011-03-31,4,582462,44047,0,244,10.2,1,0,0,0,0,400,10.2,,,,,,,,,,,,,,,,,,,0,0
2011-03-31,5,582462,44047,0,244,10.2,1,0,0,0,0,400,10.2,,,,,,,,,,,,,,,,,,,0,0
2011-03-31,6,582462,44047,0,244,10.2,1,0,0,0,0,400,10.2,,,,,,,,,,,,,,,,,,,0,0
2011-03-31,7,582462,44047,0,244,10.2,1,0,0,0,0,400,10.2,,,,,,,,,,,,,,,,,,,0,0
2011-03-31,8,582462,44047,0,244,10.2,1,0,0,0,0,400,10.2,,,,,,,,,,,,,,,,,,,0,0
2011-03-31,9,582462,44047,0,244,10.2,1,0,0,0,0,400,10.2,,,,,,,,,,,,,,,,,,,0,0
2011-03-31,10,582462,44047,0,244,10.2,1,0,0,0,0,400,10.2,,,,,,,,,,,,,,,,,,,0,0
2011-03-31,11,582462,44047,0,244,10.2,1,0,0,0,0,400,10.2,,,,,,,,,,,,,,,,,,,0,0
2011-03-31,12,582462,44047,0,244,10.2,1,0,0,0,0,400,10.2,,,,,,,,,,,,,,,,,,,0,0
2011-03-31,13,582462,44047,0,244,10.2,1,0,0,0,0,400,10.2,,,,,,,,,,,,,,,,,,,0,0
2011-03-31,14,582462,44047,0,244,10.2,1,0,0,0,0,400,10.2,,,,,,,,,,,,,,,,,,,0,0
2011-03-31,15,582462,44047,0,244,10.2,1,0,0,0,0,400,10.2,,,,,,,,,,,,,,,,,,,0,0
2011-03-31,16,582462,44047,0,244,10.2,1,0,0,0,0,400,10.2,,,,,,,,,,,,,,,,,,,0,0
2011-03-31,17,582462,44047,0,244,10.2,1,0,0,0,0,400,10.2,,,,,,,,,,,,,,,,,,,0,0
2011-03-31,18,582462,44047,0,244,10.2,1,0,0,0,0,400,10.2,,,,,,,,,,,,,,,,,,,0,0
2011-03-31,19,582462,44047,0,244,10.2,1,0,0,0,0,400,10.2,,,,,,,,,,,,,,,,,,,0,0
2011-03-31,20,582462,44047,0,244,10.2,1,0,0,0,0,400,10.2,,,,,,,,,,,,,,,,,,,0,0
2011-03-31,21,582462,44047,0,244,10.2,1,0,0,0,0,400,10.2,,,,,,,,,,,,,,,,,,,0,0
2011-03-31,22,582462,44047,0,244,10.2,1,0,0,0,0,400,10.2,,,,,,,,,,,,,,,,,,,0,0
2011-03-31,23,582462,44047,0,244,10.2,1,0,0,0,0,400,10.2,,,,,,,,,,,,,,,,,,,0,0
2011-03-31,24,582462,44047,0,244,10.2,1,0,0,0,0,400,10.2,,,,,,,,,,,,,,,,,,,0,0
2011-03-31,1,582462,53298,0,0.1,0,0,300,300,300,0,300,130,350,70,375,70,,,,,,,,,,,,,,,270,270
2011-03-31,2,582462,53298,0,0.1,0,0,300,300,300,0,300,130,350,70,375,70,,,,,,,,,,,,,,,270,270
2011-03-31,3,582462,53298,0,0.1,0,0,300,300,300,0,300,130,350,70,375,70,,,,,,,,,,,,,,,270,270
2011-03-31,4,582462,53298,0,0.1,0,0,300,300,300,0,300,130,350,70,375,70,,,,,,,,,,,,,,,270,270
2011-03-31,5,582462,53298,0,0.1,0,0,300,300,300,0,300,130,350,70,375,70,,,,,,,,,,,,,,,270,270
2011-03-31,6,582462,53298,0,0.1,0,0,300,300,300,0,300,130,350,70,375,70,,,,,,,,,,,,,,,270,270
2011-03-31,7,582462,53298,0,0.1,0,0,300,300,300,0,300,130,350,70,375,70,,,,,,,,,,,,,,,270,270
2011-03-31,8,582462,53298,0,0.1,0,0,300,300,300,0,300,130,350,70,375,70,,,,,,,,,,,,,,,270,270
2011-03-31,9,582462,53298,0,0.1,0,0,300,300,300,0,300,130,350,70,375,70,,,,,,,,,,,,,,,270,270
2011-03-31,10,582462,53298,0,0.1,0,0,300,300,300,0,300,130,350,70,375,70,,,,,,,,,,,,,,,270,270
2011-03-31,11,582462,53298,0,0.1,0,0,300,300,300,0,300,130,350,70,375,70,,,,,,,,,,,,,,,270,270
2011-03-31,12,582462,53298,0,0.1,0,0,300,300,300,0,300,130,350,70,375,70,,,,,,,,,,,,,,,270,270
2011-03-31,13,582462,53298,0,0.1,0,0,300,300,300,0,300,130,350,70,375,70,,,,,,,,,,,,,,,270,270
2011-03-31,14,582462,53298,0,0.1,0,0,300,300,300,0,300,130,350,70,375,70,,,,,,,,,,,,,,,270,270
2011-03-31,15,582462,53298,0,0.1,0,0,300,300,300,0,300,130,350,70,375,70,,,,,,,,,,,,,,,270,270
2011-03-31,16,582462,53298,0,0.1,0,0,300,300,300,0,300,130,350,70,375,70,,,,,,,,,,,,,,,270,270
2011-03-31,17,582462,53298,0,0.1,0,0,300,300,300,0,300,130,350,70,375,70,,,,,,,,,,,,,,,270,270
2011-03-31,18,582462,53298,0,0.1,0,0,300,300,300,0,300,130,350,70,375,70,,,,,,,,,,,,,,,270,270
2011-03-31,19,582462,53298,0,0.1,0,0,300,300,300,0,300,130,350,70,375,70,,,,,,,,,,,,,,,270,270
2011-03-31,20,582462,53298,0,0.1,0,0,300,300,300,0,300,130,350,70,375,70,,,,,,,,,,,,,,,270,270
2011-03-31,21,582462,53298,0,0.1,0,0,300,300,300,0,300,130,350,70,375,70,,,,,,,,,,,,,,,270,270
2011-03-31,22,582462,53298,0,0.1,0,0,300,300,300,0,300,130,350,70,375,70,,,,,,,,,,,,,,,270,270
2011-03-31,23,582462,53298,0,0.1,0,0,300,300,300,0,300,130,350,70,375,70,,,,,,,,,,,,,,,270,270
2011-03-31,24,582462,53298,0,0.1,0,0,300,300,300,0,300,130,350,70,375,70,,,,,,,,,,,,,,,270,270
2011-03-31,1,582462,54142,0,1022.4,42.6,35,0,0,0,0,399,42.5,,,,,,,,,,,,,,,,,,,42.6,42.6
2011-03-31,2,582462,54142,0,1022.4,42.6,35,0,0,0,0,399,42.5,,,,,,,,,,,,,,,,,,,42.6,42.6
2011-03-31,3,582462,54142,0,1022.4,42.6,35,0,0,0,0,399,42.5,,,,,,,,,,,,,,,,,,,42.6,42.6
2011-03-31,4,582462,54142,0,1022.4,42.6,35,0,0,0,0,399,42.5,,,,,,,,,,,,,,,,,,,42.6,42.6
2011-03-31,5,582462,54142,0,1022.4,42.6,35,0,0,0,0,399,42.5,,,,,,,,,,,,,,,,,,,42.6,42.6
2011-03-31,6,582462,54142,0,1022.4,42.6,35,0,0,0,0,399,42.5,,,,,,,,,,,,,,,,,,,42.6,42.6
2011-03-31,7,582462,54142,0,1022.4,42.6,35,0,0,0,0,399,42.5,,,,,,,,,,,,,,,,,,,42.6,42.6
2011-03-31,8,582462,54142,41,1022.4,42.6,41,0,0,0,0,399,42.5,,,,,,,,,,,,,,,,,,,42.6,42.6
2011-03-31,9,582462,54142,41,1022.4,42.6,41,0,0,0,0,399,42.5,,,,,,,,,,,,,,,,,,,42.6,42.6
2011-03-31,10,582462,54142,41,1022.4,42.6,41,0,0,0,0,399,42.5,,,,,,,,,,,,,,,,,,,42.6,42.6
2011-03-31,11,582462,54142,41,1022.4,42.6,41,0,0,0,0,399,42.5,,,,,,,,,,,,,,,,,,,42.6,42.6
2011-03-31,12,582462,54142,41,1022.4,42.6,41,0,0,0,0,399,42.5,,,,,,,,,,,,,,,,,,,42.6,42.6
2011-03-31,13,582462,54142,41,1022.4,42.6,41,0,0,0,0,399,42.5,,,,,,,,,,,,,,,,,,,42.6,42.6
2011-03-31,14,582462,54142,0,1022.4,42.6,35,0,0,0,0,399,42.5,,,,,,,,,,,,,,,,,,,42.6,42.6
2011-03-31,15,582462,54142,0,1022.4,42.6,35,0,0,0,0,399,42.5,,,,,,,,,,,,,,,,,,,42.6,42.6
2011-03-31,16,582462,54142,0,1022.4,42.6,35,0,0,0,0,399,42.5,,,,,,,,,,,,,,,,,,,42.6,42.6
2011-03-31,17,582462,54142,41,1022.4,42.6,41,0,0,0,0,399,42.5,,,,,,,,,,,,,,,,,,,42.6,42.6
2011-03-31,18,582462,54142,41,1022.4,42.6,41,0,0,0,0,399,42.5,,,,,,,,,,,,,,,,,,,42.6,42.6
2011-03-31,19,582462,54142,41,1022.4,42.6,41,0,0,0,0,399,42.5,,,,,,,,,,,,,,,,,,,42.6,42.6
2011-03-31,20,582462,54142,41,1022.4,42.6,41,0,0,0,0,399,42.5,,,,,,,,,,,,,,,,,,,42.6,42.6
2011-03-31,21,582462,54142,41,1022.4,42.6,41,0,0,0,0,399,42.5,,,,,,,,,,,,,,,,,,,42.6,42.6
2011-03-31,22,582462,54142,0,1022.4,42.6,35,0,0,0,0,399,42.5,,,,,,,,,,,,,,,,,,,42.6,42.6
2011-03-31,23,582462,54142,0,1022.4,42.6,35,0,0,0,0,399,42.5,,,,,,,,,,,,,,,,,,,42.6,42.6
2011-03-31,24,582462,54142,0,1022.4,42.6,35,0,0,0,0,399,42.5,,,,,,,,,,,,,,,,,,,42.6,42.6
2011-03-31,1,582462,60188,0,1080,270,130,300,300,300,0,57,130,58,70,59,70,,,,,,,,,,,,,,,270,270
2011-03-31,2,582462,60188,0,1080,270,130,300,300,300,0,57,130,58,70,59,70,,,,,,,,,,,,,,,270,270
2011-03-31,3,582462,60188,0,1080,270,130,300,300,300,0,57,130,58,70,59,70,,,,,,,,,,,,,,,270,270
2011-03-31,4,582462,60188,0,1080,270,130,300,300,300,0,57,130,58,70,59,70,,,,,,,,,,,,,,,270,270
2011-03-31,5,582462,60188,0,1080,270,130,300,300,300,0,57,130,58,70,59,70,,,,,,,,,,,,,,,270,270
2011-03-31,6,582462,60188,0,1080,270,130,300,300,300,0,57,130,58,70,59,70,,,,,,,,,,,,,,,270,270
2011-03-31,7,582462,60188,0,1080,270,130,300,300,300,0,57,130,58,70,59,70,,,,,,,,,,,,,,,270,270
2011-03-31,8,582462,60188,0,1080,270,130,300,300,300,0,57,130,58,70,59,70,,,,,,,,,,,,,,,270,270
2011-03-31,9,582462,60188,0,1080,270,130,300,300,300,0,57,130,58,70,59,70,,,,,,,,,,,,,,,270,270
2011-03-31,10,582462,60188,0,1080,270,130,300,300,300,0,57,130,58,70,59,70,,,,,,,,,,,,,,,270,270
2011-03-31,11,582462,60188,0,1080,270,130,300,300,300,0,57,130,58,70,59,70,,,,,,,,,,,,,,,270,270
2011-03-31,12,582462,60188,0,1080,270,130,300,300,300,0,57,130,58,70,59,70,,,,,,,,,,,,,,,270,270
2011-03-31,13,582462,60188,0,1080,270,130,300,300,300,0,57,130,58,70,59,70,,,,,,,,,,,,,,,270,270
2011-03-31,14,582462,60188,0,1080,270,130,300,300,300,0,57,130,58,70,59,70,,,,,,,,,,,,,,,270,270
2011-03-31,15,582462,60188,0,1080,270,130,300,300,300,0,57,130,58,70,59,70,,,,,,,,,,,,,,,270,270
2011-03-31,16,582462,60188,0,1080,270,130,300,300,300,0,57,130,58,70,59,70,,,,,,,,,,,,,,,270,270
2011-03-31,17,582462,60188,0,1080,270,130,300,300,300,0,57,130,58,70,59,70,,,,,,,,,,,,,,,270,270
2011-03-31,18,582462,60188,0,1080,270,130,300,300,300,0,57,130,58,70,59,70,,,,,,,,,,,,,,,270,270
2011-03-31,19,582462,60188,0,1080,270,130,300,300,300,0,57,130,58,70,59,70,,,,,,,,,,,,,,,270,270
2011-03-31,20,582462,60188,0,1080,270,130,300,300,300,0,57,130,58,70,59,70,,,,,,,,,,,,,,,270,270
2011-03-31,21,582462,60188,0,1080,270,130,300,300,300,0,57,130,58,70,59,70,,,,,,,,,,,,,,,270,270
2011-03-31,22,582462,60188,0,1080,270,130,300,300,300,0,57,130,58,70,59,70,,,,,,,,,,,,,,,270,270
2011-03-31,23,582462,60188,0,1080,270,130,300,300,300,0,57,130,58,70,59,70,,,,,,,,,,,,,,,270,270
2011-03-31,24,582462,60188,0,1080,270,130,300,300,300,0,57,130,58,70,59,70,,,,,,,,,,,,,,,270,270
2011-03-31,1,582462,64891,30,1483.2,61.8,30,0,0,0,0,400,61.8,,,,,,,,,,,,,,,,,,,0,51.5
2011-03-31,2,582462,64891,30,1483.2,61.8,30,0,0,0,0,400,61.8,,,,,,,,,,,,,,,,,,,0,51.5
2011-03-31,3,582462,64891,30,1483.2,61.8,30,0,0,0,0,400,61.8,,,,,,,,,,,,,,,,,,,0,51.5
2011-03-31,4,582462,64891,30,1483.2,61.8,30,0,0,0,0,400,61.8,,,,,,,,,,,,,,,,,,,0,51.5
2011-03-31,5,582462,64891,30,1483.2,61.8,30,0,0,0,0,400,61.8,,,,,,,,,,,,,,,,,,,0,51.5
2011-03-31,6,582462,64891,30,1483.2,61.8,30,0,0,0,0,400,61.8,,,,,,,,,,,,,,,,,,,0,51.5
2011-03-31,7,582462,64891,30,1483.2,61.8,30,0,0,0,0,400,61.8,,,,,,,,,,,,,,,,,,,0,51.5
2011-03-31,8,582462,64891,30,1483.2,61.8,30,0,0,0,0,400,61.8,,,,,,,,,,,,,,,,,,,0,51.5
2011-03-31,9,582462,64891,10,1483.2,61.8,10,0,0,0,0,400,61.8,,,,,,,,,,,,,,,,,,,0,51.5
2011-03-31,10,582462,64891,0,1483.2,0,0,0,0,0,0,400,61.8,,,,,,,,,,,,,,,,,,,0,51.5
2011-03-31,11,582462,64891,10,1483.2,61.8,10,0,0,0,0,400,61.8,,,,,,,,,,,,,,,,,,,0,51.5
2011-03-31,12,582462,64891,20,1483.2,61.8,20,0,0,0,0,400,61.8,,,,,,,,,,,,,,,,,,,0,51.5
2011-03-31,13,582462,64891,30,1483.2,61.8,30,0,0,0,0,400,61.8,,,,,,,,,,,,,,,,,,,0,51.5
2011-03-31,14,582462,64891,40,1483.2,61.8,40,0,0,0,0,400,61.8,,,,,,,,,,,,,,,,,,,0,51.5
2011-03-31,15,582462,64891,40,1483.2,61.8,40,0,0,0,0,400,61.8,,,,,,,,,,,,,,,,,,,0,51.5
2011-03-31,16,582462,64891,40,1483.2,61.8,40,0,0,0,0,400,61.8,,,,,,,,,,,,,,,,,,,0,51.5
2011-03-31,17,582462,64891,40,1483.2,61.8,40,0,0,0,0,400,61.8,,,,,,,,,,,,,,,,,,,0,51.5
2011-03-31,18,582462,64891,40,1483.2,61.8,40,0,0,0,0,400,61.8,,,,,,,,,,,,,,,,,,,0,51.5
2011-03-31,19,582462,64891,40,1483.2,61.8,40,0,0,0,0,400,61.8,,,,,,,,,,,,,,,,,,,0,51.5
2011-03-31,20,582462,64891,40,1483.2,61.8,40,0,0,0,0,400,61.8,,,,,,,,,,,,,,,,,,,0,51.5
2011-03-31,21,582462,64891,40,1483.2,61.8,40,0,0,0,0,400,61.8,,,,,,,,,,,,,,,,,,,0,51.5
2011-03-31,22,582462,64891,40,1483.2,61.8,40,0,0,0,0,400,61.8,,,,,,,,,,,,,,,,,,,0,51.5
2011-03-31,23,582462,64891,30,1483.2,61.8,30,0,0,0,0,400,61.8,,,,,,,,,,,,,,,,,,,0,51.5
2011-03-31,24,582462,64891,30,1483.2,61.8,30,0,0,0,0,400,61.8,,,,,,,,,,,,,,,,,,,0,51.5
2011-03-31,1,582462,66602,0,2700,270,130,300,300,300,0,87,130,88,70,89,70,,,,,,,,,,,,,,,270,270
2011-03-31,2,582462,66602,0,2700,270,130,300,300,300,0,87,130,88,70,89,70,,,,,,,,,,,,,,,270,270
2011-03-31,3,582462,66602,0,2700,270,130,300,300,300,0,87,130,88,70,89,70,,,,,,,,,,,,,,,270,270
2011-03-31,4,582462,66602,0,2700,270,130,300,300,300,0,87,130,88,70,89,70,,,,,,,,,,,,,,,270,270
2011-03-31,5,582462,66602,0,2700,270,130,300,300,300,0,87,130,88,70,89,70,,,,,,,,,,,,,,,270,270
2011-03-31,6,582462,66602,0,2700,270,130,300,300,300,0,87,130,88,70,89,70,,,,,,,,,,,,,,,270,270
2011-03-31,7,582462,66602,0,2700,270,130,300,300,300,0,87,130,88,70,89,70,,,,,,,,,,,,,,,270,270
2011-03-31,8,582462,66602,0,2700,270,130,300,300,300,0,87,130,88,70,89,70,,,,,,,,,,,,,,,270,270
2011-03-31,9,582462,66602,0,2700,270,130,300,300,300,0,87,130,88,70,89,70,,,,,,,,,,,,,,,270,270
2011-03-31,10,582462,66602,0,2700,270,130,300,300,300,0,87,130,88,70,89,70,,,,,,,,,,,,,,,270,270
2011-03-31,11,582462,66602,0,2700,270,130,300,300,300,0,87,130,88,70,89,70,,,,,,,,,,,,,,,270,270
2011-03-31,12,582462,66602,0,2700,270,130,300,300,300,0,87,130,88,70,89,70,,,,,,,,,,,,,,,270,270
2011-03-31,13,582462,66602,0,2700,270,130,300,300,300,0,87,130,88,70,89,70,,,,,,,,,,,,,,,270,270
2011-03-31,14,582462,66602,0,2700,270,130,300,300,300,0,87,130,88,70,89,70,,,,,,,,,,,,,,,270,270
2011-03-31,15,582462,66602,0,2700,270,130,300,300,300,0,87,130,88,70,89,70,,,,,,,,,,,,,,,270,270
2011-03-31,16,582462,66602,0,2700,270,130,300,300,300,0,87,130,88,70,89,70,,,,,,,,,,,,,,,270,270
2011-03-31,17,582462,66602,0,2700,270,130,300,300,300,0,87,130,88,70,89,70,,,,,,,,,,,,,,,270,270
2011-03-31,18,582462,66602,0,2700,270,130,300,300,300,0,87,130,88,70,89,70,,,,,,,,,,,,,,,270,270
2011-03-31,19,582462,66602,0,2700,270,130,300,300,300,0,87,130,88,70,89,70,,,,,,,,,,,,,,,270,270
2011-03-31,20,582462,66602,0,2700,270,130,300,300,300,0,87,130,88,70,89,70,,,,,,,,,,,,,,,270,270
2011-03-31,21,582462,66602,0,2700,270,130,300,300,300,0,87,130,88,70,89,70,,,,,,,,,,,,,,,270,270
2011-03-31,22,582462,66602,0,2700,270,130,300,300,300,0,87,130,88,70,89,70,,,,,,,,,,,,,,,270,270
2011-03-31,23,582462,66602,0,2700,270,130,300,300,300,0,87,130,88,70,89,70,,,,,,,,,,,,,,,270,270
2011-03-31,24,582462,66602,0,2700,270,130,300,300,300,0,87,130,88,70,89,70,,,,,,,,,,,,,,,270,270
2011-03-31,1,582462,71233,1,693,28.9,1,0,0,0,0,398,14,399,7,400,7.9,,,,,,,,,,,,,,,0,21
2011-03-31,2,582462,71233,1,693,28.9,1,0,0,0,0,398,14,399,7,400,7.9,,,,,,,,,,,,,,,0,21
2011-03-31,3,582462,71233,1,693,28.9,1,0,0,0,0,398,14,399,7,400,7.9,,,,,,,,,,,,,,,0,21
2011-03-31,4,582462,71233,1,693,28.9,1,0,0,0,0,398,14,399,7,400,7.9,,,,,,,,,,,,,,,0,21
2011-03-31,5,582462,71233,1,693,28.9,1,0,0,0,0,398,14,399,7,400,7.9,,,,,,,,,,,,,,,0,21
2011-03-31,6,582462,71233,1,693,28.9,1,0,0,0,0,398,14,399,7,400,7.9,,,,,,,,,,,,,,,0,21
2011-03-31,7,582462,71233,1,693,28.9,1,0,0,0,0,398,14,399,7,400,7.9,,,,,,,,,,,,,,,0,21
2011-03-31,8,582462,71233,10,693,28.9,10,0,0,0,0,398,14,399,7,400,7.9,,,,,,,,,,,,,,,0,21
2011-03-31,9,582462,71233,28,693,28.9,28,0,0,0,0,398,14,399,7,400,7.9,,,,,,,,,,,,,,,0,21
2011-03-31,10,582462,71233,28,693,28.9,28,0,0,0,0,398,14,399,7,400,7.9,,,,,,,,,,,,,,,0,21
2011-03-31,11,582462,71233,28,693,28.9,28,0,0,0,0,398,14,399,7,400,7.9,,,,,,,,,,,,,,,0,21
2011-03-31,12,582462,71233,28,693,28.9,28,0,0,0,0,398,14,399,7,400,7.9,,,,,,,,,,,,,,,0,21
2011-03-31,13,582462,71233,28,693,28.9,28,0,0,0,0,398,14,399,7,400,7.9,,,,,,,,,,,,,,,0,21
2011-03-31,14,582462,71233,10,693,28.9,10,0,0,0,0,398,14,399,7,400,7.9,,,,,,,,,,,,,,,0,21
2011-03-31,15,582462,71233,1,693,28.9,1,0,0,0,0,398,14,399,7,400,7.9,,,,,,,,,,,,,,,0,21
2011-03-31,16,582462,71233,1,693,28.9,1,0,0,0,0,398,14,399,7,400,7.9,,,,,,,,,,,,,,,0,21
2011-03-31,17,582462,71233,10,693,28.9,10,0,0,0,0,398,14,399,7,400,7.9,,,,,,,,,,,,,,,0,21
2011-03-31,18,582462,71233,28,693,28.9,28,0,0,0,0,398,14,399,7,400,7.9,,,,,,,,,,,,,,,0,21
2011-03-31,19,582462,71233,28,693,28.9,28,0,0,0,0,398,14,399,7,400,7.9,,,,,,,,,,,,,,,0,21
2011-03-31,20,582462,71233,28,693,28.9,28,0,0,0,0,398,14,399,7,400,7.9,,,,,,,,,,,,,,,0,21
2011-03-31,21,582462,71233,28,693,28.9,28,0,0,0,0,398,14,399,7,400,7.9,,,,,,,,,,,,,,,0,21
2011-03-31,22,582462,71233,10,693,28.9,10,0,0,0,0,398,14,399,7,400,7.9,,,,,,,,,,,,,,,0,21
2011-03-31,23,582462,71233,1,693,28.9,1,0,0,0,0,398,14,399,7,400,7.9,,,,,,,,,,,,,,,0,21
2011-03-31,24,582462,71233,1,693,28.9,1,0,0,0,0,398,14,399,7,400,7.9,,,,,,,,,,,,,,,0,21
2011-03-31,1,582462,75461,0,3000,125,60,29200,10700,10000,43.11,72.85,60,73.85,30,74.85,35,,,,,,,,,,,,,,,0,0
2011-03-31,2,582462,75461,0,3000,125,60,29200,10700,10000,43.11,72.85,60,73.85,30,74.85,35,,,,,,,,,,,,,,,0,0
2011-03-31,3,582462,75461,0,3000,125,60,29200,10700,10000,43.11,72.85,60,73.85,30,74.85,35,,,,,,,,,,,,,,,0,0
2011-03-31,4,582462,75461,0,3000,125,60,29200,10700,10000,43.11,72.85,60,73.85,30,74.85,35,,,,,,,,,,,,,,,0,0
2011-03-31,5,582462,75461,0,3000,125,60,29200,10700,10000,43.11,72.85,60,73.85,30,74.85,35,,,,,,,,,,,,,,,0,0
2011-03-31,6,582462,75461,0,3000,125,60,29200,10700,10000,43.11,72.85,60,73.85,30,74.85,35,,,,,,,,,,,,,,,0,0
2011-03-31,7,582462,75461,0,3000,125,60,29200,10700,10000,43.11,72.85,60,73.85,30,74.85,35,,,,,,,,,,,,,,,0,0
2011-03-31,8,582462,75461,0,3000,125,60,29200,10700,10000,43.11,72.85,60,73.85,30,74.85,35,,,,,,,,,,,,,,,0,0
2011-03-31,9,582462,75461,0,3000,125,60,29200,10700,10000,43.11,72.85,60,73.85,30,74.85,35,,,,,,,,,,,,,,,0,0
2011-03-31,10,582462,75461,0,3000,125,60,29200,10700,10000,43.11,72.85,60,73.85,30,74.85,35,,,,,,,,,,,,,,,0,0
2011-03-31,11,582462,75461,0,3000,125,60,29200,10700,10000,43.11,72.85,60,73.85,30,74.85,35,,,,,,,,,,,,,,,0,0
2011-03-31,12,582462,75461,0,3000,125,60,29200,10700,10000,43.11,72.85,60,73.85,30,74.85,35,,,,,,,,,,,,,,,0,0
2011-03-31,13,582462,75461,0,3000,125,60,29200,10700,10000,43.11,72.85,60,73.85,30,74.85,35,,,,,,,,,,,,,,,0,0
2011-03-31,14,582462,75461,0,3000,125,60,29200,10700,10000,43.11,72.85,60,73.85,30,74.85,35,,,,,,,,,,,,,,,0,0
2011-03-31,15,582462,75461,0,3000,125,60,29200,10700,10000,43.11,72.85,60,73.85,30,74.85,35,,,,,,,,,,,,,,,0,0
2011-03-31,16,582462,75461,0,3000,125,60,29200,10700,10000,43.11,72.85,60,73.85,30,74.85,35,,,,,,,,,,,,,,,0,0
2011-03-31,17,582462,75461,0,3000,125,60,29200,10700,10000,43.11,72.85,60,73.85,30,74.85,35,,,,,,,,,,,,,,,0,0
2011-03-31,18,582462,75461,0,3000,125,60,29200,10700,10000,43.11,72.85,60,73.85,30,74.85,35,,,,,,,,,,,,,,,0,0
2011-03-31,19,582462,75461,0,3000,125,60,29200,10700,10000,43.11,72.85,60,73.85,30,74.85,35,,,,,,,,,,,,,,,0,0
2011-03-31,20,582462,75461,0,3000,125,60,29200,10700,10000,43.11,72.85,60,73.85,30,74.85,35,,,,,,,,,,,,,,,0,0
2011-03-31,21,582462,75461,0,3000,125,60,29200,10700,10000,43.11,72.85,60,73.85,30,74.85,35,,,,,,,,,,,,,,,0,0
2011-03-31,22,582462,75461,0,3000,125,60,29200,10700,10000,43.11,72.85,60,73.85,30,74.85,35,,,,,,,,,,,,,,,0,0
2011-03-31,23,582462,75461,0,3000,125,60,29200,10700,10000,43.11,72.85,60,73.85,30,74.85,35,,,,,,,,,,,,,,,0,0
2011-03-31,24,582462,75461,0,3000,125,60,29200,10700,10000,43.11,72.85,60,73.85,30,74.85,35,,,,,,,,,,,,,,,0,0
2011-03-31,1,582462,83099,0,0.1,0,0,300,300,300,0,250,130,275,70,300,70,,,,,,,,,,,,,,,270,270
2011-03-31,2,582462,83099,0,0.1,0,0,300,300,300,0,250,130,275,70,300,70,,,,,,,,,,,,,,,270,270
2011-03-31,3,582462,83099,0,0.1,0,0,300,300,300,0,250,130,275,70,300,70,,,,,,,,,,,,,,,270,270
2011-03-31,4,582462,83099,0,0.1,0,0,300,300,300,0,250,130,275,70,300,70,,,,,,,,,,,,,,,270,270
2011-03-31,5,582462,83099,0,0.1,0,0,300,300,300,0,250,130,275,70,300,70,,,,,,,,,,,,,,,270,270
2011-03-31,6,582462,83099,0,0.1,0,0,300,300,300,0,250,130,275,70,300,70,,,,,,,,,,,,,,,270,270
2011-03-31,7,582462,83099,0,0.1,0,0,300,300,300,0,250,130,275,70,300,70,,,,,,,,,,,,,,,270,270
2011-03-31,8,582462,83099,0,0.1,0,0,300,300,300,0,250,130,275,70,300,70,,,,,,,,,,,,,,,270,270
2011-03-31,9,582462,83099,0,0.1,0,0,300,300,300,0,250,130,275,70,300,70,,,,,,,,,,,,,,,270,270
2011-03-31,10,582462,83099,0,0.1,0,0,300,300,300,0,250,130,275,70,300,70,,,,,,,,,,,,,,,270,270
2011-03-31,11,582462,83099,0,0.1,0,0,300,300,300,0,250,130,275,70,300,70,,,,,,,,,,,,,,,270,270
2011-03-31,12,582462,83099,0,0.1,0,0,300,300,300,0,250,130,275,70,300,70,,,,,,,,,,,,,,,270,270
2011-03-31,13,582462,83099,0,0.1,0,0,300,300,300,0,250,130,275,70,300,70,,,,,,,,,,,,,,,270,270
2011-03-31,14,582462,83099,0,0.1,0,0,300,300,300,0,250,130,275,70,300,70,,,,,,,,,,,,,,,270,270
2011-03-31,15,582462,83099,0,0.1,0,0,300,300,300,0,250,130,275,70,300,70,,,,,,,,,,,,,,,270,270
2011-03-31,16,582462,83099,0,0.1,0,0,300,300,300,0,250,130,275,70,300,70,,,,,,,,,,,,,,,270,270
2011-03-31,17,582462,83099,0,0.1,0,0,300,300,300,0,250,130,275,70,300,70,,,,,,,,,,,,,,,270,270
2011-03-31,18,582462,83099,0,0.1,0,0,300,300,300,0,250,130,275,70,300,70,,,,,,,,,,,,,,,270,270
2011-03-31,19,582462,83099,0,0.1,0,0,300,300,300,0,250,130,275,70,300,70,,,,,,,,,,,,,,,270,270
2011-03-31,20,582462,83099,0,0.1,0,0,300,300,300,0,250,130,275,70,300,70,,,,,,,,,,,,,,,270,270
2011-03-31,21,582462,83099,0,0.1,0,0,300,300,300,0,250,130,275,70,300,70,,,,,,,,,,,,,,,270,270
2011-03-31,22,582462,83099,0,0.1,0,0,300,300,300,0,250,130,275,70,300,70,,,,,,,,,,,,,,,270,270
2011-03-31,23,582462,83099,0,0.1,0,0,300,300,300,0,250,130,275,70,300,70,,,,,,,,,,,,,,,270,270
2011-03-31,24,582462,83099,0,0.1,0,0,300,300,300,0,250,130,275,70,300,70,,,,,,,,,,,,,,,270,270
2011-03-31,1,582462,87075,0,530.4,22.1,20,120,120,120,0,360,20,380,2.1,,,,,,,,,,,,,,,,,20,22.1
2011-03-31,2,582462,87075,0,530.4,22.1,20,120,120,120,0,360,20,380,2.1,,,,,,,,,,,,,,,,,20,22.1
2011-03-31,3,582462,87075,0,530.4,22.1,20,120,120,120,0,360,20,380,2.1,,,,,,,,,,,,,,,,,20,22.1
2011-03-31,4,582462,87075,0,530.4,22.1,20,120,120,120,0,360,20,380,2.1,,,,,,,,,,,,,,,,,20,22.1
2011-03-31,5,582462,87075,0,530.4,22.1,20,120,120,120,0,360,20,380,2.1,,,,,,,,,,,,,,,,,20,22.1
2011-03-31,6,582462,87075,0,530.4,22.1,20,120,120,120,0,360,20,380,2.1,,,,,,,,,,,,,,,,,20,22.1
2011-03-31,7,582462,87075,0,530.4,22.1,20,120,120,120,0,360,20,380,2.1,,,,,,,,,,,,,,,,,20,22.1
2011-03-31,8,582462,87075,0,530.4,22.1,20,120,120,120,0,360,20,380,2.1,,,,,,,,,,,,,,,,,20,22.1
2011-03-31,9,582462,87075,0,530.4,22.1,20,120,120,120,0,360,20,380,2.1,,,,,,,,,,,,,,,,,20,22.1
2011-03-31,10,582462,87075,0,530.4,22.1,20,120,120,120,0,360,20,380,2.1,,,,,,,,,,,,,,,,,20,22.1
2011-03-31,11,582462,87075,0,530.4,22.1,20,120,120,120,0,360,20,380,2.1,,,,,,,,,,,,,,,,,20,22.1
2011-03-31,12,582462,87075,0,530.4,22.1,20,120,120,120,0,360,20,380,2.1,,,,,,,,,,,,,,,,,20,22.1
2011-03-31,13,582462,87075,0,530.4,22.1,20,120,120,120,0,360,20,380,2.1,,,,,,,,,,,,,,,,,20,22.1
2011-03-31,14,582462,87075,0,530.4,22.1,20,120,120,120,0,360,20,380,2.1,,,,,,,,,,,,,,,,,20,22.1
2011-03-31,15,582462,87075,0,530.4,22.1,20,120,120,120,0,360,20,380,2.1,,,,,,,,,,,,,,,,,20,22.1
2011-03-31,16,582462,87075,0,530.4,22.1,20,120,120,120,0,360,20,380,2.1,,,,,,,,,,,,,,,,,20,22.1
2011-03-31,17,582462,87075,0,530.4,22.1,20,120,120,120,0,360,20,380,2.1,,,,,,,,,,,,,,,,,20,22.1
2011-03-31,18,582462,87075,0,530.4,22.1,20,120,120,120,0,360,20,380,2.1,,,,,,,,,,,,,,,,,20,22.1
2011-03-31,19,582462,87075,0,530.4,22.1,20,120,120,120,0,360,20,380,2.1,,,,,,,,,,,,,,,,,20,22.1
2011-03-31,20,582462,87075,0,530.4,22.1,20,120,120,120,0,360,20,380,2.1,,,,,,,,,,,,,,,,,20,22.1
2011-03-31,21,582462,87075,0,530.4,22.1,20,120,120,120,0,360,20,380,2.1,,,,,,,,,,,,,,,,,20,22.1
2011-03-31,22,582462,87075,0,530.4,22.1,20,120,120,120,0,360,20,380,2.1,,,,,,,,,,,,,,,,,20,22.1
2011-03-31,23,582462,87075,0,530.4,22.1,20,120,120,120,0,360,20,380,2.1,,,,,,,,,,,,,,,,,20,22.1
2011-03-31,24,582462,87075,0,530.4,22.1,20,120,120,120,0,360,20,380,2.1,,,,,,,,,,,,,,,,,20,22.1
2011-03-31,1,582462,99301,0,124,6.6,4,0,0,0,0,400,6.6,,,,,,,,,,,,,,,,,,,0,0
2011-03-31,2,582462,99301,0,124,6.6,4,0,0,0,0,400,6.6,,,,,,,,,,,,,,,,,,,0,0
2011-03-31,3,582462,99301,0,124,6.6,4,0,0,0,0,400,6.6,,,,,,,,,,,,,,,,,,,0,0
2011-03-31,4,582462,99301,0,124,6.6,4,0,0,0,0,400,6.6,,,,,,,,,,,,,,,,,,,0,0
2011-03-31,5,582462,99301,0,124,6.6,4,0,0,0,0,400,6.6,,,,,,,,,,,,,,,,,,,0,0
2011-03-31,6,582462,99301,0,124,6.6,4,0,0,0,0,400,6.6,,,,,,,,,,,,,,,,,,,0,0
2011-03-31,7,582462,99301,0,124,6.6,4,0,0,0,0,400,6.6,,,,,,,,,,,,,,,,,,,0,0
2011-03-31,8,582462,99301,0,124,6.6,4,0,0,0,0,400,6.6,,,,,,,,,,,,,,,,,,,0,0
2011-03-31,9,582462,99301,0,124,6.6,4,0,0,0,0,400,6.6,,,,,,,,,,,,,,,,,,,0,0
2011-03-31,10,582462,99301,0,124,6.6,4,0,0,0,0,400,6.6,,,,,,,,,,,,,,,,,,,0,0
2011-03-31,11,582462,99301,0,124,6.6,4,0,0,0,0,400,6.6,,,,,,,,,,,,,,,,,,,0,0
2011-03-31,12,582462,99301,0,124,6.6,4,0,0,0,0,400,6.6,,,,,,,,,,,,,,,,,,,0,0
2011-03-31,13,582462,99301,0,124,6.6,4,0,0,0,0,400,6.6,,,,,,,,,,,,,,,,,,,0,0
2011-03-31,14,582462,99301,0,124,6.6,4,0,0,0,0,400,6.6,,,,,,,,,,,,,,,,,,,0,0
2011-03-31,15,582462,99301,0,124,6.6,4,0,0,0,0,400,6.6,,,,,,,,,,,,,,,,,,,0,0
2011-03-31,16,582462,99301,0,124,6.6,4,0,0,0,0,400,6.6,,,,,,,,,,,,,,,,,,,0,0
2011-03-31,17,582462,99301,0,124,6.6,4,0,0,0,0,400,6.6,,,,,,,,,,,,,,,,,,,0,0
2011-03-31,18,582462,99301,0,124,6.6,4,0,0,0,0,400,6.6,,,,,,,,,,,,,,,,,,,0,0
2011-03-31,19,582462,99301,0,124,6.6,4,0,0,0,0,400,6.6,,,,,,,,,,,,,,,,,,,0,0
2011-03-31,20,582462,99301,0,124,6.6,4,0,0,0,0,400,6.6,,,,,,,,,,,,,,,,,,,0,0
2011-03-31,21,582462,99301,0,124,6.6,4,0,0,0,0,400,6.6,,,,,,,,,,,,,,,,,,,0,0
2011-03-31,22,582462,99301,0,124,6.6,4,0,0,0,0,400,6.6,,,,,,,,,,,,,,,,,,,0,0
2011-03-31,23,582462,99301,0,124,6.6,4,0,0,0,0,400,6.6,,,,,,,,,,,,,,,,,,,0,0
2011-03-31,24,582462,99301,0,124,6.6,4,0,0,0,0,400,6.6,,,,,,,,,,,,,,,,,,,0,0
2011-03-31,1,595644,60802,0,6480,247,198,49000,47000,46000,3974,17.07,198,32.42,49,,,,,,,,,,,,,,,,,0,0
2011-03-31,2,595644,60802,0,6480,247,198,49000,47000,46000,3974,17.07,198,32.42,49,,,,,,,,,,,,,,,,,0,0
2011-03-31,3,595644,60802,0,6480,247,198,49000,47000,46000,3974,17.07,198,32.42,49,,,,,,,,,,,,,,,,,0,0
2011-03-31,4,595644,60802,0,6480,247,198,49000,47000,46000,3974,17.07,198,32.42,49,,,,,,,,,,,,,,,,,0,0
2011-03-31,5,595644,60802,0,6480,247,198,49000,47000,46000,3974,17.07,198,32.42,49,,,,,,,,,,,,,,,,,0,0
2011-03-31,6,595644,60802,0,6480,247,198,49000,47000,46000,3974,17.07,198,32.42,49,,,,,,,,,,,,,,,,,0,0
2011-03-31,7,595644,60802,0,6480,247,198,49000,47000,46000,3974,17.07,198,32.42,49,,,,,,,,,,,,,,,,,0,0
2011-03-31,8,595644,60802,0,6480,247,198,49000,47000,46000,3974,17.07,198,32.42,49,,,,,,,,,,,,,,,,,0,0
2011-03-31,9,595644,60802,0,6480,247,198,49000,47000,46000,3974,17.07,198,32.42,49,,,,,,,,,,,,,,,,,0,0
2011-03-31,10,595644,60802,0,6480,247,198,49000,47000,46000,3974,17.07,198,32.42,49,,,,,,,,,,,,,,,,,0,0
2011-03-31,11,595644,60802,0,6480,247,198,49000,47000,46000,3974,17.07,198,32.42,49,,,,,,,,,,,,,,,,,0,0
2011-03-31,12,595644,60802,0,6480,247,198,49000,47000,46000,3974,17.07,198,32.42,49,,,,,,,,,,,,,,,,,0,0
2011-03-31,13,595644,60802,0,6480,247,198,49000,47000,46000,3974,17.07,198,32.42,49,,,,,,,,,,,,,,,,,0,0
2011-03-31,14,595644,60802,0,6480,247,198,49000,47000,46000,3974,17.07,198,32.42,49,,,,,,,,,,,,,,,,,0,0
2011-03-31,15,595644,60802,0,6480,247,198,49000,47000,46000,3974,17.07,198,32.42,49,,,,,,,,,,,,,,,,,0,0
2011-03-31,16,595644,60802,0,6480,247,198,49000,47000,46000,3974,17.07,198,32.42,49,,,,,,,,,,,,,,,,,0,0
2011-03-31,17,595644,60802,0,6480,247,198,49000,47000,46000,3974,17.07,198,32.42,49,,,,,,,,,,,,,,,,,0,0
2011-03-31,18,595644,60802,0,6480,247,198,49000,47000,46000,3974,17.07,198,32.42,49,,,,,,,,,,,,,,,,,0,0
2011-03-31,19,595644,60802,0,6480,247,198,49000,47000,46000,3974,17.07,198,32.42,49,,,,,,,,,,,,,,,,,0,0
2011-03-31,20,595644,60802,0,6480,247,198,49000,47000,46000,3974,17.07,198,32.42,49,,,,,,,,,,,,,,,,,0,0
2011-03-31,21,595644,60802,0,6480,247,198,49000,47000,46000,3974,17.07,198,32.42,49,,,,,,,,,,,,,,,,,0,0
2011-03-31,22,595644,60802,0,6480,247,198,49000,47000,46000,3974,17.07,198,32.42,49,,,,,,,,,,,,,,,,,0,0
2011-03-31,23,595644,60802,0,6480,247,198,49000,47000,46000,3974,17.07,198,32.42,49,,,,,,,,,,,,,,,,,0,0
2011-03-31,24,595644,60802,0,6480,247,198,49000,47000,46000,3974,17.07,198,32.42,49,,,,,,,,,,,,,,,,,0,0
2011-03-31,1,595644,64231,0,,558,350,16002.6,8778.1,8168.1,3694.95,31.43,350,31.44,100,34.65,56,68.6,55,,,,,,,,,,,,,0,0
2011-03-31,2,595644,64231,0,,559,350,16002.6,8778.1,8168.1,3694.95,31.43,350,31.44,100,34.65,56,68.6,55,,,,,,,,,,,,,0,0
2011-03-31,3,595644,64231,0,,560,350,16002.6,8778.1,8168.1,3694.95,31.43,350,31.44,100,34.65,56,68.6,55,,,,,,,,,,,,,0,0
2011-03-31,4,595644,64231,0,,560,350,16002.6,8778.1,8168.1,3694.95,31.43,350,31.44,100,34.65,56,68.6,55,,,,,,,,,,,,,0,0
2011-03-31,5,595644,64231,0,,561,350,16002.6,8778.1,8168.1,3694.95,31.43,350,31.44,100,34.65,56,68.6,55,,,,,,,,,,,,,0,0
2011-03-31,6,595644,64231,0,,561,350,16002.6,8778.1,8168.1,3694.95,31.43,350,31.44,100,34.65,56,68.6,55,,,,,,,,,,,,,0,0
2011-03-31,7,595644,64231,0,,561,350,16002.6,8778.1,8168.1,3694.95,31.43,350,31.44,100,34.65,56,68.6,55,,,,,,,,,,,,,0,0
2011-03-31,8,595644,64231,0,,561,350,16002.6,8778.1,8168.1,3694.95,31.43,350,31.44,100,34.65,56,68.6,55,,,,,,,,,,,,,0,0
2011-03-31,9,595644,64231,0,,561,350,16002.6,8778.1,8168.1,3694.95,31.43,350,31.44,100,34.65,56,68.6,55,,,,,,,,,,,,,0,0
2011-03-31,10,595644,64231,0,,559,350,16002.6,8778.1,8168.1,3694.95,31.43,350,31.44,100,34.65,56,68.6,55,,,,,,,,,,,,,0,0
2011-03-31,11,595644,64231,0,,558,350,16002.6,8778.1,8168.1,3694.95,31.43,350,31.44,100,34.65,56,68.6,55,,,,,,,,,,,,,0,0
2011-03-31,12,595644,64231,0,,557,350,16002.6,8778.1,8168.1,3694.95,31.43,350,31.44,100,34.65,56,68.6,55,,,,,,,,,,,,,0,0
2011-03-31,13,595644,64231,0,,556,350,16002.6,8778.1,8168.1,3694.95,31.43,350,31.44,100,34.65,56,68.6,55,,,,,,,,,,,,,0,0
2011-03-31,14,595644,64231,0,,555,350,16002.6,8778.1,8168.1,3694.95,31.43,350,31.44,100,34.65,56,68.6,55,,,,,,,,,,,,,0,0
2011-03-31,15,595644,64231,0,,555,350,16002.6,8778.1,8168.1,3694.95,31.43,350,31.44,100,34.65,56,68.6,55,,,,,,,,,,,,,0,0
2011-03-31,16,595644,64231,0,,555,350,16002.6,8778.1,8168.1,3694.95,31.43,350,31.44,100,34.65,56,68.6,55,,,,,,,,,,,,,0,0
2011-03-31,17,595644,64231,0,,555,350,16002.6,8778.1,8168.1,3694.95,31.43,350,31.44,100,34.65,56,68.6,55,,,,,,,,,,,,,0,0
2011-03-31,18,595644,64231,0,,555,350,16002.6,8778.1,8168.1,3694.95,31.43,350,31.44,100,34.65,56,68.6,55,,,,,,,,,,,,,0,0
2011-03-31,19,595644,64231,0,,556,350,16002.6,8778.1,8168.1,3694.95,31.43,350,31.44,100,34.65,56,68.6,55,,,,,,,,,,,,,0,0
2011-03-31,20,595644,64231,0,,557,350,16002.6,8778.1,8168.1,3694.95,31.43,350,31.44,100,34.65,56,68.6,55,,,,,,,,,,,,,0,0
2011-03-31,21,595644,64231,0,,558,350,16002.6,8778.1,8168.1,3694.95,31.43,350,31.44,100,34.65,56,68.6,55,,,,,,,,,,,,,0,0
2011-03-31,22,595644,64231,0,,559,350,16002.6,8778.1,8168.1,3694.95,31.43,350,31.44,100,34.65,56,68.6,55,,,,,,,,,,,,,0,0
2011-03-31,23,595644,64231,0,,560,350,16002.6,8778.1,8168.1,3694.95,31.43,350,31.44,100,34.65,56,68.6,55,,,,,,,,,,,,,0,0
2011-03-31,24,595644,64231,0,,561,350,16002.6,8778.1,8168.1,3694.95,31.43,350,31.44,100,34.65,56,68.6,55,,,,,,,,,,,,,0,0
2011-03-31,1,602337,51572,0,,56.8,44,7948.35,7948.35,7948.35,7062.77,320.64,44,425,14.7,,,,,,,,,,,,,,,,,0,0
2011-03-31,2,602337,51572,0,,57.1,44,7948.35,7948.35,7948.35,7062.77,320.64,44,425,14.7,,,,,,,,,,,,,,,,,0,0
2011-03-31,3,602337,51572,0,,57.3,44,7948.35,7948.35,7948.35,7062.77,320.64,44,425,14.7,,,,,,,,,,,,,,,,,0,0
2011-03-31,4,602337,51572,0,,57.4,44,7948.35,7948.35,7948.35,7062.77,320.64,44,425,14.7,,,,,,,,,,,,,,,,,0,0
2011-03-31,5,602337,51572,0,,57.6,44,7948.35,7948.35,7948.35,7062.77,320.64,44,425,14.7,,,,,,,,,,,,,,,,,0,0
2011-03-31,6,602337,51572,0,,57.6,44,7948.35,7948.35,7948.35,7062.77,320.64,44,425,14.7,,,,,,,,,,,,,,,,,0,0
2011-03-31,7,602337,51572,0,,57.6,44,7948.35,7948.35,7948.35,7062.77,320.64,44,425,14.7,,,,,,,,,,,,,,,,,0,0
2011-03-31,8,602337,51572,0,,57.4,44,7948.35,7948.35,7948.35,7062.77,320.64,44,425,14.7,,,,,,,,,,,,,,,,,0,0
2011-03-31,9,602337,51572,0,,57.3,44,7948.35,7948.35,7948.35,7062.77,320.64,44,425,14.7,,,,,,,,,,,,,,,,,0,0
2011-03-31,10,602337,51572,0,,56.8,44,7948.35,7948.35,7948.35,7062.77,320.64,44,425,14.7,,,,,,,,,,,,,,,,,0,0
2011-03-31,11,602337,51572,0,,56.1,44,7948.35,7948.35,7948.35,7062.77,320.64,44,425,14.7,,,,,,,,,,,,,,,,,0,0
2011-03-31,12,602337,51572,0,,55.5,44,7948.35,7948.35,7948.35,7062.77,320.64,44,425,14.7,,,,,,,,,,,,,,,,,0,0
2011-03-31,13,602337,51572,0,,55,44,7948.35,7948.35,7948.35,7062.77,320.64,44,425,14.7,,,,,,,,,,,,,,,,,0,0
2011-03-31,14,602337,51572,0,,54.7,44,7948.35,7948.35,7948.35,7062.77,320.64,44,425,14.7,,,,,,,,,,,,,,,,,0,0
2011-03-31,15,602337,51572,0,,54.6,44,7948.35,7948.35,7948.35,7062.77,320.64,44,425,14.7,,,,,,,,,,,,,,,,,0,0
2011-03-31,16,602337,51572,0,,54.4,44,7948.35,7948.35,7948.35,7062.77,320.64,44,425,14.7,,,,,,,,,,,,,,,,,0,0
2011-03-31,17,602337,51572,0,,54.6,44,7948.35,7948.35,7948.35,7062.77,320.64,44,425,14.7,,,,,,,,,,,,,,,,,0,0
2011-03-31,18,602337,51572,0,,54.7,44,7948.35,7948.35,7948.35,7062.77,320.64,44,425,14.7,,,,,,,,,,,,,,,,,0,0
2011-03-31,19,602337,51572,0,,55,44,7948.35,7948.35,7948.35,7062.77,320.64,44,425,14.7,,,,,,,,,,,,,,,,,0,0
2011-03-31,20,602337,51572,0,,55.3,44,7948.35,7948.35,7948.35,7062.77,320.64,44,425,14.7,,,,,,,,,,,,,,,,,0,0
2011-03-31,21,602337,51572,0,,55.7,44,7948.35,7948.35,7948.35,7062.77,320.64,44,425,14.7,,,,,,,,,,,,,,,,,0,0
2011-03-31,22,602337,51572,0,,55.8,44,7948.35,7948.35,7948.35,7062.77,320.64,44,425,14.7,,,,,,,,,,,,,,,,,0,0
2011-03-31,23,602337,51572,0,,56,44,7948.35,7948.35,7948.35,7062.77,320.64,44,425,14.7,,,,,,,,,,,,,,,,,0,0
2011-03-31,24,602337,51572,0,,56.1,44,7948.35,7948.35,7948.35,7062.77,320.64,44,425,14.7,,,,,,,,,,,,,,,,,0,0
2011-03-31,1,602337,55620,45,,54.7,45,4563.73,4563.73,4563.73,1179.48,79.6,45,300,11.6,,,,,,,,,,,,,,,,,0,0
2011-03-31,2,602337,55620,45,,55,45,4563.73,4563.73,4563.73,1179.48,79.6,45,300,11.6,,,,,,,,,,,,,,,,,0,0
2011-03-31,3,602337,55620,45,,55.2,45,4563.73,4563.73,4563.73,1179.48,79.6,45,300,11.6,,,,,,,,,,,,,,,,,0,0
2011-03-31,4,602337,55620,45,,55.4,45,4563.73,4563.73,4563.73,1179.48,79.6,45,300,11.6,,,,,,,,,,,,,,,,,0,0
2011-03-31,5,602337,55620,45,,55.5,45,4563.73,4563.73,4563.73,1179.48,79.6,45,300,11.6,,,,,,,,,,,,,,,,,0,0
2011-03-31,6,602337,55620,45,,55.5,45,4563.73,4563.73,4563.73,1179.48,79.6,45,300,11.6,,,,,,,,,,,,,,,,,0,0
2011-03-31,7,602337,55620,45,,55.5,45,4563.73,4563.73,4563.73,1179.48,79.6,45,300,11.6,,,,,,,,,,,,,,,,,0,0
2011-03-31,8,602337,55620,45,,55.4,45,4563.73,4563.73,4563.73,1179.48,79.6,45,300,11.6,,,,,,,,,,,,,,,,,0,0
2011-03-31,9,602337,55620,45,,55.2,45,4563.73,4563.73,4563.73,1179.48,79.6,45,300,11.6,,,,,,,,,,,,,,,,,0,0
2011-03-31,10,602337,55620,45,,54.7,45,4563.73,4563.73,4563.73,1179.48,79.6,45,300,11.6,,,,,,,,,,,,,,,,,0,0
2011-03-31,11,602337,55620,45,,54.1,45,4563.73,4563.73,4563.73,1179.48,79.6,45,300,11.6,,,,,,,,,,,,,,,,,0,0
2011-03-31,12,602337,55620,45,,53.5,45,4563.73,4563.73,4563.73,1179.48,79.6,45,300,11.6,,,,,,,,,,,,,,,,,0,0
2011-03-31,13,602337,55620,45,,53,45,4563.73,4563.73,4563.73,1179.48,79.6,45,300,11.6,,,,,,,,,,,,,,,,,0,0
2011-03-31,14,602337,55620,45,,52.7,45,4563.73,4563.73,4563.73,1179.48,79.6,45,300,11.6,,,,,,,,,,,,,,,,,0,0
2011-03-31,15,602337,55620,45,,52.5,45,4563.73,4563.73,4563.73,1179.48,79.6,45,300,11.6,,,,,,,,,,,,,,,,,0,0
2011-03-31,16,602337,55620,45,,52.3,45,4563.73,4563.73,4563.73,1179.48,79.6,45,300,11.6,,,,,,,,,,,,,,,,,0,0
2011-03-31,17,602337,55620,45,,52.5,45,4563.73,4563.73,4563.73,1179.48,79.6,45,300,11.6,,,,,,,,,,,,,,,,,0,0
2011-03-31,18,602337,55620,45,,52.7,45,4563.73,4563.73,4563.73,1179.48,79.6,45,300,11.6,,,,,,,,,,,,,,,,,0,0
2011-03-31,19,602337,55620,45,,53,45,4563.73,4563.73,4563.73,1179.48,79.6,45,300,11.6,,,,,,,,,,,,,,,,,0,0
2011-03-31,20,602337,55620,45,,53.3,45,4563.73,4563.73,4563.73,1179.48,79.6,45,300,11.6,,,,,,,,,,,,,,,,,0,0
2011-03-31,21,602337,55620,45,,53.6,45,4563.73,4563.73,4563.73,1179.48,79.6,45,300,11.6,,,,,,,,,,,,,,,,,0,0
2011-03-31,22,602337,55620,45,,53.8,45,4563.73,4563.73,4563.73,1179.48,79.6,45,300,11.6,,,,,,,,,,,,,,,,,0,0
2011-03-31,23,602337,55620,45,,53.9,45,4563.73,4563.73,4563.73,1179.48,79.6,45,300,11.6,,,,,,,,,,,,,,,,,0,0
2011-03-31,24,602337,55620,45,,54.1,45,4563.73,4563.73,4563.73,1179.48,79.6,45,300,11.6,,,,,,,,,,,,,,,,,0,0
2011-03-31,1,602337,99818,45,,53.7,45,4563.73,4563.73,4563.73,1179.48,79.6,45,300,10.5,,,,,,,,,,,,,,,,,0,0
2011-03-31,2,602337,99818,45,,54,45,4563.73,4563.73,4563.73,1179.48,79.6,45,300,10.5,,,,,,,,,,,,,,,,,0,0
2011-03-31,3,602337,99818,45,,54.1,45,4563.73,4563.73,4563.73,1179.48,79.6,45,300,10.5,,,,,,,,,,,,,,,,,0,0
2011-03-31,4,602337,99818,45,,54.3,45,4563.73,4563.73,4563.73,1179.48,79.6,45,300,10.5,,,,,,,,,,,,,,,,,0,0
2011-03-31,5,602337,99818,45,,54.5,45,4563.73,4563.73,4563.73,1179.48,79.6,45,300,10.5,,,,,,,,,,,,,,,,,0,0
2011-03-31,6,602337,99818,45,,54.5,45,4563.73,4563.73,4563.73,1179.48,79.6,45,300,10.5,,,,,,,,,,,,,,,,,0,0
2011-03-31,7,602337,99818,45,,54.5,45,4563.73,4563.73,4563.73,1179.48,79.6,45,300,10.5,,,,,,,,,,,,,,,,,0,0
2011-03-31,8,602337,99818,45,,54.3,45,4563.73,4563.73,4563.73,1179.48,79.6,45,300,10.5,,,,,,,,,,,,,,,,,0,0
2011-03-31,9,602337,99818,45,,54.1,45,4563.73,4563.73,4563.73,1179.48,79.6,45,300,10.5,,,,,,,,,,,,,,,,,0,0
2011-03-31,10,602337,99818,45,,53.7,45,4563.73,4563.73,4563.73,1179.48,79.6,45,300,10.5,,,,,,,,,,,,,,,,,0,0
2011-03-31,11,602337,99818,45,,53,45,4563.73,4563.73,4563.73,1179.48,79.6,45,300,10.5,,,,,,,,,,,,,,,,,0,0
2011-03-31,12,602337,99818,45,,52.4,45,4563.73,4563.73,4563.73,1179.48,79.6,45,300,10.5,,,,,,,,,,,,,,,,,0,0
2011-03-31,13,602337,99818,45,,51.9,45,4563.73,4563.73,4563.73,1179.48,79.6,45,300,10.5,,,,,,,,,,,,,,,,,0,0
2011-03-31,14,602337,99818,45,,51.6,45,4563.73,4563.73,4563.73,1179.48,79.6,45,300,10.5,,,,,,,,,,,,,,,,,0,0
2011-03-31,15,602337,99818,45,,51.4,45,4563.73,4563.73,4563.73,1179.48,79.6,45,300,10.5,,,,,,,,,,,,,,,,,0,0
2011-03-31,16,602337,99818,45,,51.3,45,4563.73,4563.73,4563.73,1179.48,79.6,45,300,10.5,,,,,,,,,,,,,,,,,0,0
2011-03-31,17,602337,99818,45,,51.4,45,4563.73,4563.73,4563.73,1179.48,79.6,45,300,10.5,,,,,,,,,,,,,,,,,0,0
2011-03-31,18,602337,99818,45,,51.6,45,4563.73,4563.73,4563.73,1179.48,79.6,45,300,10.5,,,,,,,,,,,,,,,,,0,0
2011-03-31,19,602337,99818,45,,51.9,45,4563.73,4563.73,4563.73,1179.48,79.6,45,300,10.5,,,,,,,,,,,,,,,,,0,0
2011-03-31,20,602337,99818,45,,52.2,45,4563.73,4563.73,4563.73,1179.48,79.6,45,300,10.5,,,,,,,,,,,,,,,,,0,0
2011-03-31,21,602337,99818,45,,52.5,45,4563.73,4563.73,4563.73,1179.48,79.6,45,300,10.5,,,,,,,,,,,,,,,,,0,0
2011-03-31,22,602337,99818,45,,52.7,45,4563.73,4563.73,4563.73,1179.48,79.6,45,300,10.5,,,,,,,,,,,,,,,,,0,0
2011-03-31,23,602337,99818,45,,52.9,45,4563.73,4563.73,4563.73,1179.48,79.6,45,300,10.5,,,,,,,,,,,,,,,,,0,0
2011-03-31,24,602337,99818,45,,53,45,4563.73,4563.73,4563.73,1179.48,79.6,45,300,10.5,,,,,,,,,,,,,,,,,0,0
2011-03-31,1,629513,18283,0,8,2,2,0,0,0,0,387.27,2,,,,,,,,,,,,,,,,,,,0,2
2011-03-31,2,629513,18283,0,8,2,2,0,0,0,0,387.27,2,,,,,,,,,,,,,,,,,,,0,2
2011-03-31,3,629513,18283,0,8,2,2,0,0,0,0,387.27,2,,,,,,,,,,,,,,,,,,,0,2
2011-03-31,4,629513,18283,0,8,2,2,0,0,0,0,387.27,2,,,,,,,,,,,,,,,,,,,0,2
2011-03-31,5,629513,18283,0,8,2,2,0,0,0,0,387.27,2,,,,,,,,,,,,,,,,,,,0,2
2011-03-31,6,629513,18283,0,8,2,2,0,0,0,0,387.27,2,,,,,,,,,,,,,,,,,,,0,2
2011-03-31,7,629513,18283,0,8,2,2,0,0,0,0,387.27,2,,,,,,,,,,,,,,,,,,,0,2
2011-03-31,8,629513,18283,0,8,2,2,0,0,0,0,387.27,2,,,,,,,,,,,,,,,,,,,0,2
2011-03-31,9,629513,18283,0,8,2,2,0,0,0,0,387.27,2,,,,,,,,,,,,,,,,,,,0,2
2011-03-31,10,629513,18283,0,8,2,2,0,0,0,0,387.27,2,,,,,,,,,,,,,,,,,,,0,2
2011-03-31,11,629513,18283,0,8,2,2,0,0,0,0,387.27,2,,,,,,,,,,,,,,,,,,,0,2
2011-03-31,12,629513,18283,0,8,2,2,0,0,0,0,387.27,2,,,,,,,,,,,,,,,,,,,0,2
2011-03-31,13,629513,18283,0,8,2,2,0,0,0,0,387.27,2,,,,,,,,,,,,,,,,,,,0,2
2011-03-31,14,629513,18283,0,8,2,2,0,0,0,0,387.27,2,,,,,,,,,,,,,,,,,,,0,2
2011-03-31,15,629513,18283,0,8,2,2,0,0,0,0,387.27,2,,,,,,,,,,,,,,,,,,,0,2
2011-03-31,16,629513,18283,0,8,2,2,0,0,0,0,387.27,2,,,,,,,,,,,,,,,,,,,0,2
2011-03-31,17,629513,18283,0,8,2,2,0,0,0,0,387.27,2,,,,,,,,,,,,,,,,,,,0,2
2011-03-31,18,629513,18283,0,8,2,2,0,0,0,0,387.27,2,,,,,,,,,,,,,,,,,,,0,2
2011-03-31,19,629513,18283,0,8,2,2,0,0,0,0,387.27,2,,,,,,,,,,,,,,,,,,,0,2
2011-03-31,20,629513,18283,0,8,2,2,0,0,0,0,387.27,2,,,,,,,,,,,,,,,,,,,0,2
2011-03-31,21,629513,18283,0,8,2,2,0,0,0,0,387.27,2,,,,,,,,,,,,,,,,,,,0,2
2011-03-31,22,629513,18283,0,8,2,2,0,0,0,0,387.27,2,,,,,,,,,,,,,,,,,,,0,2
2011-03-31,23,629513,18283,0,8,2,2,0,0,0,0,387.27,2,,,,,,,,,,,,,,,,,,,0,2
2011-03-31,24,629513,18283,0,8,2,2,0,0,0,0,387.27,2,,,,,,,,,,,,,,,,,,,0,2
2011-03-31,1,629513,26198,0,8,2,2,0,0,0,0,387.27,2,,,,,,,,,,,,,,,,,,,0,2
2011-03-31,2,629513,26198,0,8,2,2,0,0,0,0,387.27,2,,,,,,,,,,,,,,,,,,,0,2
2011-03-31,3,629513,26198,0,8,2,2,0,0,0,0,387.27,2,,,,,,,,,,,,,,,,,,,0,2
2011-03-31,4,629513,26198,0,8,2,2,0,0,0,0,387.27,2,,,,,,,,,,,,,,,,,,,0,2
2011-03-31,5,629513,26198,0,8,2,2,0,0,0,0,387.27,2,,,,,,,,,,,,,,,,,,,0,2
2011-03-31,6,629513,26198,0,8,2,2,0,0,0,0,387.27,2,,,,,,,,,,,,,,,,,,,0,2
2011-03-31,7,629513,26198,0,8,2,2,0,0,0,0,387.27,2,,,,,,,,,,,,,,,,,,,0,2
2011-03-31,8,629513,26198,0,8,2,2,0,0,0,0,387.27,2,,,,,,,,,,,,,,,,,,,0,2
2011-03-31,9,629513,26198,0,8,2,2,0,0,0,0,387.27,2,,,,,,,,,,,,,,,,,,,0,2
2011-03-31,10,629513,26198,0,8,2,2,0,0,0,0,387.27,2,,,,,,,,,,,,,,,,,,,0,2
2011-03-31,11,629513,26198,0,8,2,2,0,0,0,0,387.27,2,,,,,,,,,,,,,,,,,,,0,2
2011-03-31,12,629513,26198,0,8,2,2,0,0,0,0,387.27,2,,,,,,,,,,,,,,,,,,,0,2
2011-03-31,13,629513,26198,0,8,2,2,0,0,0,0,387.27,2,,,,,,,,,,,,,,,,,,,0,2
2011-03-31,14,629513,26198,0,8,2,2,0,0,0,0,387.27,2,,,,,,,,,,,,,,,,,,,0,2
2011-03-31,15,629513,26198,0,8,2,2,0,0,0,0,387.27,2,,,,,,,,,,,,,,,,,,,0,2
2011-03-31,16,629513,26198,0,8,2,2,0,0,0,0,387.27,2,,,,,,,,,,,,,,,,,,,0,2
2011-03-31,17,629513,26198,0,8,2,2,0,0,0,0,387.27,2,,,,,,,,,,,,,,,,,,,0,2
2011-03-31,18,629513,26198,0,8,2,2,0,0,0,0,387.27,2,,,,,,,,,,,,,,,,,,,0,2
2011-03-31,19,629513,26198,0,8,2,2,0,0,0,0,387.27,2,,,,,,,,,,,,,,,,,,,0,2
2011-03-31,20,629513,26198,0,8,2,2,0,0,0,0,387.27,2,,,,,,,,,,,,,,,,,,,0,2
2011-03-31,21,629513,26198,0,8,2,2,0,0,0,0,387.27,2,,,,,,,,,,,,,,,,,,,0,2
2011-03-31,22,629513,26198,0,8,2,2,0,0,0,0,387.27,2,,,,,,,,,,,,,,,,,,,0,2
2011-03-31,23,629513,26198,0,8,2,2,0,0,0,0,387.27,2,,,,,,,,,,,,,,,,,,,0,2
2011-03-31,24,629513,26198,0,8,2,2,0,0,0,0,387.27,2,,,,,,,,,,,,,,,,,,,0,2
2011-03-31,1,629513,40320,0,,98,98,3877.33,3877.33,3877.33,0,337.42,98,,,,,,,,,,,,,,,,,,,0,98
2011-03-31,2,629513,40320,0,,98,98,3877.33,3877.33,3877.33,0,337.42,98,,,,,,,,,,,,,,,,,,,0,98
2011-03-31,3,629513,40320,0,,98,98,3877.33,3877.33,3877.33,0,337.42,98,,,,,,,,,,,,,,,,,,,0,98
2011-03-31,4,629513,40320,0,,98,98,3877.33,3877.33,3877.33,0,337.42,98,,,,,,,,,,,,,,,,,,,0,98
2011-03-31,5,629513,40320,0,,98,98,3877.33,3877.33,3877.33,0,337.42,98,,,,,,,,,,,,,,,,,,,0,98
2011-03-31,6,629513,40320,0,,98,98,3877.33,3877.33,3877.33,0,337.42,98,,,,,,,,,,,,,,,,,,,0,98
2011-03-31,7,629513,40320,0,,98,98,3877.33,3877.33,3877.33,0,337.42,98,,,,,,,,,,,,,,,,,,,0,98
2011-03-31,8,629513,40320,0,,98,98,3877.33,3877.33,3877.33,0,337.42,98,,,,,,,,,,,,,,,,,,,0,98
2011-03-31,9,629513,40320,0,,98,98,3877.33,3877.33,3877.33,0,337.42,98,,,,,,,,,,,,,,,,,,,0,98
2011-03-31,10,629513,40320,0,,98,98,3877.33,3877.33,3877.33,0,337.42,98,,,,,,,,,,,,,,,,,,,0,98
2011-03-31,11,629513,40320,0,,98,98,3877.33,3877.33,3877.33,0,337.42,98,,,,,,,,,,,,,,,,,,,0,98
2011-03-31,12,629513,40320,0,,98,98,3877.33,3877.33,3877.33,0,337.42,98,,,,,,,,,,,,,,,,,,,0,98
2011-03-31,13,629513,40320,0,,98,98,3877.33,3877.33,3877.33,0,337.42,98,,,,,,,,,,,,,,,,,,,0,98
2011-03-31,14,629513,40320,0,,98,98,3877.33,3877.33,3877.33,0,337.42,98,,,,,,,,,,,,,,,,,,,0,98
2011-03-31,15,629513,40320,0,,98,98,3877.33,3877.33,3877.33,0,337.42,98,,,,,,,,,,,,,,,,,,,0,98
2011-03-31,16,629513,40320,0,,98,98,3877.33,3877.33,3877.33,0,337.42,98,,,,,,,,,,,,,,,,,,,0,98
2011-03-31,17,629513,40320,0,,98,98,3877.33,3877.33,3877.33,0,337.42,98,,,,,,,,,,,,,,,,,,,0,98
2011-03-31,18,629513,40320,0,,98,98,3877.33,3877.33,3877.33,0,337.42,98,,,,,,,,,,,,,,,,,,,0,98
2011-03-31,19,629513,40320,0,,98,98,3877.33,3877.33,3877.33,0,337.42,98,,,,,,,,,,,,,,,,,,,0,98
2011-03-31,20,629513,40320,0,,98,98,3877.33,3877.33,3877.33,0,337.42,98,,,,,,,,,,,,,,,,,,,0,98
2011-03-31,21,629513,40320,0,,98,98,3877.33,3877.33,3877.33,0,337.42,98,,,,,,,,,,,,,,,,,,,0,98
2011-03-31,22,629513,40320,0,,98,98,3877.33,3877.33,3877.33,0,337.42,98,,,,,,,,,,,,,,,,,,,0,98
2011-03-31,23,629513,40320,0,,98,98,3877.33,3877.33,3877.33,0,337.42,98,,,,,,,,,,,,,,,,,,,0,98
2011-03-31,24,629513,40320,0,,98,98,3877.33,3877.33,3877.33,0,337.42,98,,,,,,,,,,,,,,,,,,,0,98
2011-03-31,1,629513,42277,0,188,19,19,0,0,0,0,360,19,,,,,,,,,,,,,,,,,,,0,19
2011-03-31,2,629513,42277,0,188,19,19,0,0,0,0,360,19,,,,,,,,,,,,,,,,,,,0,19
2011-03-31,3,629513,42277,0,188,19,19,0,0,0,0,360,19,,,,,,,,,,,,,,,,,,,0,19
2011-03-31,4,629513,42277,0,188,19,19,0,0,0,0,360,19,,,,,,,,,,,,,,,,,,,0,19
2011-03-31,5,629513,42277,0,188,19,19,0,0,0,0,360,19,,,,,,,,,,,,,,,,,,,0,19
2011-03-31,6,629513,42277,0,188,19,19,0,0,0,0,360,19,,,,,,,,,,,,,,,,,,,0,19
2011-03-31,7,629513,42277,0,188,19,19,0,0,0,0,360,19,,,,,,,,,,,,,,,,,,,0,19
2011-03-31,8,629513,42277,0,188,19,19,0,0,0,0,360,19,,,,,,,,,,,,,,,,,,,0,19
2011-03-31,9,629513,42277,0,188,19,19,0,0,0,0,360,19,,,,,,,,,,,,,,,,,,,0,19
2011-03-31,10,629513,42277,0,188,19,19,0,0,0,0,360,19,,,,,,,,,,,,,,,,,,,0,19
2011-03-31,11,629513,42277,0,188,19,19,0,0,0,0,360,19,,,,,,,,,,,,,,,,,,,0,19
2011-03-31,12,629513,42277,0,188,19,19,0,0,0,0,360,19,,,,,,,,,,,,,,,,,,,0,19
2011-03-31,13,629513,42277,0,188,19,19,0,0,0,0,360,19,,,,,,,,,,,,,,,,,,,0,19
2011-03-31,14,629513,42277,0,188,19,19,0,0,0,0,360,19,,,,,,,,,,,,,,,,,,,0,19
2011-03-31,15,629513,42277,0,188,19,19,0,0,0,0,360,19,,,,,,,,,,,,,,,,,,,0,19
2011-03-31,16,629513,42277,0,188,19,19,0,0,0,0,360,19,,,,,,,,,,,,,,,,,,,0,19
2011-03-31,17,629513,42277,0,188,19,19,0,0,0,0,360,19,,,,,,,,,,,,,,,,,,,0,19
2011-03-31,18,629513,42277,0,188,19,19,0,0,0,0,360,19,,,,,,,,,,,,,,,,,,,0,19
2011-03-31,19,629513,42277,0,188,19,19,0,0,0,0,360,19,,,,,,,,,,,,,,,,,,,0,19
2011-03-31,20,629513,42277,0,188,19,19,0,0,0,0,360,19,,,,,,,,,,,,,,,,,,,0,19
2011-03-31,21,629513,42277,0,188,19,19,0,0,0,0,360,19,,,,,,,,,,,,,,,,,,,0,19
2011-03-31,22,629513,42277,0,188,19,19,0,0,0,0,360,19,,,,,,,,,,,,,,,,,,,0,19
2011-03-31,23,629513,42277,0,188,19,19,0,0,0,0,360,19,,,,,,,,,,,,,,,,,,,0,19
2011-03-31,24,629513,42277,0,188,19,19,0,0,0,0,360,19,,,,,,,,,,,,,,,,,,,0,19
2011-03-31,1,629513,42431,0,8,2,2,0,0,0,0,357.84,2,,,,,,,,,,,,,,,,,,,0,2
2011-03-31,2,629513,42431,0,8,2,2,0,0,0,0,357.84,2,,,,,,,,,,,,,,,,,,,0,2
2011-03-31,3,629513,42431,0,8,2,2,0,0,0,0,357.84,2,,,,,,,,,,,,,,,,,,,0,2
2011-03-31,4,629513,42431,0,8,2,2,0,0,0,0,357.84,2,,,,,,,,,,,,,,,,,,,0,2
2011-03-31,5,629513,42431,0,8,2,2,0,0,0,0,357.84,2,,,,,,,,,,,,,,,,,,,0,2
2011-03-31,6,629513,42431,0,8,2,2,0,0,0,0,357.84,2,,,,,,,,,,,,,,,,,,,0,2
2011-03-31,7,629513,42431,0,8,2,2,0,0,0,0,357.84,2,,,,,,,,,,,,,,,,,,,0,2
2011-03-31,8,629513,42431,0,8,2,2,0,0,0,0,357.84,2,,,,,,,,,,,,,,,,,,,0,2
2011-03-31,9,629513,42431,0,8,2,2,0,0,0,0,357.84,2,,,,,,,,,,,,,,,,,,,0,2
2011-03-31,10,629513,42431,0,8,2,2,0,0,0,0,357.84,2,,,,,,,,,,,,,,,,,,,0,2
2011-03-31,11,629513,42431,0,8,2,2,0,0,0,0,357.84,2,,,,,,,,,,,,,,,,,,,0,2
2011-03-31,12,629513,42431,0,8,2,2,0,0,0,0,357.84,2,,,,,,,,,,,,,,,,,,,0,2
2011-03-31,13,629513,42431,0,8,2,2,0,0,0,0,357.84,2,,,,,,,,,,,,,,,,,,,0,2
2011-03-31,14,629513,42431,0,8,2,2,0,0,0,0,357.84,2,,,,,,,,,,,,,,,,,,,0,2
2011-03-31,15,629513,42431,0,8,2,2,0,0,0,0,357.84,2,,,,,,,,,,,,,,,,,,,0,2
2011-03-31,16,629513,42431,0,8,2,2,0,0,0,0,357.84,2,,,,,,,,,,,,,,,,,,,0,2
2011-03-31,17,629513,42431,0,8,2,2,0,0,0,0,357.84,2,,,,,,,,,,,,,,,,,,,0,2
2011-03-31,18,629513,42431,0,8,2,2,0,0,0,0,357.84,2,,,,,,,,,,,,,,,,,,,0,2
2011-03-31,19,629513,42431,0,8,2,2,0,0,0,0,357.84,2,,,,,,,,,,,,,,,,,,,0,2
2011-03-31,20,629513,42431,0,8,2,2,0,0,0,0,357.84,2,,,,,,,,,,,,,,,,,,,0,2
2011-03-31,21,629513,42431,0,8,2,2,0,0,0,0,357.84,2,,,,,,,,,,,,,,,,,,,0,2
2011-03-31,22,629513,42431,0,8,2,2,0,0,0,0,357.84,2,,,,,,,,,,,,,,,,,,,0,2
2011-03-31,23,629513,42431,0,8,2,2,0,0,0,0,357.84,2,,,,,,,,,,,,,,,,,,,0,2
2011-03-31,24,629513,42431,0,8,2,2,0,0,0,0,357.84,2,,,,,,,,,,,,,,,,,,,0,2
2011-03-31,1,629513,68916,0,8,2,2,0,0,0,0,387.27,2,,,,,,,,,,,,,,,,,,,0,2
2011-03-31,2,629513,68916,0,8,2,2,0,0,0,0,387.27,2,,,,,,,,,,,,,,,,,,,0,2
2011-03-31,3,629513,68916,0,8,2,2,0,0,0,0,387.27,2,,,,,,,,,,,,,,,,,,,0,2
2011-03-31,4,629513,68916,0,8,2,2,0,0,0,0,387.27,2,,,,,,,,,,,,,,,,,,,0,2
2011-03-31,5,629513,68916,0,8,2,2,0,0,0,0,387.27,2,,,,,,,,,,,,,,,,,,,0,2
2011-03-31,6,629513,68916,0,8,2,2,0,0,0,0,387.27,2,,,,,,,,,,,,,,,,,,,0,2
2011-03-31,7,629513,68916,0,8,2,2,0,0,0,0,387.27,2,,,,,,,,,,,,,,,,,,,0,2
2011-03-31,8,629513,68916,0,8,2,2,0,0,0,0,387.27,2,,,,,,,,,,,,,,,,,,,0,2
2011-03-31,9,629513,68916,0,8,2,2,0,0,0,0,387.27,2,,,,,,,,,,,,,,,,,,,0,2
2011-03-31,10,629513,68916,0,8,2,2,0,0,0,0,387.27,2,,,,,,,,,,,,,,,,,,,0,2
2011-03-31,11,629513,68916,0,8,2,2,0,0,0,0,387.27,2,,,,,,,,,,,,,,,,,,,0,2
2011-03-31,12,629513,68916,0,8,2,2,0,0,0,0,387.27,2,,,,,,,,,,,,,,,,,,,0,2
2011-03-31,13,629513,68916,0,8,2,2,0,0,0,0,387.27,2,,,,,,,,,,,,,,,,,,,0,2
2011-03-31,14,629513,68916,0,8,2,2,0,0,0,0,387.27,2,,,,,,,,,,,,,,,,,,,0,2
2011-03-31,15,629513,68916,0,8,2,2,0,0,0,0,387.27,2,,,,,,,,,,,,,,,,,,,0,2
2011-03-31,16,629513,68916,0,8,2,2,0,0,0,0,387.27,2,,,,,,,,,,,,,,,,,,,0,2
2011-03-31,17,629513,68916,0,8,2,2,0,0,0,0,387.27,2,,,,,,,,,,,,,,,,,,,0,2
2011-03-31,18,629513,68916,0,8,2,2,0,0,0,0,387.27,2,,,,,,,,,,,,,,,,,,,0,2
2011-03-31,19,629513,68916,0,8,2,2,0,0,0,0,387.27,2,,,,,,,,,,,,,,,,,,,0,2
2011-03-31,20,629513,68916,0,8,2,2,0,0,0,0,387.27,2,,,,,,,,,,,,,,,,,,,0,2
2011-03-31,21,629513,68916,0,8,2,2,0,0,0,0,387.27,2,,,,,,,,,,,,,,,,,,,0,2
2011-03-31,22,629513,68916,0,8,2,2,0,0,0,0,387.27,2,,,,,,,,,,,,,,,,,,,0,2
2011-03-31,23,629513,68916,0,8,2,2,0,0,0,0,387.27,2,,,,,,,,,,,,,,,,,,,0,2
2011-03-31,24,629513,68916,0,8,2,2,0,0,0,0,387.27,2,,,,,,,,,,,,,,,,,,,0,2
2011-03-31,1,629513,71178,0,8,2,2,0,0,0,0,387.27,2,,,,,,,,,,,,,,,,,,,0,2
2011-03-31,2,629513,71178,0,8,2,2,0,0,0,0,387.27,2,,,,,,,,,,,,,,,,,,,0,2
2011-03-31,3,629513,71178,0,8,2,2,0,0,0,0,387.27,2,,,,,,,,,,,,,,,,,,,0,2
2011-03-31,4,629513,71178,0,8,2,2,0,0,0,0,387.27,2,,,,,,,,,,,,,,,,,,,0,2
2011-03-31,5,629513,71178,0,8,2,2,0,0,0,0,387.27,2,,,,,,,,,,,,,,,,,,,0,2
2011-03-31,6,629513,71178,0,8,2,2,0,0,0,0,387.27,2,,,,,,,,,,,,,,,,,,,0,2
2011-03-31,7,629513,71178,0,8,2,2,0,0,0,0,387.27,2,,,,,,,,,,,,,,,,,,,0,2
2011-03-31,8,629513,71178,0,8,2,2,0,0,0,0,387.27,2,,,,,,,,,,,,,,,,,,,0,2
2011-03-31,9,629513,71178,0,8,2,2,0,0,0,0,387.27,2,,,,,,,,,,,,,,,,,,,0,2
2011-03-31,10,629513,71178,0,8,2,2,0,0,0,0,387.27,2,,,,,,,,,,,,,,,,,,,0,2
2011-03-31,11,629513,71178,0,8,2,2,0,0,0,0,387.27,2,,,,,,,,,,,,,,,,,,,0,2
2011-03-31,12,629513,71178,0,8,2,2,0,0,0,0,387.27,2,,,,,,,,,,,,,,,,,,,0,2
2011-03-31,13,629513,71178,0,8,2,2,0,0,0,0,387.27,2,,,,,,,,,,,,,,,,,,,0,2
2011-03-31,14,629513,71178,0,8,2,2,0,0,0,0,387.27,2,,,,,,,,,,,,,,,,,,,0,2
2011-03-31,15,629513,71178,0,8,2,2,0,0,0,0,387.27,2,,,,,,,,,,,,,,,,,,,0,2
2011-03-31,16,629513,71178,0,8,2,2,0,0,0,0,387.27,2,,,,,,,,,,,,,,,,,,,0,2
2011-03-31,17,629513,71178,0,8,2,2,0,0,0,0,387.27,2,,,,,,,,,,,,,,,,,,,0,2
2011-03-31,18,629513,71178,0,8,2,2,0,0,0,0,387.27,2,,,,,,,,,,,,,,,,,,,0,2
2011-03-31,19,629513,71178,0,8,2,2,0,0,0,0,387.27,2,,,,,,,,,,,,,,,,,,,0,2
2011-03-31,20,629513,71178,0,8,2,2,0,0,0,0,387.27,2,,,,,,,,,,,,,,,,,,,0,2
2011-03-31,21,629513,71178,0,8,2,2,0,0,0,0,387.27,2,,,,,,,,,,,,,,,,,,,0,2
2011-03-31,22,629513,71178,0,8,2,2,0,0,0,0,387.27,2,,,,,,,,,,,,,,,,,,,0,2
2011-03-31,23,629513,71178,0,8,2,2,0,0,0,0,387.27,2,,,,,,,,,,,,,,,,,,,0,2
2011-03-31,24,629513,71178,0,8,2,2,0,0,0,0,387.27,2,,,,,,,,,,,,,,,,,,,0,2
2011-03-31,1,629513,82879,0,8,2,2,0,0,0,0,387.27,2,,,,,,,,,,,,,,,,,,,0,2
2011-03-31,2,629513,82879,0,8,2,2,0,0,0,0,387.27,2,,,,,,,,,,,,,,,,,,,0,2
2011-03-31,3,629513,82879,0,8,2,2,0,0,0,0,387.27,2,,,,,,,,,,,,,,,,,,,0,2
2011-03-31,4,629513,82879,0,8,2,2,0,0,0,0,387.27,2,,,,,,,,,,,,,,,,,,,0,2
2011-03-31,5,629513,82879,0,8,2,2,0,0,0,0,387.27,2,,,,,,,,,,,,,,,,,,,0,2
2011-03-31,6,629513,82879,0,8,2,2,0,0,0,0,387.27,2,,,,,,,,,,,,,,,,,,,0,2
2011-03-31,7,629513,82879,0,8,2,2,0,0,0,0,387.27,2,,,,,,,,,,,,,,,,,,,0,2
2011-03-31,8,629513,82879,0,8,2,2,0,0,0,0,387.27,2,,,,,,,,,,,,,,,,,,,0,2
2011-03-31,9,629513,82879,0,8,2,2,0,0,0,0,387.27,2,,,,,,,,,,,,,,,,,,,0,2
2011-03-31,10,629513,82879,0,8,2,2,0,0,0,0,387.27,2,,,,,,,,,,,,,,,,,,,0,2
2011-03-31,11,629513,82879,0,8,2,2,0,0,0,0,387.27,2,,,,,,,,,,,,,,,,,,,0,2
2011-03-31,12,629513,82879,0,8,2,2,0,0,0,0,387.27,2,,,,,,,,,,,,,,,,,,,0,2
2011-03-31,13,629513,82879,0,8,2,2,0,0,0,0,387.27,2,,,,,,,,,,,,,,,,,,,0,2
2011-03-31,14,629513,82879,0,8,2,2,0,0,0,0,387.27,2,,,,,,,,,,,,,,,,,,,0,2
2011-03-31,15,629513,82879,0,8,2,2,0,0,0,0,387.27,2,,,,,,,,,,,,,,,,,,,0,2
2011-03-31,16,629513,82879,0,8,2,2,0,0,0,0,387.27,2,,,,,,,,,,,,,,,,,,,0,2
2011-03-31,17,629513,82879,0,8,2,2,0,0,0,0,387.27,2,,,,,,,,,,,,,,,,,,,0,2
2011-03-31,18,629513,82879,0,8,2,2,0,0,0,0,387.27,2,,,,,,,,,,,,,,,,,,,0,2
2011-03-31,19,629513,82879,0,8,2,2,0,0,0,0,387.27,2,,,,,,,,,,,,,,,,,,,0,2
2011-03-31,20,629513,82879,0,8,2,2,0,0,0,0,387.27,2,,,,,,,,,,,,,,,,,,,0,2
2011-03-31,21,629513,82879,0,8,2,2,0,0,0,0,387.27,2,,,,,,,,,,,,,,,,,,,0,2
2011-03-31,22,629513,82879,0,8,2,2,0,0,0,0,387.27,2,,,,,,,,,,,,,,,,,,,0,2
2011-03-31,23,629513,82879,0,8,2,2,0,0,0,0,387.27,2,,,,,,,,,,,,,,,,,,,0,2
2011-03-31,24,629513,82879,0,8,2,2,0,0,0,0,387.27,2,,,,,,,,,,,,,,,,,,,0,2
2011-03-31,1,629513,85658,0,8,2,2,0,0,0,0,387.27,2,,,,,,,,,,,,,,,,,,,0,2
2011-03-31,2,629513,85658,0,8,2,2,0,0,0,0,387.27,2,,,,,,,,,,,,,,,,,,,0,2
2011-03-31,3,629513,85658,0,8,2,2,0,0,0,0,387.27,2,,,,,,,,,,,,,,,,,,,0,2
2011-03-31,4,629513,85658,0,8,2,2,0,0,0,0,387.27,2,,,,,,,,,,,,,,,,,,,0,2
2011-03-31,5,629513,85658,0,8,2,2,0,0,0,0,387.27,2,,,,,,,,,,,,,,,,,,,0,2
2011-03-31,6,629513,85658,0,8,2,2,0,0,0,0,387.27,2,,,,,,,,,,,,,,,,,,,0,2
2011-03-31,7,629513,85658,0,8,2,2,0,0,0,0,387.27,2,,,,,,,,,,,,,,,,,,,0,2
2011-03-31,8,629513,85658,0,8,2,2,0,0,0,0,387.27,2,,,,,,,,,,,,,,,,,,,0,2
2011-03-31,9,629513,85658,0,8,2,2,0,0,0,0,387.27,2,,,,,,,,,,,,,,,,,,,0,2
2011-03-31,10,629513,85658,0,8,2,2,0,0,0,0,387.27,2,,,,,,,,,,,,,,,,,,,0,2
2011-03-31,11,629513,85658,0,8,2,2,0,0,0,0,387.27,2,,,,,,,,,,,,,,,,,,,0,2
2011-03-31,12,629513,85658,0,8,2,2,0,0,0,0,387.27,2,,,,,,,,,,,,,,,,,,,0,2
2011-03-31,13,629513,85658,0,8,2,2,0,0,0,0,387.27,2,,,,,,,,,,,,,,,,,,,0,2
2011-03-31,14,629513,85658,0,8,2,2,0,0,0,0,387.27,2,,,,,,,,,,,,,,,,,,,0,2
2011-03-31,15,629513,85658,0,8,2,2,0,0,0,0,387.27,2,,,,,,,,,,,,,,,,,,,0,2
2011-03-31,16,629513,85658,0,8,2,2,0,0,0,0,387.27,2,,,,,,,,,,,,,,,,,,,0,2
2011-03-31,17,629513,85658,0,8,2,2,0,0,0,0,387.27,2,,,,,,,,,,,,,,,,,,,0,2
2011-03-31,18,629513,85658,0,8,2,2,0,0,0,0,387.27,2,,,,,,,,,,,,,,,,,,,0,2
2011-03-31,19,629513,85658,0,8,2,2,0,0,0,0,387.27,2,,,,,,,,,,,,,,,,,,,0,2
2011-03-31,20,629513,85658,0,8,2,2,0,0,0,0,387.27,2,,,,,,,,,,,,,,,,,,,0,2
2011-03-31,21,629513,85658,0,8,2,2,0,0,0,0,387.27,2,,,,,,,,,,,,,,,,,,,0,2
2011-03-31,22,629513,85658,0,8,2,2,0,0,0,0,387.27,2,,,,,,,,,,,,,,,,,,,0,2
2011-03-31,23,629513,85658,0,8,2,2,0,0,0,0,387.27,2,,,,,,,,,,,,,,,,,,,0,2
2011-03-31,24,629513,85658,0,8,2,2,0,0,0,0,387.27,2,,,,,,,,,,,,,,,,,,,0,2
2011-03-31,1,629513,86396,0,8,2,2,0,0,0,0,387.27,2,,,,,,,,,,,,,,,,,,,0,2
2011-03-31,2,629513,86396,0,8,2,2,0,0,0,0,387.27,2,,,,,,,,,,,,,,,,,,,0,2
2011-03-31,3,629513,86396,0,8,2,2,0,0,0,0,387.27,2,,,,,,,,,,,,,,,,,,,0,2
2011-03-31,4,629513,86396,0,8,2,2,0,0,0,0,387.27,2,,,,,,,,,,,,,,,,,,,0,2
2011-03-31,5,629513,86396,0,8,2,2,0,0,0,0,387.27,2,,,,,,,,,,,,,,,,,,,0,2
2011-03-31,6,629513,86396,0,8,2,2,0,0,0,0,387.27,2,,,,,,,,,,,,,,,,,,,0,2
2011-03-31,7,629513,86396,0,8,2,2,0,0,0,0,387.27,2,,,,,,,,,,,,,,,,,,,0,2
2011-03-31,8,629513,86396,0,8,2,2,0,0,0,0,387.27,2,,,,,,,,,,,,,,,,,,,0,2
2011-03-31,9,629513,86396,0,8,2,2,0,0,0,0,387.27,2,,,,,,,,,,,,,,,,,,,0,2
2011-03-31,10,629513,86396,0,8,2,2,0,0,0,0,387.27,2,,,,,,,,,,,,,,,,,,,0,2
2011-03-31,11,629513,86396,0,8,2,2,0,0,0,0,387.27,2,,,,,,,,,,,,,,,,,,,0,2
2011-03-31,12,629513,86396,0,8,2,2,0,0,0,0,387.27,2,,,,,,,,,,,,,,,,,,,0,2
2011-03-31,13,629513,86396,0,8,2,2,0,0,0,0,387.27,2,,,,,,,,,,,,,,,,,,,0,2
2011-03-31,14,629513,86396,0,8,2,2,0,0,0,0,387.27,2,,,,,,,,,,,,,,,,,,,0,2
2011-03-31,15,629513,86396,0,8,2,2,0,0,0,0,387.27,2,,,,,,,,,,,,,,,,,,,0,2
2011-03-31,16,629513,86396,0,8,2,2,0,0,0,0,387.27,2,,,,,,,,,,,,,,,,,,,0,2
2011-03-31,17,629513,86396,0,8,2,2,0,0,0,0,387.27,2,,,,,,,,,,,,,,,,,,,0,2
2011-03-31,18,629513,86396,0,8,2,2,0,0,0,0,387.27,2,,,,,,,,,,,,,,,,,,,0,2
2011-03-31,19,629513,86396,0,8,2,2,0,0,0,0,387.27,2,,,,,,,,,,,,,,,,,,,0,2
2011-03-31,20,629513,86396,0,8,2,2,0,0,0,0,387.27,2,,,,,,,,,,,,,,,,,,,0,2
2011-03-31,21,629513,86396,0,8,2,2,0,0,0,0,387.27,2,,,,,,,,,,,,,,,,,,,0,2
2011-03-31,22,629513,86396,0,8,2,2,0,0,0,0,387.27,2,,,,,,,,,,,,,,,,,,,0,2
2011-03-31,23,629513,86396,0,8,2,2,0,0,0,0,387.27,2,,,,,,,,,,,,,,,,,,,0,2
2011-03-31,24,629513,86396,0,8,2,2,0,0,0,0,387.27,2,,,,,,,,,,,,,,,,,,,0,2
2011-03-31,1,629513,89820,0,8,2,2,0,0,0,0,387.27,2,,,,,,,,,,,,,,,,,,,0,2
2011-03-31,2,629513,89820,0,8,2,2,0,0,0,0,387.27,2,,,,,,,,,,,,,,,,,,,0,2
2011-03-31,3,629513,89820,0,8,2,2,0,0,0,0,387.27,2,,,,,,,,,,,,,,,,,,,0,2
2011-03-31,4,629513,89820,0,8,2,2,0,0,0,0,387.27,2,,,,,,,,,,,,,,,,,,,0,2
2011-03-31,5,629513,89820,0,8,2,2,0,0,0,0,387.27,2,,,,,,,,,,,,,,,,,,,0,2
2011-03-31,6,629513,89820,0,8,2,2,0,0,0,0,387.27,2,,,,,,,,,,,,,,,,,,,0,2
2011-03-31,7,629513,89820,0,8,2,2,0,0,0,0,387.27,2,,,,,,,,,,,,,,,,,,,0,2
2011-03-31,8,629513,89820,0,8,2,2,0,0,0,0,387.27,2,,,,,,,,,,,,,,,,,,,0,2
2011-03-31,9,629513,89820,0,8,2,2,0,0,0,0,387.27,2,,,,,,,,,,,,,,,,,,,0,2
2011-03-31,10,629513,89820,0,8,2,2,0,0,0,0,387.27,2,,,,,,,,,,,,,,,,,,,0,2
2011-03-31,11,629513,89820,0,8,2,2,0,0,0,0,387.27,2,,,,,,,,,,,,,,,,,,,0,2
2011-03-31,12,629513,89820,0,8,2,2,0,0,0,0,387.27,2,,,,,,,,,,,,,,,,,,,0,2
2011-03-31,13,629513,89820,0,8,2,2,0,0,0,0,387.27,2,,,,,,,,,,,,,,,,,,,0,2
2011-03-31,14,629513,89820,0,8,2,2,0,0,0,0,387.27,2,,,,,,,,,,,,,,,,,,,0,2
2011-03-31,15,629513,89820,0,8,2,2,0,0,0,0,387.27,2,,,,,,,,,,,,,,,,,,,0,2
2011-03-31,16,629513,89820,0,8,2,2,0,0,0,0,387.27,2,,,,,,,,,,,,,,,,,,,0,2
2011-03-31,17,629513,89820,0,8,2,2,0,0,0,0,387.27,2,,,,,,,,,,,,,,,,,,,0,2
2011-03-31,18,629513,89820,0,8,2,2,0,0,0,0,387.27,2,,,,,,,,,,,,,,,,,,,0,2
2011-03-31,19,629513,89820,0,8,2,2,0,0,0,0,387.27,2,,,,,,,,,,,,,,,,,,,0,2
2011-03-31,20,629513,89820,0,8,2,2,0,0,0,0,387.27,2,,,,,,,,,,,,,,,,,,,0,2
2011-03-31,21,629513,89820,0,8,2,2,0,0,0,0,387.27,2,,,,,,,,,,,,,,,,,,,0,2
2011-03-31,22,629513,89820,0,8,2,2,0,0,0,0,387.27,2,,,,,,,,,,,,,,,,,,,0,2
2011-03-31,23,629513,89820,0,8,2,2,0,0,0,0,387.27,2,,,,,,,,,,,,,,,,,,,0,2
2011-03-31,24,629513,89820,0,8,2,2,0,0,0,0,387.27,2,,,,,,,,,,,,,,,,,,,0,2
2011-03-31,1,629513,98098,0,8,2,2,0,0,0,0,387.27,2,,,,,,,,,,,,,,,,,,,0,2
2011-03-31,2,629513,98098,0,8,2,2,0,0,0,0,387.27,2,,,,,,,,,,,,,,,,,,,0,2
2011-03-31,3,629513,98098,0,8,2,2,0,0,0,0,387.27,2,,,,,,,,,,,,,,,,,,,0,2
2011-03-31,4,629513,98098,0,8,2,2,0,0,0,0,387.27,2,,,,,,,,,,,,,,,,,,,0,2
2011-03-31,5,629513,98098,0,8,2,2,0,0,0,0,387.27,2,,,,,,,,,,,,,,,,,,,0,2
2011-03-31,6,629513,98098,0,8,2,2,0,0,0,0,387.27,2,,,,,,,,,,,,,,,,,,,0,2
2011-03-31,7,629513,98098,0,8,2,2,0,0,0,0,387.27,2,,,,,,,,,,,,,,,,,,,0,2
2011-03-31,8,629513,98098,0,8,2,2,0,0,0,0,387.27,2,,,,,,,,,,,,,,,,,,,0,2
2011-03-31,9,629513,98098,0,8,2,2,0,0,0,0,387.27,2,,,,,,,,,,,,,,,,,,,0,2
2011-03-31,10,629513,98098,0,8,2,2,0,0,0,0,387.27,2,,,,,,,,,,,,,,,,,,,0,2
2011-03-31,11,629513,98098,0,8,2,2,0,0,0,0,387.27,2,,,,,,,,,,,,,,,,,,,0,2
2011-03-31,12,629513,98098,0,8,2,2,0,0,0,0,387.27,2,,,,,,,,,,,,,,,,,,,0,2
2011-03-31,13,629513,98098,0,8,2,2,0,0,0,0,387.27,2,,,,,,,,,,,,,,,,,,,0,2
2011-03-31,14,629513,98098,0,8,2,2,0,0,0,0,387.27,2,,,,,,,,,,,,,,,,,,,0,2
2011-03-31,15,629513,98098,0,8,2,2,0,0,0,0,387.27,2,,,,,,,,,,,,,,,,,,,0,2
2011-03-31,16,629513,98098,0,8,2,2,0,0,0,0,387.27,2,,,,,,,,,,,,,,,,,,,0,2
2011-03-31,17,629513,98098,0,8,2,2,0,0,0,0,387.27,2,,,,,,,,,,,,,,,,,,,0,2
2011-03-31,18,629513,98098,0,8,2,2,0,0,0,0,387.27,2,,,,,,,,,,,,,,,,,,,0,2
2011-03-31,19,629513,98098,0,8,2,2,0,0,0,0,387.27,2,,,,,,,,,,,,,,,,,,,0,2
2011-03-31,20,629513,98098,0,8,2,2,0,0,0,0,387.27,2,,,,,,,,,,,,,,,,,,,0,2
2011-03-31,21,629513,98098,0,8,2,2,0,0,0,0,387.27,2,,,,,,,,,,,,,,,,,,,0,2
2011-03-31,22,629513,98098,0,8,2,2,0,0,0,0,387.27,2,,,,,,,,,,,,,,,,,,,0,2
2011-03-31,23,629513,98098,0,8,2,2,0,0,0,0,387.27,2,,,,,,,,,,,,,,,,,,,0,2
2011-03-31,24,629513,98098,0,8,2,2,0,0,0,0,387.27,2,,,,,,,,,,,,,,,,,,,0,2
2011-03-31,1,647723,15951,9,,9,9,0,0,0,0,,,,,,,,,,,,,,,,,,,,,0,0
2011-03-31,2,647723,15951,9,,9,9,0,0,0,0,,,,,,,,,,,,,,,,,,,,,0,0
2011-03-31,3,647723,15951,9,,9,9,0,0,0,0,,,,,,,,,,,,,,,,,,,,,0,0
2011-03-31,4,647723,15951,9,,9,9,0,0,0,0,,,,,,,,,,,,,,,,,,,,,0,0
2011-03-31,5,647723,15951,9,,9,9,0,0,0,0,,,,,,,,,,,,,,,,,,,,,0,0
2011-03-31,6,647723,15951,9,,9,9,0,0,0,0,,,,,,,,,,,,,,,,,,,,,0,0
2011-03-31,7,647723,15951,9,,9,9,0,0,0,0,,,,,,,,,,,,,,,,,,,,,0,0
2011-03-31,8,647723,15951,9,,9,9,0,0,0,0,,,,,,,,,,,,,,,,,,,,,0,0
2011-03-31,9,647723,15951,9,,9,9,0,0,0,0,,,,,,,,,,,,,,,,,,,,,0,0
2011-03-31,10,647723,15951,9,,9,9,0,0,0,0,,,,,,,,,,,,,,,,,,,,,0,0
2011-03-31,11,647723,15951,9,,9,9,0,0,0,0,,,,,,,,,,,,,,,,,,,,,0,0
2011-03-31,12,647723,15951,9,,9,9,0,0,0,0,,,,,,,,,,,,,,,,,,,,,0,0
2011-03-31,13,647723,15951,9,,9,9,0,0,0,0,,,,,,,,,,,,,,,,,,,,,0,0
2011-03-31,14,647723,15951,9,,9,9,0,0,0,0,,,,,,,,,,,,,,,,,,,,,0,0
2011-03-31,15,647723,15951,9,,9,9,0,0,0,0,,,,,,,,,,,,,,,,,,,,,0,0
2011-03-31,16,647723,15951,9,,9,9,0,0,0,0,,,,,,,,,,,,,,,,,,,,,0,0
2011-03-31,17,647723,15951,9,,9,9,0,0,0,0,,,,,,,,,,,,,,,,,,,,,0,0
2011-03-31,18,647723,15951,9,,9,9,0,0,0,0,,,,,,,,,,,,,,,,,,,,,0,0
2011-03-31,19,647723,15951,9,,9,9,0,0,0,0,,,,,,,,,,,,,,,,,,,,,0,0
2011-03-31,20,647723,15951,9,,9,9,0,0,0,0,,,,,,,,,,,,,,,,,,,,,0,0
2011-03-31,21,647723,15951,9,,9,9,0,0,0,0,,,,,,,,,,,,,,,,,,,,,0,0
2011-03-31,22,647723,15951,9,,9,9,0,0,0,0,,,,,,,,,,,,,,,,,,,,,0,0
2011-03-31,23,647723,15951,9,,9,9,0,0,0,0,,,,,,,,,,,,,,,,,,,,,0,0
2011-03-31,24,647723,15951,9,,9,9,0,0,0,0,,,,,,,,,,,,,,,,,,,,,0,0
2011-03-31,1,692016,15668,0,,0,0,0,0,0,0,250,5,,,,,,,,,,,,,,,,,,,4,4
2011-03-31,2,692016,15668,0,,0,0,0,0,0,0,250,5,,,,,,,,,,,,,,,,,,,4,4
2011-03-31,3,692016,15668,0,,0,0,0,0,0,0,250,5,,,,,,,,,,,,,,,,,,,4,4
2011-03-31,4,692016,15668,0,,0,0,0,0,0,0,250,5,,,,,,,,,,,,,,,,,,,4,4
2011-03-31,5,692016,15668,0,,0,0,0,0,0,0,250,5,,,,,,,,,,,,,,,,,,,4,4
2011-03-31,6,692016,15668,0,,0,0,0,0,0,0,250,5,,,,,,,,,,,,,,,,,,,4,4
2011-03-31,7,692016,15668,0,,0,0,0,0,0,0,250,5,,,,,,,,,,,,,,,,,,,4,4
2011-03-31,8,692016,15668,0,,0,0,0,0,0,0,250,5,,,,,,,,,,,,,,,,,,,4,4
2011-03-31,9,692016,15668,0,,0,0,0,0,0,0,250,5,,,,,,,,,,,,,,,,,,,4,4
2011-03-31,10,692016,15668,0,,0,0,0,0,0,0,250,5,,,,,,,,,,,,,,,,,,,4,4
2011-03-31,11,692016,15668,0,,0,0,0,0,0,0,250,5,,,,,,,,,,,,,,,,,,,4,4
2011-03-31,12,692016,15668,0,,0,0,0,0,0,0,250,5,,,,,,,,,,,,,,,,,,,4,4
2011-03-31,13,692016,15668,0,,0,0,0,0,0,0,250,5,,,,,,,,,,,,,,,,,,,4,4
2011-03-31,14,692016,15668,0,,0,0,0,0,0,0,250,5,,,,,,,,,,,,,,,,,,,4,4
2011-03-31,15,692016,15668,0,,0,0,0,0,0,0,250,5,,,,,,,,,,,,,,,,,,,4,4
2011-03-31,16,692016,15668,0,,0,0,0,0,0,0,250,5,,,,,,,,,,,,,,,,,,,4,4
2011-03-31,17,692016,15668,0,,0,0,0,0,0,0,250,5,,,,,,,,,,,,,,,,,,,4,4
2011-03-31,18,692016,15668,0,,0,0,0,0,0,0,250,5,,,,,,,,,,,,,,,,,,,4,4
2011-03-31,19,692016,15668,0,,0,0,0,0,0,0,250,5,,,,,,,,,,,,,,,,,,,4,4
2011-03-31,20,692016,15668,0,,0,0,0,0,0,0,250,5,,,,,,,,,,,,,,,,,,,4,4
2011-03-31,21,692016,15668,0,,0,0,0,0,0,0,250,5,,,,,,,,,,,,,,,,,,,4,4
2011-03-31,22,692016,15668,0,,0,0,0,0,0,0,250,5,,,,,,,,,,,,,,,,,,,4,4
2011-03-31,23,692016,15668,0,,0,0,0,0,0,0,250,5,,,,,,,,,,,,,,,,,,,4,4
2011-03-31,24,692016,15668,0,,0,0,0,0,0,0,250,5,,,,,,,,,,,,,,,,,,,4,4
2011-03-31,1,692016,16978,0,,0,0,0,0,0,0,250,5,,,,,,,,,,,,,,,,,,,4,4
2011-03-31,2,692016,16978,0,,0,0,0,0,0,0,250,5,,,,,,,,,,,,,,,,,,,4,4
2011-03-31,3,692016,16978,0,,0,0,0,0,0,0,250,5,,,,,,,,,,,,,,,,,,,4,4
2011-03-31,4,692016,16978,0,,0,0,0,0,0,0,250,5,,,,,,,,,,,,,,,,,,,4,4
2011-03-31,5,692016,16978,0,,0,0,0,0,0,0,250,5,,,,,,,,,,,,,,,,,,,4,4
2011-03-31,6,692016,16978,0,,0,0,0,0,0,0,250,5,,,,,,,,,,,,,,,,,,,4,4
2011-03-31,7,692016,16978,0,,0,0,0,0,0,0,250,5,,,,,,,,,,,,,,,,,,,4,4
2011-03-31,8,692016,16978,0,,0,0,0,0,0,0,250,5,,,,,,,,,,,,,,,,,,,4,4
2011-03-31,9,692016,16978,0,,0,0,0,0,0,0,250,5,,,,,,,,,,,,,,,,,,,4,4
2011-03-31,10,692016,16978,0,,0,0,0,0,0,0,250,5,,,,,,,,,,,,,,,,,,,4,4
2011-03-31,11,692016,16978,0,,0,0,0,0,0,0,250,5,,,,,,,,,,,,,,,,,,,4,4
2011-03-31,12,692016,16978,0,,0,0,0,0,0,0,250,5,,,,,,,,,,,,,,,,,,,4,4
2011-03-31,13,692016,16978,0,,0,0,0,0,0,0,250,5,,,,,,,,,,,,,,,,,,,4,4
2011-03-31,14,692016,16978,0,,0,0,0,0,0,0,250,5,,,,,,,,,,,,,,,,,,,4,4
2011-03-31,15,692016,16978,0,,0,0,0,0,0,0,250,5,,,,,,,,,,,,,,,,,,,4,4
2011-03-31,16,692016,16978,0,,0,0,0,0,0,0,250,5,,,,,,,,,,,,,,,,,,,4,4
2011-03-31,17,692016,16978,0,,0,0,0,0,0,0,250,5,,,,,,,,,,,,,,,,,,,4,4
2011-03-31,18,692016,16978,0,,0,0,0,0,0,0,250,5,,,,,,,,,,,,,,,,,,,4,4
2011-03-31,19,692016,16978,0,,0,0,0,0,0,0,250,5,,,,,,,,,,,,,,,,,,,4,4
2011-03-31,20,692016,16978,0,,0,0,0,0,0,0,250,5,,,,,,,,,,,,,,,,,,,4,4
2011-03-31,21,692016,16978,0,,0,0,0,0,0,0,250,5,,,,,,,,,,,,,,,,,,,4,4
2011-03-31,22,692016,16978,0,,0,0,0,0,0,0,250,5,,,,,,,,,,,,,,,,,,,4,4
2011-03-31,23,692016,16978,0,,0,0,0,0,0,0,250,5,,,,,,,,,,,,,,,,,,,4,4
2011-03-31,24,692016,16978,0,,0,0,0,0,0,0,250,5,,,,,,,,,,,,,,,,,,,4,4
2011-03-31,1,692016,18340,2,,2,2,0,0,0,0,0,2,,,,,,,,,,,,,,,,,,,0,0
2011-03-31,2,692016,18340,2,,2,2,0,0,0,0,0,2,,,,,,,,,,,,,,,,,,,0,0
2011-03-31,3,692016,18340,2,,2,2,0,0,0,0,0,2,,,,,,,,,,,,,,,,,,,0,0
2011-03-31,4,692016,18340,2,,2,2,0,0,0,0,0,2,,,,,,,,,,,,,,,,,,,0,0
2011-03-31,5,692016,18340,2,,2,2,0,0,0,0,0,2,,,,,,,,,,,,,,,,,,,0,0
2011-03-31,6,692016,18340,2,,2,2,0,0,0,0,0,2,,,,,,,,,,,,,,,,,,,0,0
2011-03-31,7,692016,18340,2,,2,2,0,0,0,0,0,2,,,,,,,,,,,,,,,,,,,0,0
2011-03-31,8,692016,18340,2,,2,2,0,0,0,0,0,2,,,,,,,,,,,,,,,,,,,0,0
2011-03-31,9,692016,18340,2,,2,2,0,0,0,0,0,2,,,,,,,,,,,,,,,,,,,0,0
2011-03-31,10,692016,18340,2,,2,2,0,0,0,0,0,2,,,,,,,,,,,,,,,,,,,0,0
2011-03-31,11,692016,18340,2,,2,2,0,0,0,0,0,2,,,,,,,,,,,,,,,,,,,0,0
2011-03-31,12,692016,18340,2,,2,2,0,0,0,0,0,2,,,,,,,,,,,,,,,,,,,0,0
2011-03-31,13,692016,18340,2,,2,2,0,0,0,0,0,2,,,,,,,,,,,,,,,,,,,0,0
2011-03-31,14,692016,18340,2,,2,2,0,0,0,0,0,2,,,,,,,,,,,,,,,,,,,0,0
2011-03-31,15,692016,18340,2,,2,2,0,0,0,0,0,2,,,,,,,,,,,,,,,,,,,0,0
2011-03-31,16,692016,18340,2,,2,2,0,0,0,0,0,2,,,,,,,,,,,,,,,,,,,0,0
2011-03-31,17,692016,18340,2,,2,2,0,0,0,0,0,2,,,,,,,,,,,,,,,,,,,0,0
2011-03-31,18,692016,18340,2,,2,2,0,0,0,0,0,2,,,,,,,,,,,,,,,,,,,0,0
2011-03-31,19,692016,18340,2,,2,2,0,0,0,0,0,2,,,,,,,,,,,,,,,,,,,0,0
2011-03-31,20,692016,18340,2,,2,2,0,0,0,0,0,2,,,,,,,,,,,,,,,,,,,0,0
2011-03-31,21,692016,18340,2,,2,2,0,0,0,0,0,2,,,,,,,,,,,,,,,,,,,0,0
2011-03-31,22,692016,18340,2,,2,2,0,0,0,0,0,2,,,,,,,,,,,,,,,,,,,0,0
2011-03-31,23,692016,18340,2,,2,2,0,0,0,0,0,2,,,,,,,,,,,,,,,,,,,0,0
2011-03-31,24,692016,18340,2,,2,2,0,0,0,0,0,2,,,,,,,,,,,,,,,,,,,0,0
2011-03-31,1,692016,41340,0,,3,3,0,0,0,0,0,1,,,,,,,,,,,,,,,,,,,0,6
2011-03-31,2,692016,41340,0,,3,3,0,0,0,0,0,1,,,,,,,,,,,,,,,,,,,0,6
2011-03-31,3,692016,41340,0,,3,3,0,0,0,0,0,1,,,,,,,,,,,,,,,,,,,0,6
2011-03-31,4,692016,41340,0,,3,3,0,0,0,0,0,1,,,,,,,,,,,,,,,,,,,0,6
2011-03-31,5,692016,41340,0,,3,3,0,0,0,0,0,1,,,,,,,,,,,,,,,,,,,0,6
2011-03-31,6,692016,41340,0,,3,3,0,0,0,0,0,1,,,,,,,,,,,,,,,,,,,0,6
2011-03-31,7,692016,41340,0,,3,3,0,0,0,0,0,1,,,,,,,,,,,,,,,,,,,0,6
2011-03-31,8,692016,41340,0,,3,3,0,0,0,0,0,1,,,,,,,,,,,,,,,,,,,0,6
2011-03-31,9,692016,41340,0,,3,3,0,0,0,0,0,1,,,,,,,,,,,,,,,,,,,0,6
2011-03-31,10,692016,41340,0,,3,3,0,0,0,0,0,1,,,,,,,,,,,,,,,,,,,0,6
2011-03-31,11,692016,41340,0,,3,3,0,0,0,0,0,1,,,,,,,,,,,,,,,,,,,0,6
2011-03-31,12,692016,41340,0,,3,3,0,0,0,0,0,1,,,,,,,,,,,,,,,,,,,0,6
2011-03-31,13,692016,41340,0,,3,3,0,0,0,0,0,1,,,,,,,,,,,,,,,,,,,0,6
2011-03-31,14,692016,41340,0,,3,3,0,0,0,0,0,1,,,,,,,,,,,,,,,,,,,0,6
2011-03-31,15,692016,41340,0,,3,3,0,0,0,0,0,1,,,,,,,,,,,,,,,,,,,0,6
2011-03-31,16,692016,41340,0,,3,3,0,0,0,0,0,1,,,,,,,,,,,,,,,,,,,0,6
2011-03-31,17,692016,41340,0,,3,3,0,0,0,0,0,1,,,,,,,,,,,,,,,,,,,0,6
2011-03-31,18,692016,41340,0,,3,3,0,0,0,0,0,1,,,,,,,,,,,,,,,,,,,0,6
2011-03-31,19,692016,41340,0,,3,3,0,0,0,0,0,1,,,,,,,,,,,,,,,,,,,0,6
2011-03-31,20,692016,41340,0,,3,3,0,0,0,0,0,1,,,,,,,,,,,,,,,,,,,0,6
2011-03-31,21,692016,41340,0,,3,3,0,0,0,0,0,1,,,,,,,,,,,,,,,,,,,0,6
2011-03-31,22,692016,41340,0,,3,3,0,0,0,0,0,1,,,,,,,,,,,,,,,,,,,0,6
2011-03-31,23,692016,41340,0,,3,3,0,0,0,0,0,1,,,,,,,,,,,,,,,,,,,0,6
2011-03-31,24,692016,41340,0,,3,3,0,0,0,0,0,1,,,,,,,,,,,,,,,,,,,0,6
2011-03-31,1,692016,68035,0,,2,2,0,0,0,0,0,6.7,,,,,,,,,,,,,,,,,,,0,7
2011-03-31,2,692016,68035,0,,2,2,0,0,0,0,0,6.7,,,,,,,,,,,,,,,,,,,0,7
2011-03-31,3,692016,68035,0,,2,2,0,0,0,0,0,6.7,,,,,,,,,,,,,,,,,,,0,7
2011-03-31,4,692016,68035,0,,2,2,0,0,0,0,0,6.7,,,,,,,,,,,,,,,,,,,0,7
2011-03-31,5,692016,68035,0,,2,2,0,0,0,0,0,6.7,,,,,,,,,,,,,,,,,,,0,7
2011-03-31,6,692016,68035,0,,2,2,0,0,0,0,0,6.7,,,,,,,,,,,,,,,,,,,0,7
2011-03-31,7,692016,68035,0,,2,2,0,0,0,0,0,6.7,,,,,,,,,,,,,,,,,,,0,7
2011-03-31,8,692016,68035,0,,2,2,0,0,0,0,0,6.7,,,,,,,,,,,,,,,,,,,0,7
2011-03-31,9,692016,68035,0,,2,2,0,0,0,0,0,6.7,,,,,,,,,,,,,,,,,,,0,7
2011-03-31,10,692016,68035,0,,2,2,0,0,0,0,0,6.7,,,,,,,,,,,,,,,,,,,0,7
2011-03-31,11,692016,68035,0,,2,2,0,0,0,0,0,6.7,,,,,,,,,,,,,,,,,,,0,7
2011-03-31,12,692016,68035,0,,2,2,0,0,0,0,0,6.7,,,,,,,,,,,,,,,,,,,0,7
2011-03-31,13,692016,68035,0,,2,2,0,0,0,0,0,6.7,,,,,,,,,,,,,,,,,,,0,7
2011-03-31,14,692016,68035,0,,2,2,0,0,0,0,0,6.7,,,,,,,,,,,,,,,,,,,0,7
2011-03-31,15,692016,68035,0,,2,2,0,0,0,0,0,6.7,,,,,,,,,,,,,,,,,,,0,7
2011-03-31,16,692016,68035,0,,2,2,0,0,0,0,0,6.7,,,,,,,,,,,,,,,,,,,0,7
2011-03-31,17,692016,68035,0,,2,2,0,0,0,0,0,6.7,,,,,,,,,,,,,,,,,,,0,7
2011-03-31,18,692016,68035,0,,2,2,0,0,0,0,0,6.7,,,,,,,,,,,,,,,,,,,0,7
2011-03-31,19,692016,68035,0,,2,2,0,0,0,0,0,6.7,,,,,,,,,,,,,,,,,,,0,7
2011-03-31,20,692016,68035,0,,2,2,0,0,0,0,0,6.7,,,,,,,,,,,,,,,,,,,0,7
2011-03-31,21,692016,68035,0,,2,2,0,0,0,0,0,6.7,,,,,,,,,,,,,,,,,,,0,7
2011-03-31,22,692016,68035,0,,2,2,0,0,0,0,0,6.7,,,,,,,,,,,,,,,,,,,0,7
2011-03-31,23,692016,68035,0,,2,2,0,0,0,0,0,6.7,,,,,,,,,,,,,,,,,,,0,7
2011-03-31,24,692016,68035,0,,2,2,0,0,0,0,0,6.7,,,,,,,,,,,,,,,,,,,0,7
2011-03-31,1,698953,10393,14,,14.9,14,0,0,0,0,999,14.9,,,,,,,,,,,,,,,,,,,14,15
2011-03-31,2,698953,10393,14,,14.9,14,0,0,0,0,999,14.9,,,,,,,,,,,,,,,,,,,14,15
2011-03-31,3,698953,10393,14,,14.9,14,0,0,0,0,999,14.9,,,,,,,,,,,,,,,,,,,14,15
2011-03-31,4,698953,10393,14,,14.9,14,0,0,0,0,999,14.9,,,,,,,,,,,,,,,,,,,14,15
2011-03-31,5,698953,10393,14,,14.9,14,0,0,0,0,999,14.9,,,,,,,,,,,,,,,,,,,14,15
2011-03-31,6,698953,10393,14,,14.9,14,0,0,0,0,999,14.9,,,,,,,,,,,,,,,,,,,14,15
2011-03-31,7,698953,10393,14,,14.9,14,0,0,0,0,999,14.9,,,,,,,,,,,,,,,,,,,14,15
2011-03-31,8,698953,10393,14,,14.9,14,0,0,0,0,999,14.9,,,,,,,,,,,,,,,,,,,14,15
2011-03-31,9,698953,10393,14,,14.9,14,0,0,0,0,999,14.9,,,,,,,,,,,,,,,,,,,14,15
2011-03-31,10,698953,10393,14,,14.9,14,0,0,0,0,999,14.9,,,,,,,,,,,,,,,,,,,14,15
2011-03-31,11,698953,10393,14,,14.9,14,0,0,0,0,999,14.9,,,,,,,,,,,,,,,,,,,14,15
2011-03-31,12,698953,10393,14,,14.9,14,0,0,0,0,999,14.9,,,,,,,,,,,,,,,,,,,14,15
2011-03-31,13,698953,10393,14,,14.9,14,0,0,0,0,999,14.9,,,,,,,,,,,,,,,,,,,14,15
2011-03-31,14,698953,10393,14,,14.9,14,0,0,0,0,999,14.9,,,,,,,,,,,,,,,,,,,14,15
2011-03-31,15,698953,10393,14,,14.9,14,0,0,0,0,999,14.9,,,,,,,,,,,,,,,,,,,14,15
2011-03-31,16,698953,10393,14,,14.9,14,0,0,0,0,999,14.9,,,,,,,,,,,,,,,,,,,14,15
2011-03-31,17,698953,10393,14,,14.9,14,0,0,0,0,999,14.9,,,,,,,,,,,,,,,,,,,14,15
2011-03-31,18,698953,10393,14,,14.9,14,0,0,0,0,999,14.9,,,,,,,,,,,,,,,,,,,14,15
2011-03-31,19,698953,10393,14,,14.9,14,0,0,0,0,999,14.9,,,,,,,,,,,,,,,,,,,14,15
2011-03-31,20,698953,10393,14,,14.9,14,0,0,0,0,999,14.9,,,,,,,,,,,,,,,,,,,14,15
2011-03-31,21,698953,10393,14,,14.9,14,0,0,0,0,999,14.9,,,,,,,,,,,,,,,,,,,14,15
2011-03-31,22,698953,10393,14,,14.9,14,0,0,0,0,999,14.9,,,,,,,,,,,,,,,,,,,14,15
2011-03-31,23,698953,10393,14,,14.9,14,0,0,0,0,999,14.9,,,,,,,,,,,,,,,,,,,14,15
2011-03-31,24,698953,10393,14,,14.9,14,0,0,0,0,999,14.9,,,,,,,,,,,,,,,,,,,14,15
2011-03-31,1,698953,16639,0,,34.2,2,0,0,0,0,999,34.2,,,,,,,,,,,,,,,,,,,34,34
2011-03-31,2,698953,16639,0,,34.2,2,0,0,0,0,999,34.2,,,,,,,,,,,,,,,,,,,34,34
2011-03-31,3,698953,16639,0,,34.2,2,0,0,0,0,999,34.2,,,,,,,,,,,,,,,,,,,34,34
2011-03-31,4,698953,16639,0,,34.2,2,0,0,0,0,999,34.2,,,,,,,,,,,,,,,,,,,34,34
2011-03-31,5,698953,16639,0,,34.2,2,0,0,0,0,999,34.2,,,,,,,,,,,,,,,,,,,34,34
2011-03-31,6,698953,16639,0,,34.2,2,0,0,0,0,999,34.2,,,,,,,,,,,,,,,,,,,34,34
2011-03-31,7,698953,16639,0,,34.2,2,0,0,0,0,999,34.2,,,,,,,,,,,,,,,,,,,34,34
2011-03-31,8,698953,16639,25,,34.2,25,0,0,0,0,999,34.2,,,,,,,,,,,,,,,,,,,34,34
2011-03-31,9,698953,16639,25,,34.2,25,0,0,0,0,999,34.2,,,,,,,,,,,,,,,,,,,34,34
2011-03-31,10,698953,16639,25,,34.2,25,0,0,0,0,999,34.2,,,,,,,,,,,,,,,,,,,34,34
2011-03-31,11,698953,16639,25,,34.2,25,0,0,0,0,999,34.2,,,,,,,,,,,,,,,,,,,34,34
2011-03-31,12,698953,16639,25,,34.2,25,0,0,0,0,999,34.2,,,,,,,,,,,,,,,,,,,34,34
2011-03-31,13,698953,16639,25,,34.2,25,0,0,0,0,999,34.2,,,,,,,,,,,,,,,,,,,34,34
2011-03-31,14,698953,16639,25,,34.2,25,0,0,0,0,999,34.2,,,,,,,,,,,,,,,,,,,34,34
2011-03-31,15,698953,16639,25,,34.2,25,0,0,0,0,999,34.2,,,,,,,,,,,,,,,,,,,34,34
2011-03-31,16,698953,16639,25,,34.2,25,0,0,0,0,999,34.2,,,,,,,,,,,,,,,,,,,34,34
2011-03-31,17,698953,16639,25,,34.2,25,0,0,0,0,999,34.2,,,,,,,,,,,,,,,,,,,34,34
2011-03-31,18,698953,16639,25,,34.2,25,0,0,0,0,999,34.2,,,,,,,,,,,,,,,,,,,34,34
2011-03-31,19,698953,16639,25,,34.2,25,0,0,0,0,999,34.2,,,,,,,,,,,,,,,,,,,34,34
2011-03-31,20,698953,16639,25,,34.2,25,0,0,0,0,999,34.2,,,,,,,,,,,,,,,,,,,34,34
2011-03-31,21,698953,16639,25,,34.2,25,0,0,0,0,999,34.2,,,,,,,,,,,,,,,,,,,34,34
2011-03-31,22,698953,16639,25,,34.2,25,0,0,0,0,999,34.2,,,,,,,,,,,,,,,,,,,34,34
2011-03-31,23,698953,16639,25,,34.2,25,0,0,0,0,999,34.2,,,,,,,,,,,,,,,,,,,34,34
2011-03-31,24,698953,16639,0,,34.2,2,0,0,0,0,999,34.2,,,,,,,,,,,,,,,,,,,34,34
2011-03-31,1,698953,16673,8,,9.5,8,0,0,0,0,999,9.5,,,,,,,,,,,,,,,,,,,0,0
2011-03-31,2,698953,16673,8,,9.5,8,0,0,0,0,999,9.5,,,,,,,,,,,,,,,,,,,0,0
2011-03-31,3,698953,16673,8,,9.5,8,0,0,0,0,999,9.5,,,,,,,,,,,,,,,,,,,0,0
2011-03-31,4,698953,16673,8,,9.5,8,0,0,0,0,999,9.5,,,,,,,,,,,,,,,,,,,0,0
2011-03-31,5,698953,16673,8,,9.5,8,0,0,0,0,999,9.5,,,,,,,,,,,,,,,,,,,0,0
2011-03-31,6,698953,16673,8,,9.5,8,0,0,0,0,999,9.5,,,,,,,,,,,,,,,,,,,0,0
2011-03-31,7,698953,16673,8,,9.5,8,0,0,0,0,999,9.5,,,,,,,,,,,,,,,,,,,0,0
2011-03-31,8,698953,16673,8,,9.5,8,0,0,0,0,999,9.5,,,,,,,,,,,,,,,,,,,0,0
2011-03-31,9,698953,16673,8,,9.5,8,0,0,0,0,999,9.5,,,,,,,,,,,,,,,,,,,0,0
2011-03-31,10,698953,16673,8,,9.5,8,0,0,0,0,999,9.5,,,,,,,,,,,,,,,,,,,0,0
2011-03-31,11,698953,16673,8,,9.5,8,0,0,0,0,999,9.5,,,,,,,,,,,,,,,,,,,0,0
2011-03-31,12,698953,16673,8,,9.5,8,0,0,0,0,999,9.5,,,,,,,,,,,,,,,,,,,0,0
2011-03-31,13,698953,16673,8,,9.5,8,0,0,0,0,999,9.5,,,,,,,,,,,,,,,,,,,0,0
2011-03-31,14,698953,16673,8,,9.5,8,0,0,0,0,999,9.5,,,,,,,,,,,,,,,,,,,0,0
2011-03-31,15,698953,16673,8,,9.5,8,0,0,0,0,999,9.5,,,,,,,,,,,,,,,,,,,0,0
2011-03-31,16,698953,16673,8,,9.5,8,0,0,0,0,999,9.5,,,,,,,,,,,,,,,,,,,0,0
2011-03-31,17,698953,16673,8,,9.5,8,0,0,0,0,999,9.5,,,,,,,,,,,,,,,,,,,0,0
2011-03-31,18,698953,16673,8,,9.5,8,0,0,0,0,999,9.5,,,,,,,,,,,,,,,,,,,0,0
2011-03-31,19,698953,16673,8,,9.5,8,0,0,0,0,999,9.5,,,,,,,,,,,,,,,,,,,0,0
2011-03-31,20,698953,16673,8,,9.5,8,0,0,0,0,999,9.5,,,,,,,,,,,,,,,,,,,0,0
2011-03-31,21,698953,16673,8,,9.5,8,0,0,0,0,999,9.5,,,,,,,,,,,,,,,,,,,0,0
2011-03-31,22,698953,16673,8,,9.5,8,0,0,0,0,999,9.5,,,,,,,,,,,,,,,,,,,0,0
2011-03-31,23,698953,16673,8,,9.5,8,0,0,0,0,999,9.5,,,,,,,,,,,,,,,,,,,0,0
2011-03-31,24,698953,16673,8,,9.5,8,0,0,0,0,999,9.5,,,,,,,,,,,,,,,,,,,0,0
2011-03-31,1,698953,17045,0,,0,0,0,0,0,0,998,26,,,,,,,,,,,,,,,,,,,26,26
2011-03-31,2,698953,17045,0,,0,0,0,0,0,0,998,26,,,,,,,,,,,,,,,,,,,26,26
2011-03-31,3,698953,17045,0,,0,0,0,0,0,0,998,26,,,,,,,,,,,,,,,,,,,26,26
2011-03-31,4,698953,17045,0,,0,0,0,0,0,0,998,26,,,,,,,,,,,,,,,,,,,26,26
2011-03-31,5,698953,17045,0,,0,0,0,0,0,0,998,26,,,,,,,,,,,,,,,,,,,26,26
2011-03-31,6,698953,17045,0,,0,0,0,0,0,0,998,26,,,,,,,,,,,,,,,,,,,26,26
2011-03-31,7,698953,17045,0,,0,0,0,0,0,0,998,26,,,,,,,,,,,,,,,,,,,26,26
2011-03-31,8,698953,17045,0,,0,0,0,0,0,0,998,26,,,,,,,,,,,,,,,,,,,26,26
2011-03-31,9,698953,17045,0,,0,0,0,0,0,0,998,26,,,,,,,,,,,,,,,,,,,26,26
2011-03-31,10,698953,17045,0,,0,0,0,0,0,0,998,26,,,,,,,,,,,,,,,,,,,26,26
2011-03-31,11,698953,17045,0,,0,0,0,0,0,0,998,26,,,,,,,,,,,,,,,,,,,26,26
2011-03-31,12,698953,17045,0,,0,0,0,0,0,0,998,26,,,,,,,,,,,,,,,,,,,26,26
2011-03-31,13,698953,17045,0,,0,0,0,0,0,0,998,26,,,,,,,,,,,,,,,,,,,26,26
2011-03-31,14,698953,17045,0,,0,0,0,0,0,0,998,26,,,,,,,,,,,,,,,,,,,26,26
2011-03-31,15,698953,17045,0,,0,0,0,0,0,0,998,26,,,,,,,,,,,,,,,,,,,26,26
2011-03-31,16,698953,17045,0,,0,0,0,0,0,0,998,26,,,,,,,,,,,,,,,,,,,26,26
2011-03-31,17,698953,17045,0,,0,0,0,0,0,0,998,26,,,,,,,,,,,,,,,,,,,26,26
2011-03-31,18,698953,17045,0,,0,0,0,0,0,0,998,26,,,,,,,,,,,,,,,,,,,26,26
2011-03-31,19,698953,17045,0,,0,0,0,0,0,0,998,26,,,,,,,,,,,,,,,,,,,26,26
2011-03-31,20,698953,17045,0,,0,0,0,0,0,0,998,26,,,,,,,,,,,,,,,,,,,26,26
2011-03-31,21,698953,17045,0,,0,0,0,0,0,0,998,26,,,,,,,,,,,,,,,,,,,26,26
2011-03-31,22,698953,17045,0,,0,0,0,0,0,0,998,26,,,,,,,,,,,,,,,,,,,26,26
2011-03-31,23,698953,17045,0,,0,0,0,0,0,0,998,26,,,,,,,,,,,,,,,,,,,26,26
2011-03-31,24,698953,17045,0,,0,0,0,0,0,0,998,26,,,,,,,,,,,,,,,,,,,26,26
2011-03-31,1,698953,20351,32,,33,32,0,0,0,0,997,33,,,,,,,,,,,,,,,,,,,23,33
2011-03-31,2,698953,20351,32,,33,32,0,0,0,0,997,33,,,,,,,,,,,,,,,,,,,23,33
2011-03-31,3,698953,20351,32,,33,32,0,0,0,0,997,33,,,,,,,,,,,,,,,,,,,23,33
2011-03-31,4,698953,20351,32,,33,32,0,0,0,0,997,33,,,,,,,,,,,,,,,,,,,23,33
2011-03-31,5,698953,20351,32,,33,32,0,0,0,0,997,33,,,,,,,,,,,,,,,,,,,23,33
2011-03-31,6,698953,20351,32,,33,32,0,0,0,0,997,33,,,,,,,,,,,,,,,,,,,23,33
2011-03-31,7,698953,20351,32,,33,32,0,0,0,0,997,33,,,,,,,,,,,,,,,,,,,23,33
2011-03-31,8,698953,20351,32,,33,32,0,0,0,0,997,33,,,,,,,,,,,,,,,,,,,23,33
2011-03-31,9,698953,20351,32,,33,32,0,0,0,0,997,33,,,,,,,,,,,,,,,,,,,23,33
2011-03-31,10,698953,20351,32,,33,32,0,0,0,0,997,33,,,,,,,,,,,,,,,,,,,23,33
2011-03-31,11,698953,20351,32,,32,32,0,0,0,0,997,33,,,,,,,,,,,,,,,,,,,23,33
2011-03-31,12,698953,20351,32,,33,32,0,0,0,0,997,33,,,,,,,,,,,,,,,,,,,23,33
2011-03-31,13,698953,20351,32,,33,32,0,0,0,0,997,33,,,,,,,,,,,,,,,,,,,23,33
2011-03-31,14,698953,20351,32,,33,32,0,0,0,0,997,33,,,,,,,,,,,,,,,,,,,23,33
2011-03-31,15,698953,20351,32,,33,32,0,0,0,0,997,33,,,,,,,,,,,,,,,,,,,23,33
2011-03-31,16,698953,20351,32,,33,32,0,0,0,0,997,33,,,,,,,,,,,,,,,,,,,23,33
2011-03-31,17,698953,20351,32,,33,32,0,0,0,0,997,33,,,,,,,,,,,,,,,,,,,23,33
2011-03-31,18,698953,20351,32,,33,32,0,0,0,0,997,33,,,,,,,,,,,,,,,,,,,23,33
2011-03-31,19,698953,20351,32,,33,32,0,0,0,0,997,33,,,,,,,,,,,,,,,,,,,23,33
2011-03-31,20,698953,20351,32,,33,32,0,0,0,0,997,33,,,,,,,,,,,,,,,,,,,23,33
2011-03-31,21,698953,20351,32,,33,32,0,0,0,0,997,33,,,,,,,,,,,,,,,,,,,23,33
2011-03-31,22,698953,20351,32,,33,32,0,0,0,0,997,33,,,,,,,,,,,,,,,,,,,23,33
2011-03-31,23,698953,20351,32,,33,32,0,0,0,0,997,33,,,,,,,,,,,,,,,,,,,23,33
2011-03-31,24,698953,20351,32,,33,32,0,0,0,0,997,33,,,,,,,,,,,,,,,,,,,23,33
2011-03-31,1,698953,22993,2,,2,2,0,0,0,0,999,2,,,,,,,,,,,,,,,,,,,1.9,1.9
2011-03-31,2,698953,22993,2,,2,2,0,0,0,0,999,2,,,,,,,,,,,,,,,,,,,1.9,1.9
2011-03-31,3,698953,22993,2,,2,2,0,0,0,0,999,2,,,,,,,,,,,,,,,,,,,1.9,1.9
2011-03-31,4,698953,22993,2,,2,2,0,0,0,0,999,2,,,,,,,,,,,,,,,,,,,1.9,1.9
2011-03-31,5,698953,22993,2,,2,2,0,0,0,0,999,2,,,,,,,,,,,,,,,,,,,1.9,1.9
2011-03-31,6,698953,22993,2,,2,2,0,0,0,0,999,2,,,,,,,,,,,,,,,,,,,1.9,1.9
2011-03-31,7,698953,22993,2,,2,2,0,0,0,0,999,2,,,,,,,,,,,,,,,,,,,1.9,1.9
2011-03-31,8,698953,22993,2,,2,2,0,0,0,0,999,2,,,,,,,,,,,,,,,,,,,1.9,1.9
2011-03-31,9,698953,22993,2,,2,2,0,0,0,0,999,2,,,,,,,,,,,,,,,,,,,1.9,1.9
2011-03-31,10,698953,22993,2,,2,2,0,0,0,0,999,2,,,,,,,,,,,,,,,,,,,1.9,1.9
2011-03-31,11,698953,22993,2,,2,2,0,0,0,0,999,2,,,,,,,,,,,,,,,,,,,1.9,1.9
2011-03-31,12,698953,22993,2,,2,2,0,0,0,0,999,2,,,,,,,,,,,,,,,,,,,1.9,1.9
2011-03-31,13,698953,22993,2,,2,2,0,0,0,0,999,2,,,,,,,,,,,,,,,,,,,1.9,1.9
2011-03-31,14,698953,22993,2,,2,2,0,0,0,0,999,2,,,,,,,,,,,,,,,,,,,1.9,1.9
2011-03-31,15,698953,22993,2,,2,2,0,0,0,0,999,2,,,,,,,,,,,,,,,,,,,1.9,1.9
2011-03-31,16,698953,22993,2,,2,2,0,0,0,0,999,2,,,,,,,,,,,,,,,,,,,1.9,1.9
2011-03-31,17,698953,22993,2,,2,2,0,0,0,0,999,2,,,,,,,,,,,,,,,,,,,1.9,1.9
2011-03-31,18,698953,22993,2,,2,2,0,0,0,0,999,2,,,,,,,,,,,,,,,,,,,1.9,1.9
2011-03-31,19,698953,22993,2,,2,2,0,0,0,0,999,2,,,,,,,,,,,,,,,,,,,1.9,1.9
2011-03-31,20,698953,22993,2,,2,2,0,0,0,0,999,2,,,,,,,,,,,,,,,,,,,1.9,1.9
2011-03-31,21,698953,22993,2,,2,2,0,0,0,0,999,2,,,,,,,,,,,,,,,,,,,1.9,1.9
2011-03-31,22,698953,22993,2,,2,2,0,0,0,0,999,2,,,,,,,,,,,,,,,,,,,1.9,1.9
2011-03-31,23,698953,22993,2,,2,2,0,0,0,0,999,2,,,,,,,,,,,,,,,,,,,1.9,1.9
2011-03-31,24,698953,22993,2,,2,2,0,0,0,0,999,2,,,,,,,,,,,,,,,,,,,1.9,1.9
2011-03-31,1,698953,23650,8,,8.5,8,0,0,0,0,999,11.6,,,,,,,,,,,,,,,,,,,0,0
2011-03-31,2,698953,23650,8,,8.5,8,0,0,0,0,999,11.6,,,,,,,,,,,,,,,,,,,0,0
2011-03-31,3,698953,23650,8,,8.5,8,0,0,0,0,999,11.6,,,,,,,,,,,,,,,,,,,0,0
2011-03-31,4,698953,23650,8,,8.5,8,0,0,0,0,999,11.6,,,,,,,,,,,,,,,,,,,0,0
2011-03-31,5,698953,23650,8,,8.5,8,0,0,0,0,999,11.6,,,,,,,,,,,,,,,,,,,0,0
2011-03-31,6,698953,23650,8,,8.5,8,0,0,0,0,999,11.6,,,,,,,,,,,,,,,,,,,0,0
2011-03-31,7,698953,23650,8,,8.5,8,0,0,0,0,999,11.6,,,,,,,,,,,,,,,,,,,0,0
2011-03-31,8,698953,23650,8,,8.5,8,0,0,0,0,999,11.6,,,,,,,,,,,,,,,,,,,0,0
2011-03-31,9,698953,23650,8,,8.5,8,0,0,0,0,999,11.6,,,,,,,,,,,,,,,,,,,0,0
2011-03-31,10,698953,23650,8,,8.5,8,0,0,0,0,999,11.6,,,,,,,,,,,,,,,,,,,0,0
2011-03-31,11,698953,23650,8,,8.5,8,0,0,0,0,999,11.6,,,,,,,,,,,,,,,,,,,0,0
2011-03-31,12,698953,23650,8,,8.5,8,0,0,0,0,999,11.6,,,,,,,,,,,,,,,,,,,0,0
2011-03-31,13,698953,23650,8,,8.5,8,0,0,0,0,999,11.6,,,,,,,,,,,,,,,,,,,0,0
2011-03-31,14,698953,23650,8,,8.5,8,0,0,0,0,999,11.6,,,,,,,,,,,,,,,,,,,0,0
2011-03-31,15,698953,23650,8,,8.5,8,0,0,0,0,999,11.6,,,,,,,,,,,,,,,,,,,0,0
2011-03-31,16,698953,23650,8,,8.5,8,0,0,0,0,999,11.6,,,,,,,,,,,,,,,,,,,0,0
2011-03-31,17,698953,23650,8,,8.5,8,0,0,0,0,999,11.6,,,,,,,,,,,,,,,,,,,0,0
2011-03-31,18,698953,23650,8,,8.5,8,0,0,0,0,999,11.6,,,,,,,,,,,,,,,,,,,0,0
2011-03-31,19,698953,23650,8,,8.5,8,0,0,0,0,999,11.6,,,,,,,,,,,,,,,,,,,0,0
2011-03-31,20,698953,23650,8,,8.5,8,0,0,0,0,999,11.6,,,,,,,,,,,,,,,,,,,0,0
2011-03-31,21,698953,23650,8,,8.5,8,0,0,0,0,999,11.6,,,,,,,,,,,,,,,,,,,0,0
2011-03-31,22,698953,23650,8,,8.5,8,0,0,0,0,999,11.6,,,,,,,,,,,,,,,,,,,0,0
2011-03-31,23,698953,23650,8,,8.5,8,0,0,0,0,999,11.6,,,,,,,,,,,,,,,,,,,0,0
2011-03-31,24,698953,23650,8,,8.5,8,0,0,0,0,999,11.6,,,,,,,,,,,,,,,,,,,0,0
2011-03-31,1,698953,25291,3,,4,3,0,0,0,0,999,4,,,,,,,,,,,,,,,,,,,0,0
2011-03-31,2,698953,25291,3,,4,3,0,0,0,0,999,4,,,,,,,,,,,,,,,,,,,0,0
2011-03-31,3,698953,25291,3,,4,3,0,0,0,0,999,4,,,,,,,,,,,,,,,,,,,0,0
2011-03-31,4,698953,25291,3,,4,3,0,0,0,0,999,4,,,,,,,,,,,,,,,,,,,0,0
2011-03-31,5,698953,25291,3,,4,3,0,0,0,0,999,4,,,,,,,,,,,,,,,,,,,0,0
2011-03-31,6,698953,25291,3,,4,3,0,0,0,0,999,4,,,,,,,,,,,,,,,,,,,0,0
2011-03-31,7,698953,25291,4,,4,4,0,0,0,0,999,4,,,,,,,,,,,,,,,,,,,0,0
2011-03-31,8,698953,25291,4,,4,4,0,0,0,0,999,4,,,,,,,,,,,,,,,,,,,0,0
2011-03-31,9,698953,25291,4,,4,4,0,0,0,0,999,4,,,,,,,,,,,,,,,,,,,0,0
2011-03-31,10,698953,25291,4,,4,4,0,0,0,0,999,4,,,,,,,,,,,,,,,,,,,0,0
2011-03-31,11,698953,25291,4,,4,4,0,0,0,0,999,4,,,,,,,,,,,,,,,,,,,0,0
2011-03-31,12,698953,25291,4,,4,4,0,0,0,0,999,4,,,,,,,,,,,,,,,,,,,0,0
2011-03-31,13,698953,25291,3,,4,3,0,0,0,0,999,4,,,,,,,,,,,,,,,,,,,0,0
2011-03-31,14,698953,25291,3,,4,3,0,0,0,0,999,4,,,,,,,,,,,,,,,,,,,0,0
2011-03-31,15,698953,25291,3,,4,3,0,0,0,0,999,4,,,,,,,,,,,,,,,,,,,0,0
2011-03-31,16,698953,25291,3,,4,3,0,0,0,0,999,4,,,,,,,,,,,,,,,,,,,0,0
2011-03-31,17,698953,25291,4,,4,4,0,0,0,0,999,4,,,,,,,,,,,,,,,,,,,0,0
2011-03-31,18,698953,25291,4,,4,4,0,0,0,0,999,4,,,,,,,,,,,,,,,,,,,0,0
2011-03-31,19,698953,25291,4,,4,4,0,0,0,0,999,4,,,,,,,,,,,,,,,,,,,0,0
2011-03-31,20,698953,25291,4,,4,4,0,0,0,0,999,4,,,,,,,,,,,,,,,,,,,0,0
2011-03-31,21,698953,25291,4,,4,4,0,0,0,0,999,4,,,,,,,,,,,,,,,,,,,0,0
2011-03-31,22,698953,25291,3,,4,3,0,0,0,0,999,4,,,,,,,,,,,,,,,,,,,0,0
2011-03-31,23,698953,25291,3,,4,3,0,0,0,0,999,4,,,,,,,,,,,,,,,,,,,0,0
2011-03-31,24,698953,25291,3,,4,3,0,0,0,0,999,4,,,,,,,,,,,,,,,,,,,0,0
2011-03-31,1,698953,32325,17,,17.5,17,0,0,0,0,999,17.5,,,,,,,,,,,,,,,,,,,11,18
2011-03-31,2,698953,32325,17,,17.5,17,0,0,0,0,999,17.5,,,,,,,,,,,,,,,,,,,11,18
2011-03-31,3,698953,32325,17,,17.5,17,0,0,0,0,999,17.5,,,,,,,,,,,,,,,,,,,11,18
2011-03-31,4,698953,32325,17,,17.5,17,0,0,0,0,999,17.5,,,,,,,,,,,,,,,,,,,11,18
2011-03-31,5,698953,32325,17,,17.5,17,0,0,0,0,999,17.5,,,,,,,,,,,,,,,,,,,11,18
2011-03-31,6,698953,32325,17,,17.5,17,0,0,0,0,999,17.5,,,,,,,,,,,,,,,,,,,11,18
2011-03-31,7,698953,32325,17,,17.5,17,0,0,0,0,999,17.5,,,,,,,,,,,,,,,,,,,11,18
2011-03-31,8,698953,32325,17,,17.5,17,0,0,0,0,999,17.5,,,,,,,,,,,,,,,,,,,11,18
2011-03-31,9,698953,32325,17,,17.5,17,0,0,0,0,999,17.5,,,,,,,,,,,,,,,,,,,11,18
2011-03-31,10,698953,32325,17,,17.5,17,0,0,0,0,999,17.5,,,,,,,,,,,,,,,,,,,11,18
2011-03-31,11,698953,32325,17,,17.5,17,0,0,0,0,999,17.5,,,,,,,,,,,,,,,,,,,11,18
2011-03-31,12,698953,32325,17,,17.5,17,0,0,0,0,999,17.5,,,,,,,,,,,,,,,,,,,11,18
2011-03-31,13,698953,32325,17,,17.5,17,0,0,0,0,999,17.5,,,,,,,,,,,,,,,,,,,11,18
2011-03-31,14,698953,32325,17,,17.5,17,0,0,0,0,999,17.5,,,,,,,,,,,,,,,,,,,11,18
2011-03-31,15,698953,32325,17,,17.5,17,0,0,0,0,999,17.5,,,,,,,,,,,,,,,,,,,11,18
2011-03-31,16,698953,32325,17,,17.5,17,0,0,0,0,999,17.5,,,,,,,,,,,,,,,,,,,11,18
2011-03-31,17,698953,32325,17,,17.5,17,0,0,0,0,999,17.5,,,,,,,,,,,,,,,,,,,11,18
2011-03-31,18,698953,32325,17,,17.5,17,0,0,0,0,999,17.5,,,,,,,,,,,,,,,,,,,11,18
2011-03-31,19,698953,32325,17,,17.5,17,0,0,0,0,999,17.5,,,,,,,,,,,,,,,,,,,11,18
2011-03-31,20,698953,32325,17,,17.5,17,0,0,0,0,999,17.5,,,,,,,,,,,,,,,,,,,11,18
2011-03-31,21,698953,32325,17,,17.5,17,0,0,0,0,999,17.5,,,,,,,,,,,,,,,,,,,11,18
2011-03-31,22,698953,32325,17,,17.5,17,0,0,0,0,999,17.5,,,,,,,,,,,,,,,,,,,11,18
2011-03-31,23,698953,32325,17,,17.5,17,0,0,0,0,999,17.5,,,,,,,,,,,,,,,,,,,11,18
2011-03-31,24,698953,32325,17,,17.5,17,0,0,0,0,999,17.5,,,,,,,,,,,,,,,,,,,11,18
2011-03-31,1,698953,32541,1,,1.5,1,0,0,0,0,999,1.5,,,,,,,,,,,,,,,,,,,0,0
2011-03-31,2,698953,32541,1,,1.5,1,0,0,0,0,999,1.5,,,,,,,,,,,,,,,,,,,0,0
2011-03-31,3,698953,32541,1,,1.5,1,0,0,0,0,999,1.5,,,,,,,,,,,,,,,,,,,0,0
2011-03-31,4,698953,32541,1,,1.5,1,0,0,0,0,999,1.5,,,,,,,,,,,,,,,,,,,0,0
2011-03-31,5,698953,32541,1,,1.5,1,0,0,0,0,999,1.5,,,,,,,,,,,,,,,,,,,0,0
2011-03-31,6,698953,32541,1,,1.5,1,0,0,0,0,999,1.5,,,,,,,,,,,,,,,,,,,0,0
2011-03-31,7,698953,32541,1,,1.5,1,0,0,0,0,999,1.5,,,,,,,,,,,,,,,,,,,0,0
2011-03-31,8,698953,32541,0,,1.5,1,0,0,0,0,999,1.5,,,,,,,,,,,,,,,,,,,0,0
2011-03-31,9,698953,32541,0,,1.5,1,0,0,0,0,999,1.5,,,,,,,,,,,,,,,,,,,0,0
2011-03-31,10,698953,32541,0,,1.5,1,0,0,0,0,999,1.5,,,,,,,,,,,,,,,,,,,0,0
2011-03-31,11,698953,32541,0,,1.5,1,0,0,0,0,999,1.5,,,,,,,,,,,,,,,,,,,0,0
2011-03-31,12,698953,32541,0,,1.5,1,0,0,0,0,999,1.5,,,,,,,,,,,,,,,,,,,0,0
2011-03-31,13,698953,32541,0,,1.5,1,0,0,0,0,999,1.5,,,,,,,,,,,,,,,,,,,0,0
2011-03-31,14,698953,32541,0,,1.5,1,0,0,0,0,999,1.5,,,,,,,,,,,,,,,,,,,0,0
2011-03-31,15,698953,32541,0,,1.5,1,0,0,0,0,999,1.5,,,,,,,,,,,,,,,,,,,0,0
2011-03-31,16,698953,32541,0,,1.5,1,0,0,0,0,999,1.5,,,,,,,,,,,,,,,,,,,0,0
2011-03-31,17,698953,32541,1,,1.5,1,0,0,0,0,999,1.5,,,,,,,,,,,,,,,,,,,0,0
2011-03-31,18,698953,32541,1,,1.5,1,0,0,0,0,999,1.5,,,,,,,,,,,,,,,,,,,0,0
2011-03-31,19,698953,32541,1,,1.5,1,0,0,0,0,999,1.5,,,,,,,,,,,,,,,,,,,0,0
2011-03-31,20,698953,32541,1,,1.5,1,0,0,0,0,999,1.5,,,,,,,,,,,,,,,,,,,0,0
2011-03-31,21,698953,32541,1,,1.5,1,0,0,0,0,999,1.5,,,,,,,,,,,,,,,,,,,0,0
2011-03-31,22,698953,32541,1,,1.5,1,0,0,0,0,999,1.5,,,,,,,,,,,,,,,,,,,0,0
2011-03-31,23,698953,32541,1,,1.5,1,0,0,0,0,999,1.5,,,,,,,,,,,,,,,,,,,0,0
2011-03-31,24,698953,32541,1,,1.5,1,0,0,0,0,999,1.5,,,,,,,,,,,,,,,,,,,0,0
2011-03-31,1,698953,37939,24,,27.4,24,0,0,0,0,998,27.4,,,,,,,,,,,,,,,,,,,27,27
2011-03-31,2,698953,37939,24,,27.4,24,0,0,0,0,998,27.4,,,,,,,,,,,,,,,,,,,27,27
2011-03-31,3,698953,37939,24,,27.4,24,0,0,0,0,998,27.4,,,,,,,,,,,,,,,,,,,27,27
2011-03-31,4,698953,37939,24,,27.4,24,0,0,0,0,998,27.4,,,,,,,,,,,,,,,,,,,27,27
2011-03-31,5,698953,37939,24,,27.4,24,0,0,0,0,998,27.4,,,,,,,,,,,,,,,,,,,27,27
2011-03-31,6,698953,37939,24,,27.4,24,0,0,0,0,998,27.4,,,,,,,,,,,,,,,,,,,27,27
2011-03-31,7,698953,37939,24,,27.4,24,0,0,0,0,998,27.4,,,,,,,,,,,,,,,,,,,27,27
2011-03-31,8,698953,37939,24,,27.4,24,0,0,0,0,998,27.4,,,,,,,,,,,,,,,,,,,27,27
2011-03-31,9,698953,37939,24,,27.4,24,0,0,0,0,998,27.4,,,,,,,,,,,,,,,,,,,27,27
2011-03-31,10,698953,37939,24,,27.4,24,0,0,0,0,998,27.4,,,,,,,,,,,,,,,,,,,27,27
2011-03-31,11,698953,37939,24,,27.4,24,0,0,0,0,998,27.4,,,,,,,,,,,,,,,,,,,27,27
2011-03-31,12,698953,37939,24,,27.4,24,0,0,0,0,998,27.4,,,,,,,,,,,,,,,,,,,27,27
2011-03-31,13,698953,37939,24,,27.4,24,0,0,0,0,998,27.4,,,,,,,,,,,,,,,,,,,27,27
2011-03-31,14,698953,37939,24,,27.4,24,0,0,0,0,998,27.4,,,,,,,,,,,,,,,,,,,27,27
2011-03-31,15,698953,37939,24,,27.4,24,0,0,0,0,998,27.4,,,,,,,,,,,,,,,,,,,27,27
2011-03-31,16,698953,37939,24,,27.4,24,0,0,0,0,998,27.4,,,,,,,,,,,,,,,,,,,27,27
2011-03-31,17,698953,37939,24,,27.4,24,0,0,0,0,998,27.4,,,,,,,,,,,,,,,,,,,27,27
2011-03-31,18,698953,37939,24,,27.4,24,0,0,0,0,998,27.4,,,,,,,,,,,,,,,,,,,27,27
2011-03-31,19,698953,37939,24,,27.4,24,0,0,0,0,998,27.4,,,,,,,,,,,,,,,,,,,27,27
2011-03-31,20,698953,37939,24,,27.4,24,0,0,0,0,998,27.4,,,,,,,,,,,,,,,,,,,27,27
2011-03-31,21,698953,37939,24,,27.4,24,0,0,0,0,998,27.4,,,,,,,,,,,,,,,,,,,27,27
2011-03-31,22,698953,37939,24,,27.4,24,0,0,0,0,998,27.4,,,,,,,,,,,,,,,,,,,27,27
2011-03-31,23,698953,37939,24,,27.4,24,0,0,0,0,998,27.4,,,,,,,,,,,,,,,,,,,27,27
2011-03-31,24,698953,37939,24,,27.4,24,0,0,0,0,998,27.4,,,,,,,,,,,,,,,,,,,27,27
2011-03-31,1,698953,52447,27,,29.9,27,0,0,0,0,998,29.9,,,,,,,,,,,,,,,,,,,30,30
2011-03-31,2,698953,52447,27,,29.9,27,0,0,0,0,998,29.9,,,,,,,,,,,,,,,,,,,30,30
2011-03-31,3,698953,52447,27,,29.9,27,0,0,0,0,998,29.9,,,,,,,,,,,,,,,,,,,30,30
2011-03-31,4,698953,52447,27,,29.9,27,0,0,0,0,998,29.9,,,,,,,,,,,,,,,,,,,30,30
2011-03-31,5,698953,52447,27,,29.9,27,0,0,0,0,998,29.9,,,,,,,,,,,,,,,,,,,30,30
2011-03-31,6,698953,52447,27,,29.9,27,0,0,0,0,998,29.9,,,,,,,,,,,,,,,,,,,30,30
2011-03-31,7,698953,52447,27,,29.9,27,0,0,0,0,998,29.9,,,,,,,,,,,,,,,,,,,30,30
2011-03-31,8,698953,52447,27,,29.9,27,0,0,0,0,998,29.9,,,,,,,,,,,,,,,,,,,30,30
2011-03-31,9,698953,52447,27,,29.9,27,0,0,0,0,998,29.9,,,,,,,,,,,,,,,,,,,30,30
2011-03-31,10,698953,52447,27,,29.9,27,0,0,0,0,998,29.9,,,,,,,,,,,,,,,,,,,30,30
2011-03-31,11,698953,52447,27,,29.9,27,0,0,0,0,998,29.9,,,,,,,,,,,,,,,,,,,30,30
2011-03-31,12,698953,52447,27,,29.9,27,0,0,0,0,998,29.9,,,,,,,,,,,,,,,,,,,30,30
2011-03-31,13,698953,52447,27,,29.9,27,0,0,0,0,998,29.9,,,,,,,,,,,,,,,,,,,30,30
2011-03-31,14,698953,52447,27,,29.9,27,0,0,0,0,998,29.9,,,,,,,,,,,,,,,,,,,30,30
2011-03-31,15,698953,52447,27,,29.9,27,0,0,0,0,998,29.9,,,,,,,,,,,,,,,,,,,30,30
2011-03-31,16,698953,52447,27,,29.9,27,0,0,0,0,998,29.9,,,,,,,,,,,,,,,,,,,30,30
2011-03-31,17,698953,52447,27,,29.9,27,0,0,0,0,998,29.9,,,,,,,,,,,,,,,,,,,30,30
2011-03-31,18,698953,52447,27,,29.9,27,0,0,0,0,998,29.9,,,,,,,,,,,,,,,,,,,30,30
2011-03-31,19,698953,52447,27,,29.9,27,0,0,0,0,998,29.9,,,,,,,,,,,,,,,,,,,30,30
2011-03-31,20,698953,52447,27,,29.9,27,0,0,0,0,998,29.9,,,,,,,,,,,,,,,,,,,30,30
2011-03-31,21,698953,52447,27,,29.9,27,0,0,0,0,998,29.9,,,,,,,,,,,,,,,,,,,30,30
2011-03-31,22,698953,52447,27,,29.9,27,0,0,0,0,998,29.9,,,,,,,,,,,,,,,,,,,30,30
2011-03-31,23,698953,52447,27,,29.9,27,0,0,0,0,998,29.9,,,,,,,,,,,,,,,,,,,30,30
2011-03-31,24,698953,52447,27,,29.9,27,0,0,0,0,998,29.9,,,,,,,,,,,,,,,,,,,30,30
2011-03-31,1,698953,58208,7,,8,7,0,0,0,0,999,8,,,,,,,,,,,,,,,,,,,0,0
2011-03-31,2,698953,58208,7,,8,7,0,0,0,0,999,8,,,,,,,,,,,,,,,,,,,0,0
2011-03-31,3,698953,58208,7,,8,7,0,0,0,0,999,8,,,,,,,,,,,,,,,,,,,0,0
2011-03-31,4,698953,58208,7,,8,7,0,0,0,0,999,8,,,,,,,,,,,,,,,,,,,0,0
2011-03-31,5,698953,58208,7,,8,7,0,0,0,0,999,8,,,,,,,,,,,,,,,,,,,0,0
2011-03-31,6,698953,58208,7,,8,7,0,0,0,0,999,8,,,,,,,,,,,,,,,,,,,0,0
2011-03-31,7,698953,58208,7,,8,7,0,0,0,0,999,8,,,,,,,,,,,,,,,,,,,0,0
2011-03-31,8,698953,58208,7,,8,7,0,0,0,0,999,8,,,,,,,,,,,,,,,,,,,0,0
2011-03-31,9,698953,58208,7,,8,7,0,0,0,0,999,8,,,,,,,,,,,,,,,,,,,0,0
2011-03-31,10,698953,58208,7,,8,7,0,0,0,0,999,8,,,,,,,,,,,,,,,,,,,0,0
2011-03-31,11,698953,58208,7,,8,7,0,0,0,0,999,8,,,,,,,,,,,,,,,,,,,0,0
2011-03-31,12,698953,58208,7,,8,7,0,0,0,0,999,8,,,,,,,,,,,,,,,,,,,0,0
2011-03-31,13,698953,58208,7,,8,7,0,0,0,0,999,8,,,,,,,,,,,,,,,,,,,0,0
2011-03-31,14,698953,58208,7,,8,7,0,0,0,0,999,8,,,,,,,,,,,,,,,,,,,0,0
2011-03-31,15,698953,58208,7,,8,7,0,0,0,0,999,8,,,,,,,,,,,,,,,,,,,0,0
2011-03-31,16,698953,58208,0,,8,2.3,0,0,0,0,999,8,,,,,,,,,,,,,,,,,,,0,0
2011-03-31,17,698953,58208,7,,8,7,0,0,0,0,999,8,,,,,,,,,,,,,,,,,,,0,0
2011-03-31,18,698953,58208,7,,8,7,0,0,0,0,999,8,,,,,,,,,,,,,,,,,,,0,0
2011-03-31,19,698953,58208,7,,8,7,0,0,0,0,999,8,,,,,,,,,,,,,,,,,,,0,0
2011-03-31,20,698953,58208,7,,8,7,0,0,0,0,999,8,,,,,,,,,,,,,,,,,,,0,0
2011-03-31,21,698953,58208,7,,8,7,0,0,0,0,999,8,,,,,,,,,,,,,,,,,,,0,0
2011-03-31,22,698953,58208,7,,8,7,0,0,0,0,999,8,,,,,,,,,,,,,,,,,,,0,0
2011-03-31,23,698953,58208,7,,8,7,0,0,0,0,999,8,,,,,,,,,,,,,,,,,,,0,0
2011-03-31,24,698953,58208,7,,8,7,0,0,0,0,999,8,,,,,,,,,,,,,,,,,,,0,0
2011-03-31,1,698953,59695,0,,0,0,0,0,0,0,999,16.8,,,,,,,,,,,,,,,,,,,17,17
2011-03-31,2,698953,59695,0,,0,0,0,0,0,0,999,16.8,,,,,,,,,,,,,,,,,,,17,17
2011-03-31,3,698953,59695,0,,0,0,0,0,0,0,999,16.8,,,,,,,,,,,,,,,,,,,17,17
2011-03-31,4,698953,59695,0,,0,0,0,0,0,0,999,16.8,,,,,,,,,,,,,,,,,,,17,17
2011-03-31,5,698953,59695,0,,0,0,0,0,0,0,999,16.8,,,,,,,,,,,,,,,,,,,17,17
2011-03-31,6,698953,59695,0,,0,0,0,0,0,0,999,16.8,,,,,,,,,,,,,,,,,,,17,17
2011-03-31,7,698953,59695,0,,0,0,0,0,0,0,999,16.8,,,,,,,,,,,,,,,,,,,17,17
2011-03-31,8,698953,59695,0,,0,0,0,0,0,0,999,16.8,,,,,,,,,,,,,,,,,,,17,17
2011-03-31,9,698953,59695,0,,0,0,0,0,0,0,999,16.8,,,,,,,,,,,,,,,,,,,17,17
2011-03-31,10,698953,59695,0,,0,0,0,0,0,0,999,16.8,,,,,,,,,,,,,,,,,,,17,17
2011-03-31,11,698953,59695,0,,0,0,0,0,0,0,999,16.8,,,,,,,,,,,,,,,,,,,17,17
2011-03-31,12,698953,59695,0,,0,0,0,0,0,0,999,16.8,,,,,,,,,,,,,,,,,,,17,17
2011-03-31,13,698953,59695,0,,0,0,0,0,0,0,999,16.8,,,,,,,,,,,,,,,,,,,17,17
2011-03-31,14,698953,59695,0,,0,0,0,0,0,0,999,16.8,,,,,,,,,,,,,,,,,,,17,17
2011-03-31,15,698953,59695,0,,0,0,0,0,0,0,999,16.8,,,,,,,,,,,,,,,,,,,17,17
2011-03-31,16,698953,59695,0,,0,0,0,0,0,0,999,16.8,,,,,,,,,,,,,,,,,,,17,17
2011-03-31,17,698953,59695,0,,0,0,0,0,0,0,999,16.8,,,,,,,,,,,,,,,,,,,17,17
2011-03-31,18,698953,59695,0,,0,0,0,0,0,0,999,16.8,,,,,,,,,,,,,,,,,,,17,17
2011-03-31,19,698953,59695,0,,0,0,0,0,0,0,999,16.8,,,,,,,,,,,,,,,,,,,17,17
2011-03-31,20,698953,59695,0,,0,0,0,0,0,0,999,16.8,,,,,,,,,,,,,,,,,,,17,17
2011-03-31,21,698953,59695,0,,0,0,0,0,0,0,999,16.8,,,,,,,,,,,,,,,,,,,17,17
2011-03-31,22,698953,59695,0,,0,0,0,0,0,0,999,16.8,,,,,,,,,,,,,,,,,,,17,17
2011-03-31,23,698953,59695,0,,0,0,0,0,0,0,999,16.8,,,,,,,,,,,,,,,,,,,17,17
2011-03-31,24,698953,59695,0,,0,0,0,0,0,0,999,16.8,,,,,,,,,,,,,,,,,,,17,17
2011-03-31,1,698953,66465,0,,34.9,2,0,0,0,0,999,34.9,,,,,,,,,,,,,,,,,,,35,35
2011-03-31,2,698953,66465,0,,34.9,2,0,0,0,0,999,34.9,,,,,,,,,,,,,,,,,,,35,35
2011-03-31,3,698953,66465,0,,34.9,2,0,0,0,0,999,34.9,,,,,,,,,,,,,,,,,,,35,35
2011-03-31,4,698953,66465,0,,34.9,2,0,0,0,0,999,34.9,,,,,,,,,,,,,,,,,,,35,35
2011-03-31,5,698953,66465,0,,34.9,2,0,0,0,0,999,34.9,,,,,,,,,,,,,,,,,,,35,35
2011-03-31,6,698953,66465,0,,34.9,2,0,0,0,0,999,34.9,,,,,,,,,,,,,,,,,,,35,35
2011-03-31,7,698953,66465,0,,34.9,2,0,0,0,0,999,34.9,,,,,,,,,,,,,,,,,,,35,35
2011-03-31,8,698953,66465,25,,34.9,25,0,0,0,0,999,34.9,,,,,,,,,,,,,,,,,,,35,35
2011-03-31,9,698953,66465,25,,34.9,25,0,0,0,0,999,34.9,,,,,,,,,,,,,,,,,,,35,35
2011-03-31,10,698953,66465,25,,34.9,25,0,0,0,0,999,34.9,,,,,,,,,,,,,,,,,,,35,35
2011-03-31,11,698953,66465,25,,34.9,25,0,0,0,0,999,34.9,,,,,,,,,,,,,,,,,,,35,35
2011-03-31,12,698953,66465,25,,34.9,25,0,0,0,0,999,34.9,,,,,,,,,,,,,,,,,,,35,35
2011-03-31,13,698953,66465,25,,34.9,25,0,0,0,0,999,34.9,,,,,,,,,,,,,,,,,,,35,35
2011-03-31,14,698953,66465,25,,34.9,25,0,0,0,0,999,34.9,,,,,,,,,,,,,,,,,,,35,35
2011-03-31,15,698953,66465,25,,34.9,25,0,0,0,0,999,34.9,,,,,,,,,,,,,,,,,,,35,35
2011-03-31,16,698953,66465,25,,34.9,25,0,0,0,0,999,34.9,,,,,,,,,,,,,,,,,,,35,35
2011-03-31,17,698953,66465,25,,34.9,25,0,0,0,0,999,34.9,,,,,,,,,,,,,,,,,,,35,35
2011-03-31,18,698953,66465,25,,34.9,25,0,0,0,0,999,34.9,,,,,,,,,,,,,,,,,,,35,35
2011-03-31,19,698953,66465,25,,34.9,25,0,0,0,0,999,34.9,,,,,,,,,,,,,,,,,,,35,35
2011-03-31,20,698953,66465,25,,34.9,25,0,0,0,0,999,34.9,,,,,,,,,,,,,,,,,,,35,35
2011-03-31,21,698953,66465,25,,34.9,25,0,0,0,0,999,34.9,,,,,,,,,,,,,,,,,,,35,35
2011-03-31,22,698953,66465,25,,34.9,25,0,0,0,0,999,34.9,,,,,,,,,,,,,,,,,,,35,35
2011-03-31,23,698953,66465,25,,34.9,25,0,0,0,0,999,34.9,,,,,,,,,,,,,,,,,,,35,35
2011-03-31,24,698953,66465,0,,34.9,2,0,0,0,0,999,34.9,,,,,,,,,,,,,,,,,,,35,35
2011-03-31,1,698953,66621,19,,20.2,19,0,0,0,0,999,20.2,,,,,,,,,,,,,,,,,,,0,0
2011-03-31,2,698953,66621,19,,20.2,19,0,0,0,0,999,20.2,,,,,,,,,,,,,,,,,,,0,0
2011-03-31,3,698953,66621,19,,20.2,19,0,0,0,0,999,20.2,,,,,,,,,,,,,,,,,,,0,0
2011-03-31,4,698953,66621,19,,20.2,19,0,0,0,0,999,20.2,,,,,,,,,,,,,,,,,,,0,0
2011-03-31,5,698953,66621,19,,20.2,19,0,0,0,0,999,20.2,,,,,,,,,,,,,,,,,,,0,0
2011-03-31,6,698953,66621,19,,20.2,19,0,0,0,0,999,20.2,,,,,,,,,,,,,,,,,,,0,0
2011-03-31,7,698953,66621,19,,20.2,19,0,0,0,0,999,20.2,,,,,,,,,,,,,,,,,,,0,0
2011-03-31,8,698953,66621,8,,10.2,8,0,0,0,0,999,20.2,,,,,,,,,,,,,,,,,,,0,0
2011-03-31,9,698953,66621,8,,10.2,8,0,0,0,0,999,20.2,,,,,,,,,,,,,,,,,,,0,0
2011-03-31,10,698953,66621,8,,10.2,8,0,0,0,0,999,20.2,,,,,,,,,,,,,,,,,,,0,0
2011-03-31,11,698953,66621,8,,10.2,8,0,0,0,0,999,20.2,,,,,,,,,,,,,,,,,,,0,0
2011-03-31,12,698953,66621,8,,10.2,8,0,0,0,0,999,20.2,,,,,,,,,,,,,,,,,,,0,0
2011-03-31,13,698953,66621,8,,10.2,8,0,0,0,0,999,20.2,,,,,,,,,,,,,,,,,,,0,0
2011-03-31,14,698953,66621,8,,10.2,8,0,0,0,0,999,20.2,,,,,,,,,,,,,,,,,,,0,0
2011-03-31,15,698953,66621,8,,10.2,8,0,0,0,0,999,20.2,,,,,,,,,,,,,,,,,,,0,0
2011-03-31,16,698953,66621,8,,10.2,8,0,0,0,0,999,20.2,,,,,,,,,,,,,,,,,,,0,0
2011-03-31,17,698953,66621,8,,10.2,8,0,0,0,0,999,20.2,,,,,,,,,,,,,,,,,,,0,0
2011-03-31,18,698953,66621,19,,20.2,19,0,0,0,0,999,20.2,,,,,,,,,,,,,,,,,,,0,0
2011-03-31,19,698953,66621,19,,20.2,19,0,0,0,0,999,20.2,,,,,,,,,,,,,,,,,,,0,0
2011-03-31,20,698953,66621,19,,20.2,19,0,0,0,0,999,20.2,,,,,,,,,,,,,,,,,,,0,0
2011-03-31,21,698953,66621,19,,20.2,19,0,0,0,0,999,20.2,,,,,,,,,,,,,,,,,,,0,0
2011-03-31,22,698953,66621,19,,20.2,19,0,0,0,0,999,20.2,,,,,,,,,,,,,,,,,,,0,0
2011-03-31,23,698953,66621,19,,20.2,19,0,0,0,0,999,20.2,,,,,,,,,,,,,,,,,,,0,0
2011-03-31,24,698953,66621,19,,20.2,19,0,0,0,0,999,20.2,,,,,,,,,,,,,,,,,,,0,0
2011-03-31,1,698953,72974,18,,19.7,18,0,0,0,0,999,19.7,,,,,,,,,,,,,,,,,,,20,20
2011-03-31,2,698953,72974,18,,19.7,18,0,0,0,0,999,19.7,,,,,,,,,,,,,,,,,,,20,20
2011-03-31,3,698953,72974,18,,19.7,18,0,0,0,0,999,19.7,,,,,,,,,,,,,,,,,,,20,20
2011-03-31,4,698953,72974,18,,19.7,18,0,0,0,0,999,19.7,,,,,,,,,,,,,,,,,,,20,20
2011-03-31,5,698953,72974,18,,19.7,18,0,0,0,0,999,19.7,,,,,,,,,,,,,,,,,,,20,20
2011-03-31,6,698953,72974,18,,19.7,18,0,0,0,0,999,19.7,,,,,,,,,,,,,,,,,,,20,20
2011-03-31,7,698953,72974,19,,19.7,19,0,0,0,0,999,19.7,,,,,,,,,,,,,,,,,,,20,20
2011-03-31,8,698953,72974,19,,19.7,19,0,0,0,0,999,19.7,,,,,,,,,,,,,,,,,,,20,20
2011-03-31,9,698953,72974,19,,19.7,19,0,0,0,0,999,19.7,,,,,,,,,,,,,,,,,,,20,20
2011-03-31,10,698953,72974,19,,19.7,19,0,0,0,0,999,19.7,,,,,,,,,,,,,,,,,,,20,20
2011-03-31,11,698953,72974,19,,19.7,19,0,0,0,0,999,19.7,,,,,,,,,,,,,,,,,,,20,20
2011-03-31,12,698953,72974,19,,19.7,19,0,0,0,0,999,19.7,,,,,,,,,,,,,,,,,,,20,20
2011-03-31,13,698953,72974,18,,19.7,18,0,0,0,0,999,19.7,,,,,,,,,,,,,,,,,,,20,20
2011-03-31,14,698953,72974,18,,19.7,18,0,0,0,0,999,19.7,,,,,,,,,,,,,,,,,,,20,20
2011-03-31,15,698953,72974,18,,19.7,18,0,0,0,0,999,19.7,,,,,,,,,,,,,,,,,,,20,20
2011-03-31,16,698953,72974,18,,19.7,18,0,0,0,0,999,19.7,,,,,,,,,,,,,,,,,,,20,20
2011-03-31,17,698953,72974,19,,19.7,19,0,0,0,0,999,19.7,,,,,,,,,,,,,,,,,,,20,20
2011-03-31,18,698953,72974,19,,19.7,19,0,0,0,0,999,19.7,,,,,,,,,,,,,,,,,,,20,20
2011-03-31,19,698953,72974,19,,19.7,19,0,0,0,0,999,19.7,,,,,,,,,,,,,,,,,,,20,20
2011-03-31,20,698953,72974,19,,19.7,19,0,0,0,0,999,19.7,,,,,,,,,,,,,,,,,,,20,20
2011-03-31,21,698953,72974,19,,19.7,19,0,0,0,0,999,19.7,,,,,,,,,,,,,,,,,,,20,20
2011-03-31,22,698953,72974,18,,19.7,18,0,0,0,0,999,19.7,,,,,,,,,,,,,,,,,,,20,20
2011-03-31,23,698953,72974,18,,19.7,18,0,0,0,0,999,19.7,,,,,,,,,,,,,,,,,,,20,20
2011-03-31,24,698953,72974,18,,19.7,18,0,0,0,0,999,19.7,,,,,,,,,,,,,,,,,,,20,20
2011-03-31,1,698953,98100,20,,28,20,0,0,0,0,999,14,,,,,,,,,,,,,,,,,,,28,28
2011-03-31,2,698953,98100,20,,28,20,0,0,0,0,999,14,,,,,,,,,,,,,,,,,,,28,28
2011-03-31,3,698953,98100,20,,28,20,0,0,0,0,999,14,,,,,,,,,,,,,,,,,,,28,28
2011-03-31,4,698953,98100,20,,28,20,0,0,0,0,999,14,,,,,,,,,,,,,,,,,,,28,28
2011-03-31,5,698953,98100,20,,28,20,0,0,0,0,999,14,,,,,,,,,,,,,,,,,,,28,28
2011-03-31,6,698953,98100,20,,28,20,0,0,0,0,999,14,,,,,,,,,,,,,,,,,,,28,28
2011-03-31,7,698953,98100,20,,28,20,0,0,0,0,999,14,,,,,,,,,,,,,,,,,,,28,28
2011-03-31,8,698953,98100,20,,28,20,0,0,0,0,999,14,,,,,,,,,,,,,,,,,,,28,28
2011-03-31,9,698953,98100,13,,28,13,0,0,0,0,999,14,,,,,,,,,,,,,,,,,,,28,28
2011-03-31,10,698953,98100,13,,28,13,0,0,0,0,999,14,,,,,,,,,,,,,,,,,,,28,28
2011-03-31,11,698953,98100,20,,28,20,0,0,0,0,999,14,,,,,,,,,,,,,,,,,,,28,28
2011-03-31,12,698953,98100,20,,28,20,0,0,0,0,999,14,,,,,,,,,,,,,,,,,,,28,28
2011-03-31,13,698953,98100,20,,28,20,0,0,0,0,999,14,,,,,,,,,,,,,,,,,,,28,28
2011-03-31,14,698953,98100,20,,28,20,0,0,0,0,999,14,,,,,,,,,,,,,,,,,,,28,28
2011-03-31,15,698953,98100,20,,28,20,0,0,0,0,999,14,,,,,,,,,,,,,,,,,,,28,28
2011-03-31,16,698953,98100,20,,28,20,0,0,0,0,999,14,,,,,,,,,,,,,,,,,,,28,28
2011-03-31,17,698953,98100,20,,28,20,0,0,0,0,999,14,,,,,,,,,,,,,,,,,,,28,28
2011-03-31,18,698953,98100,20,,28,20,0,0,0,0,999,14,,,,,,,,,,,,,,,,,,,28,28
2011-03-31,19,698953,98100,20,,28,20,0,0,0,0,999,14,,,,,,,,,,,,,,,,,,,28,28
2011-03-31,20,698953,98100,20,,28,20,0,0,0,0,999,14,,,,,,,,,,,,,,,,,,,28,28
2011-03-31,21,698953,98100,20,,28,20,0,0,0,0,999,14,,,,,,,,,,,,,,,,,,,28,28
2011-03-31,22,698953,98100,20,,28,20,0,0,0,0,999,14,,,,,,,,,,,,,,,,,,,28,28
2011-03-31,23,698953,98100,20,,28,20,0,0,0,0,999,14,,,,,,,,,,,,,,,,,,,28,28
2011-03-31,24,698953,98100,20,,28,20,0,0,0,0,999,14,,,,,,,,,,,,,,,,,,,28,28
2011-03-31,1,698953,98277,13,,13.2,13,0,0,0,0,999,13.2,,,,,,,,,,,,,,,,,,,0,0
2011-03-31,2,698953,98277,13,,13.2,13,0,0,0,0,999,13.2,,,,,,,,,,,,,,,,,,,0,0
2011-03-31,3,698953,98277,13,,13.2,13,0,0,0,0,999,13.2,,,,,,,,,,,,,,,,,,,0,0
2011-03-31,4,698953,98277,13,,13.2,13,0,0,0,0,999,13.2,,,,,,,,,,,,,,,,,,,0,0
2011-03-31,5,698953,98277,13,,13.2,13,0,0,0,0,999,13.2,,,,,,,,,,,,,,,,,,,0,0
2011-03-31,6,698953,98277,13,,13.2,13,0,0,0,0,999,13.2,,,,,,,,,,,,,,,,,,,0,0
2011-03-31,7,698953,98277,13,,13.2,13,0,0,0,0,999,13.2,,,,,,,,,,,,,,,,,,,0,0
2011-03-31,8,698953,98277,13,,13.2,13,0,0,0,0,999,13.2,,,,,,,,,,,,,,,,,,,0,0
2011-03-31,9,698953,98277,13,,13.2,13,0,0,0,0,999,13.2,,,,,,,,,,,,,,,,,,,0,0
2011-03-31,10,698953,98277,13,,13.2,13,0,0,0,0,999,13.2,,,,,,,,,,,,,,,,,,,0,0
2011-03-31,11,698953,98277,13,,13.2,13,0,0,0,0,999,13.2,,,,,,,,,,,,,,,,,,,0,0
2011-03-31,12,698953,98277,13,,13.2,13,0,0,0,0,999,13.2,,,,,,,,,,,,,,,,,,,0,0
2011-03-31,13,698953,98277,13,,13.2,13,0,0,0,0,999,13.2,,,,,,,,,,,,,,,,,,,0,0
2011-03-31,14,698953,98277,13,,13.2,13,0,0,0,0,999,13.2,,,,,,,,,,,,,,,,,,,0,0
2011-03-31,15,698953,98277,13,,13.2,13,0,0,0,0,999,13.2,,,,,,,,,,,,,,,,,,,0,0
2011-03-31,16,698953,98277,13,,13.2,13,0,0,0,0,999,13.2,,,,,,,,,,,,,,,,,,,0,0
2011-03-31,17,698953,98277,13,,13.2,13,0,0,0,0,999,13.2,,,,,,,,,,,,,,,,,,,0,0
2011-03-31,18,698953,98277,13,,13.2,13,0,0,0,0,999,13.2,,,,,,,,,,,,,,,,,,,0,0
2011-03-31,19,698953,98277,13,,13.2,13,0,0,0,0,999,13.2,,,,,,,,,,,,,,,,,,,0,0
2011-03-31,20,698953,98277,13,,13.2,13,0,0,0,0,999,13.2,,,,,,,,,,,,,,,,,,,0,0
2011-03-31,21,698953,98277,13,,13.2,13,0,0,0,0,999,13.2,,,,,,,,,,,,,,,,,,,0,0
2011-03-31,22,698953,98277,13,,13.2,13,0,0,0,0,999,13.2,,,,,,,,,,,,,,,,,,,0,0
2011-03-31,23,698953,98277,13,,13.2,13,0,0,0,0,999,13.2,,,,,,,,,,,,,,,,,,,0,0
2011-03-31,24,698953,98277,13,,13.2,13,0,0,0,0,999,13.2,,,,,,,,,,,,,,,,,,,0,0
2011-03-31,1,711583,24487,0,,50,24,0,0,0,0,280,50,,,,,,,,,,,,,,,,,,,35,41
2011-03-31,2,711583,24487,0,,50,24,0,0,0,0,280,50,,,,,,,,,,,,,,,,,,,35,41
2011-03-31,3,711583,24487,0,,50,24,0,0,0,0,280,50,,,,,,,,,,,,,,,,,,,35,41
2011-03-31,4,711583,24487,0,,50,24,0,0,0,0,280,50,,,,,,,,,,,,,,,,,,,35,41
2011-03-31,5,711583,24487,0,,50,24,0,0,0,0,280,50,,,,,,,,,,,,,,,,,,,35,41
2011-03-31,6,711583,24487,0,,50,24,0,0,0,0,280,50,,,,,,,,,,,,,,,,,,,35,41
2011-03-31,7,711583,24487,0,,50,24,0,0,0,0,280,50,,,,,,,,,,,,,,,,,,,35,41
2011-03-31,8,711583,24487,0,,50,24,0,0,0,0,280,50,,,,,,,,,,,,,,,,,,,35,41
2011-03-31,9,711583,24487,0,,50,24,0,0,0,0,280,50,,,,,,,,,,,,,,,,,,,35,41
2011-03-31,10,711583,24487,0,,50,24,0,0,0,0,280,50,,,,,,,,,,,,,,,,,,,35,41
2011-03-31,11,711583,24487,0,,50,24,0,0,0,0,280,50,,,,,,,,,,,,,,,,,,,35,41
2011-03-31,12,711583,24487,0,,50,24,0,0,0,0,280,50,,,,,,,,,,,,,,,,,,,35,41
2011-03-31,13,711583,24487,0,,50,24,0,0,0,0,280,50,,,,,,,,,,,,,,,,,,,35,41
2011-03-31,14,711583,24487,0,,50,24,0,0,0,0,280,50,,,,,,,,,,,,,,,,,,,35,41
2011-03-31,15,711583,24487,0,,50,24,0,0,0,0,280,50,,,,,,,,,,,,,,,,,,,35,41
2011-03-31,16,711583,24487,0,,50,24,0,0,0,0,280,50,,,,,,,,,,,,,,,,,,,35,41
2011-03-31,17,711583,24487,0,,50,24,0,0,0,0,280,50,,,,,,,,,,,,,,,,,,,35,41
2011-03-31,18,711583,24487,0,,50,24,0,0,0,0,280,50,,,,,,,,,,,,,,,,,,,35,41
2011-03-31,19,711583,24487,0,,50,24,0,0,0,0,280,50,,,,,,,,,,,,,,,,,,,35,41
2011-03-31,20,711583,24487,0,,50,24,0,0,0,0,280,50,,,,,,,,,,,,,,,,,,,35,41
2011-03-31,21,711583,24487,0,,50,24,0,0,0,0,280,50,,,,,,,,,,,,,,,,,,,35,41
2011-03-31,22,711583,24487,0,,50,24,0,0,0,0,280,50,,,,,,,,,,,,,,,,,,,35,41
2011-03-31,23,711583,24487,0,,50,24,0,0,0,0,280,50,,,,,,,,,,,,,,,,,,,35,41
2011-03-31,24,711583,24487,0,,50,24,0,0,0,0,280,50,,,,,,,,,,,,,,,,,,,35,41
2011-03-31,1,711583,28315,2,,2,2,0,0,0,0,999,3.3,,,,,,,,,,,,,,,,,,,3,3
2011-03-31,2,711583,28315,2,,2,2,0,0,0,0,999,3.3,,,,,,,,,,,,,,,,,,,3,3
2011-03-31,3,711583,28315,2,,2,2,0,0,0,0,999,3.3,,,,,,,,,,,,,,,,,,,3,3
2011-03-31,4,711583,28315,2,,2,2,0,0,0,0,999,3.3,,,,,,,,,,,,,,,,,,,3,3
2011-03-31,5,711583,28315,2,,2,2,0,0,0,0,999,3.3,,,,,,,,,,,,,,,,,,,3,3
2011-03-31,6,711583,28315,2,,2,2,0,0,0,0,999,3.3,,,,,,,,,,,,,,,,,,,3,3
2011-03-31,7,711583,28315,2,,2,2,0,0,0,0,999,3.3,,,,,,,,,,,,,,,,,,,3,3
2011-03-31,8,711583,28315,2,,2,2,0,0,0,0,999,3.3,,,,,,,,,,,,,,,,,,,3,3
2011-03-31,9,711583,28315,2,,2,2,0,0,0,0,999,3.3,,,,,,,,,,,,,,,,,,,3,3
2011-03-31,10,711583,28315,2,,2,2,0,0,0,0,999,3.3,,,,,,,,,,,,,,,,,,,3,3
2011-03-31,11,711583,28315,2,,2,2,0,0,0,0,999,3.3,,,,,,,,,,,,,,,,,,,3,3
2011-03-31,12,711583,28315,2,,2,2,0,0,0,0,999,3.3,,,,,,,,,,,,,,,,,,,3,3
2011-03-31,13,711583,28315,2,,2,2,0,0,0,0,999,3.3,,,,,,,,,,,,,,,,,,,3,3
2011-03-31,14,711583,28315,2,,2,2,0,0,0,0,999,3.3,,,,,,,,,,,,,,,,,,,3,3
2011-03-31,15,711583,28315,2,,2,2,0,0,0,0,999,3.3,,,,,,,,,,,,,,,,,,,3,3
2011-03-31,16,711583,28315,2,,2,2,0,0,0,0,999,3.3,,,,,,,,,,,,,,,,,,,3,3
2011-03-31,17,711583,28315,2,,2,2,0,0,0,0,999,3.3,,,,,,,,,,,,,,,,,,,3,3
2011-03-31,18,711583,28315,2,,2,2,0,0,0,0,999,3.3,,,,,,,,,,,,,,,,,,,3,3
2011-03-31,19,711583,28315,2,,2,2,0,0,0,0,999,3.3,,,,,,,,,,,,,,,,,,,3,3
2011-03-31,20,711583,28315,2,,2,2,0,0,0,0,999,3.3,,,,,,,,,,,,,,,,,,,3,3
2011-03-31,21,711583,28315,2,,2,2,0,0,0,0,999,3.3,,,,,,,,,,,,,,,,,,,3,3
2011-03-31,22,711583,28315,2,,2,2,0,0,0,0,999,3.3,,,,,,,,,,,,,,,,,,,3,3
2011-03-31,23,711583,28315,2,,2,2,0,0,0,0,999,3.3,,,,,,,,,,,,,,,,,,,3,3
2011-03-31,24,711583,28315,2,,2,2,0,0,0,0,999,3.3,,,,,,,,,,,,,,,,,,,3,3
2011-03-31,1,711583,45190,4,,4,4,0,0,0,0,999,7.8,,,,,,,,,,,,,,,,,,,5,5
2011-03-31,2,711583,45190,4,,4,4,0,0,0,0,999,7.8,,,,,,,,,,,,,,,,,,,5,5
2011-03-31,3,711583,45190,4,,4,4,0,0,0,0,999,7.8,,,,,,,,,,,,,,,,,,,5,5
2011-03-31,4,711583,45190,4,,4,4,0,0,0,0,999,7.8,,,,,,,,,,,,,,,,,,,5,5
2011-03-31,5,711583,45190,4,,4,4,0,0,0,0,999,7.8,,,,,,,,,,,,,,,,,,,5,5
2011-03-31,6,711583,45190,4,,4,4,0,0,0,0,999,7.8,,,,,,,,,,,,,,,,,,,5,5
2011-03-31,7,711583,45190,4,,4,4,0,0,0,0,999,7.8,,,,,,,,,,,,,,,,,,,5,5
2011-03-31,8,711583,45190,4,,4,4,0,0,0,0,999,7.8,,,,,,,,,,,,,,,,,,,5,5
2011-03-31,9,711583,45190,4,,4,4,0,0,0,0,999,7.8,,,,,,,,,,,,,,,,,,,5,5
2011-03-31,10,711583,45190,4,,4,4,0,0,0,0,999,7.8,,,,,,,,,,,,,,,,,,,5,5
2011-03-31,11,711583,45190,4,,4,4,0,0,0,0,999,7.8,,,,,,,,,,,,,,,,,,,5,5
2011-03-31,12,711583,45190,4,,4,4,0,0,0,0,999,7.8,,,,,,,,,,,,,,,,,,,5,5
2011-03-31,13,711583,45190,4,,4,4,0,0,0,0,999,7.8,,,,,,,,,,,,,,,,,,,5,5
2011-03-31,14,711583,45190,4,,4,4,0,0,0,0,999,7.8,,,,,,,,,,,,,,,,,,,5,5
2011-03-31,15,711583,45190,5,,5,5,0,0,0,0,999,7.8,,,,,,,,,,,,,,,,,,,5,5
2011-03-31,16,711583,45190,6,,6,6,0,0,0,0,999,7.8,,,,,,,,,,,,,,,,,,,5,5
2011-03-31,17,711583,45190,6,,6,6,0,0,0,0,999,7.8,,,,,,,,,,,,,,,,,,,5,5
2011-03-31,18,711583,45190,6,,6,6,0,0,0,0,999,7.8,,,,,,,,,,,,,,,,,,,5,5
2011-03-31,19,711583,45190,6,,6,6,0,0,0,0,999,7.8,,,,,,,,,,,,,,,,,,,5,5
2011-03-31,20,711583,45190,6,,6,6,0,0,0,0,999,7.8,,,,,,,,,,,,,,,,,,,5,5
2011-03-31,21,711583,45190,6,,6,6,0,0,0,0,999,7.8,,,,,,,,,,,,,,,,,,,5,5
2011-03-31,22,711583,45190,5,,5,5,0,0,0,0,999,7.8,,,,,,,,,,,,,,,,,,,5,5
2011-03-31,23,711583,45190,4,,4,4,0,0,0,0,999,7.8,,,,,,,,,,,,,,,,,,,5,5
2011-03-31,24,711583,45190,4,,4,4,0,0,0,0,999,7.8,,,,,,,,,,,,,,,,,,,5,5
2011-03-31,1,711583,50839,0,,4,2,0,0,0,0,215,4,,,,,,,,,,,,,,,,,,,4,4
2011-03-31,2,711583,50839,0,,4,2,0,0,0,0,215,4,,,,,,,,,,,,,,,,,,,4,4
2011-03-31,3,711583,50839,0,,4,2,0,0,0,0,215,4,,,,,,,,,,,,,,,,,,,4,4
2011-03-31,4,711583,50839,0,,4,2,0,0,0,0,215,4,,,,,,,,,,,,,,,,,,,4,4
2011-03-31,5,711583,50839,0,,4,2,0,0,0,0,215,4,,,,,,,,,,,,,,,,,,,4,4
2011-03-31,6,711583,50839,0,,4,2,0,0,0,0,215,4,,,,,,,,,,,,,,,,,,,4,4
2011-03-31,7,711583,50839,0,,4,2,0,0,0,0,215,4,,,,,,,,,,,,,,,,,,,4,4
2011-03-31,8,711583,50839,0,,4,2,0,0,0,0,215,4,,,,,,,,,,,,,,,,,,,4,4
2011-03-31,9,711583,50839,0,,4,2,0,0,0,0,215,4,,,,,,,,,,,,,,,,,,,4,4
2011-03-31,10,711583,50839,0,,4,2,0,0,0,0,215,4,,,,,,,,,,,,,,,,,,,4,4
2011-03-31,11,711583,50839,0,,4,2,0,0,0,0,215,4,,,,,,,,,,,,,,,,,,,4,4
2011-03-31,12,711583,50839,0,,4,2,0,0,0,0,215,4,,,,,,,,,,,,,,,,,,,4,4
2011-03-31,13,711583,50839,0,,4,2,0,0,0,0,215,4,,,,,,,,,,,,,,,,,,,4,4
2011-03-31,14,711583,50839,0,,4,2,0,0,0,0,215,4,,,,,,,,,,,,,,,,,,,4,4
2011-03-31,15,711583,50839,0,,4,2,0,0,0,0,215,4,,,,,,,,,,,,,,,,,,,4,4
2011-03-31,16,711583,50839,0,,4,2,0,0,0,0,215,4,,,,,,,,,,,,,,,,,,,4,4
2011-03-31,17,711583,50839,0,,4,2,0,0,0,0,215,4,,,,,,,,,,,,,,,,,,,4,4
2011-03-31,18,711583,50839,0,,4,2,0,0,0,0,215,4,,,,,,,,,,,,,,,,,,,4,4
2011-03-31,19,711583,50839,0,,4,2,0,0,0,0,215,4,,,,,,,,,,,,,,,,,,,4,4
2011-03-31,20,711583,50839,0,,4,2,0,0,0,0,215,4,,,,,,,,,,,,,,,,,,,4,4
2011-03-31,21,711583,50839,0,,4,2,0,0,0,0,215,4,,,,,,,,,,,,,,,,,,,4,4
2011-03-31,22,711583,50839,0,,4,2,0,0,0,0,215,4,,,,,,,,,,,,,,,,,,,4,4
2011-03-31,23,711583,50839,0,,4,2,0,0,0,0,215,4,,,,,,,,,,,,,,,,,,,4,4
2011-03-31,24,711583,50839,0,,4,2,0,0,0,0,215,4,,,,,,,,,,,,,,,,,,,4,4
2011-03-31,1,711583,56703,0,,8,2,200,0,0,0,210,7.2,400,0.8,,,,,,,,,,,,,,,,,7,8
2011-03-31,2,711583,56703,0,,8,2,200,0,0,0,210,7.2,400,0.8,,,,,,,,,,,,,,,,,7,8
2011-03-31,3,711583,56703,0,,8,2,200,0,0,0,210,7.2,400,0.8,,,,,,,,,,,,,,,,,7,8
2011-03-31,4,711583,56703,0,,8,2,200,0,0,0,210,7.2,400,0.8,,,,,,,,,,,,,,,,,7,8
2011-03-31,5,711583,56703,0,,8,2,200,0,0,0,210,7.2,400,0.8,,,,,,,,,,,,,,,,,7,8
2011-03-31,6,711583,56703,0,,8,2,200,0,0,0,210,7.2,400,0.8,,,,,,,,,,,,,,,,,7,8
2011-03-31,7,711583,56703,0,,8,2,200,0,0,0,210,7.2,400,0.8,,,,,,,,,,,,,,,,,7,8
2011-03-31,8,711583,56703,0,,8,2,200,0,0,0,210,7.2,400,0.8,,,,,,,,,,,,,,,,,7,8
2011-03-31,9,711583,56703,0,,8,2,200,0,0,0,210,7.2,400,0.8,,,,,,,,,,,,,,,,,7,8
2011-03-31,10,711583,56703,0,,8,2,200,0,0,0,210,7.2,400,0.8,,,,,,,,,,,,,,,,,7,8
2011-03-31,11,711583,56703,0,,8,2,200,0,0,0,210,7.2,400,0.8,,,,,,,,,,,,,,,,,7,8
2011-03-31,12,711583,56703,0,,8,2,200,0,0,0,210,7.2,400,0.8,,,,,,,,,,,,,,,,,7,8
2011-03-31,13,711583,56703,0,,8,2,200,0,0,0,210,7.2,400,0.8,,,,,,,,,,,,,,,,,7,8
2011-03-31,14,711583,56703,0,,8,2,200,0,0,0,210,7.2,400,0.8,,,,,,,,,,,,,,,,,7,8
2011-03-31,15,711583,56703,0,,8,2,200,0,0,0,210,7.2,400,0.8,,,,,,,,,,,,,,,,,7,8
2011-03-31,16,711583,56703,0,,8,2,200,0,0,0,210,7.2,400,0.8,,,,,,,,,,,,,,,,,7,8
2011-03-31,17,711583,56703,0,,8,2,200,0,0,0,210,7.2,400,0.8,,,,,,,,,,,,,,,,,7,8
2011-03-31,18,711583,56703,0,,8,2,200,0,0,0,210,7.2,400,0.8,,,,,,,,,,,,,,,,,7,8
2011-03-31,19,711583,56703,0,,8,2,200,0,0,0,210,7.2,400,0.8,,,,,,,,,,,,,,,,,7,8
2011-03-31,20,711583,56703,0,,8,2,200,0,0,0,210,7.2,400,0.8,,,,,,,,,,,,,,,,,7,8
2011-03-31,21,711583,56703,0,,8,2,200,0,0,0,210,7.2,400,0.8,,,,,,,,,,,,,,,,,7,8
2011-03-31,22,711583,56703,0,,8,2,200,0,0,0,210,7.2,400,0.8,,,,,,,,,,,,,,,,,7,8
2011-03-31,23,711583,56703,0,,8,2,200,0,0,0,210,7.2,400,0.8,,,,,,,,,,,,,,,,,7,8
2011-03-31,24,711583,56703,0,,8,2,200,0,0,0,210,7.2,400,0.8,,,,,,,,,,,,,,,,,7,8
2011-03-31,1,711583,59341,0,,4,4,0,0,0,0,400,4.5,,,,,,,,,,,,,,,,,,,5,5
2011-03-31,2,711583,59341,0,,4,4,0,0,0,0,400,4.5,,,,,,,,,,,,,,,,,,,5,5
2011-03-31,3,711583,59341,0,,4,4,0,0,0,0,400,4.5,,,,,,,,,,,,,,,,,,,5,5
2011-03-31,4,711583,59341,0,,4,4,0,0,0,0,400,4.5,,,,,,,,,,,,,,,,,,,5,5
2011-03-31,5,711583,59341,0,,4,4,0,0,0,0,400,4.5,,,,,,,,,,,,,,,,,,,5,5
2011-03-31,6,711583,59341,0,,4,4,0,0,0,0,400,4.5,,,,,,,,,,,,,,,,,,,5,5
2011-03-31,7,711583,59341,0,,4,4,0,0,0,0,400,4.5,,,,,,,,,,,,,,,,,,,5,5
2011-03-31,8,711583,59341,0,,4,4,0,0,0,0,400,4.5,,,,,,,,,,,,,,,,,,,5,5
2011-03-31,9,711583,59341,0,,4,4,0,0,0,0,400,4.5,,,,,,,,,,,,,,,,,,,5,5
2011-03-31,10,711583,59341,0,,4,4,0,0,0,0,400,4.5,,,,,,,,,,,,,,,,,,,5,5
2011-03-31,11,711583,59341,0,,4,4,0,0,0,0,400,4.5,,,,,,,,,,,,,,,,,,,5,5
2011-03-31,12,711583,59341,0,,4,4,0,0,0,0,400,4.5,,,,,,,,,,,,,,,,,,,5,5
2011-03-31,13,711583,59341,0,,4,4,0,0,0,0,400,4.5,,,,,,,,,,,,,,,,,,,5,5
2011-03-31,14,711583,59341,0,,4,4,0,0,0,0,400,4.5,,,,,,,,,,,,,,,,,,,5,5
2011-03-31,15,711583,59341,0,,4,4,0,0,0,0,400,4.5,,,,,,,,,,,,,,,,,,,5,5
2011-03-31,16,711583,59341,0,,4,4,0,0,0,0,400,4.5,,,,,,,,,,,,,,,,,,,5,5
2011-03-31,17,711583,59341,4,,4,4,0,0,0,0,400,4.5,,,,,,,,,,,,,,,,,,,5,5
2011-03-31,18,711583,59341,4,,4,4,0,0,0,0,400,4.5,,,,,,,,,,,,,,,,,,,5,5
2011-03-31,19,711583,59341,4,,4,4,0,0,0,0,400,4.5,,,,,,,,,,,,,,,,,,,5,5
2011-03-31,20,711583,59341,4,,4,4,0,0,0,0,400,4.5,,,,,,,,,,,,,,,,,,,5,5
2011-03-31,21,711583,59341,0,,4,4,0,0,0,0,400,4.5,,,,,,,,,,,,,,,,,,,5,5
2011-03-31,22,711583,59341,0,,4,4,0,0,0,0,400,4.5,,,,,,,,,,,,,,,,,,,5,5
2011-03-31,23,711583,59341,0,,4,4,0,0,0,0,400,4.5,,,,,,,,,,,,,,,,,,,5,5
2011-03-31,24,711583,59341,0,,4,4,0,0,0,0,400,4.5,,,,,,,,,,,,,,,,,,,5,5
2011-03-31,1,711583,61966,8,,8,8,0,0,0,0,999,7.8,,,,,,,,,,,,,,,,,,,8,8
2011-03-31,2,711583,61966,8,,8,8,0,0,0,0,999,7.8,,,,,,,,,,,,,,,,,,,8,8
2011-03-31,3,711583,61966,8,,8,8,0,0,0,0,999,7.8,,,,,,,,,,,,,,,,,,,8,8
2011-03-31,4,711583,61966,8,,8,8,0,0,0,0,999,7.8,,,,,,,,,,,,,,,,,,,8,8
2011-03-31,5,711583,61966,8,,8,8,0,0,0,0,999,7.8,,,,,,,,,,,,,,,,,,,8,8
2011-03-31,6,711583,61966,8,,8,8,0,0,0,0,999,7.8,,,,,,,,,,,,,,,,,,,8,8
2011-03-31,7,711583,61966,7,,7,7,0,0,0,0,999,7.8,,,,,,,,,,,,,,,,,,,8,8
2011-03-31,8,711583,61966,6,,6,6,0,0,0,0,999,7.8,,,,,,,,,,,,,,,,,,,8,8
2011-03-31,9,711583,61966,6,,6,6,0,0,0,0,999,7.8,,,,,,,,,,,,,,,,,,,8,8
2011-03-31,10,711583,61966,6,,6,6,0,0,0,0,999,7.8,,,,,,,,,,,,,,,,,,,8,8
2011-03-31,11,711583,61966,6,,6,6,0,0,0,0,999,7.8,,,,,,,,,,,,,,,,,,,8,8
2011-03-31,12,711583,61966,6,,6,6,0,0,0,0,999,7.8,,,,,,,,,,,,,,,,,,,8,8
2011-03-31,13,711583,61966,6,,6,6,0,0,0,0,999,7.8,,,,,,,,,,,,,,,,,,,8,8
2011-03-31,14,711583,61966,6,,6,6,0,0,0,0,999,7.8,,,,,,,,,,,,,,,,,,,8,8
2011-03-31,15,711583,61966,6,,6,6,0,0,0,0,999,7.8,,,,,,,,,,,,,,,,,,,8,8
2011-03-31,16,711583,61966,6,,6,6,0,0,0,0,999,7.8,,,,,,,,,,,,,,,,,,,8,8
2011-03-31,17,711583,61966,6,,6,6,0,0,0,0,999,7.8,,,,,,,,,,,,,,,,,,,8,8
2011-03-31,18,711583,61966,6,,6,6,0,0,0,0,999,7.8,,,,,,,,,,,,,,,,,,,8,8
2011-03-31,19,711583,61966,6,,6,6,0,0,0,0,999,7.8,,,,,,,,,,,,,,,,,,,8,8
2011-03-31,20,711583,61966,6,,6,6,0,0,0,0,999,7.8,,,,,,,,,,,,,,,,,,,8,8
2011-03-31,21,711583,61966,6,,6,6,0,0,0,0,999,7.8,,,,,,,,,,,,,,,,,,,8,8
2011-03-31,22,711583,61966,6,,6,6,0,0,0,0,999,7.8,,,,,,,,,,,,,,,,,,,8,8
2011-03-31,23,711583,61966,6,,6,6,0,0,0,0,999,7.8,,,,,,,,,,,,,,,,,,,8,8
2011-03-31,24,711583,61966,6,,6,6,0,0,0,0,999,7.8,,,,,,,,,,,,,,,,,,,8,8
2011-03-31,1,711583,80134,1,,1,1,0,0,0,0,999,2.1,,,,,,,,,,,,,,,,,,,2,2
2011-03-31,2,711583,80134,1,,1,1,0,0,0,0,999,2.1,,,,,,,,,,,,,,,,,,,2,2
2011-03-31,3,711583,80134,1,,1,1,0,0,0,0,999,2.1,,,,,,,,,,,,,,,,,,,2,2
2011-03-31,4,711583,80134,1,,1,1,0,0,0,0,999,2.1,,,,,,,,,,,,,,,,,,,2,2
2011-03-31,5,711583,80134,1,,1,1,0,0,0,0,999,2.1,,,,,,,,,,,,,,,,,,,2,2
2011-03-31,6,711583,80134,1,,1,1,0,0,0,0,999,2.1,,,,,,,,,,,,,,,,,,,2,2
2011-03-31,7,711583,80134,1,,1,1,0,0,0,0,999,2.1,,,,,,,,,,,,,,,,,,,2,2
2011-03-31,8,711583,80134,1,,1,1,0,0,0,0,999,2.1,,,,,,,,,,,,,,,,,,,2,2
2011-03-31,9,711583,80134,1,,1,1,0,0,0,0,999,2.1,,,,,,,,,,,,,,,,,,,2,2
2011-03-31,10,711583,80134,1,,1,1,0,0,0,0,999,2.1,,,,,,,,,,,,,,,,,,,2,2
2011-03-31,11,711583,80134,1,,1,1,0,0,0,0,999,2.1,,,,,,,,,,,,,,,,,,,2,2
2011-03-31,12,711583,80134,1,,1,1,0,0,0,0,999,2.1,,,,,,,,,,,,,,,,,,,2,2
2011-03-31,13,711583,80134,1,,1,1,0,0,0,0,999,2.1,,,,,,,,,,,,,,,,,,,2,2
2011-03-31,14,711583,80134,1,,1,1,0,0,0,0,999,2.1,,,,,,,,,,,,,,,,,,,2,2
2011-03-31,15,711583,80134,1,,1,1,0,0,0,0,999,2.1,,,,,,,,,,,,,,,,,,,2,2
2011-03-31,16,711583,80134,1,,1,1,0,0,0,0,999,2.1,,,,,,,,,,,,,,,,,,,2,2
2011-03-31,17,711583,80134,1,,1,1,0,0,0,0,999,2.1,,,,,,,,,,,,,,,,,,,2,2
2011-03-31,18,711583,80134,1,,1,1,0,0,0,0,999,2.1,,,,,,,,,,,,,,,,,,,2,2
2011-03-31,19,711583,80134,1,,1,1,0,0,0,0,999,2.1,,,,,,,,,,,,,,,,,,,2,2
2011-03-31,20,711583,80134,1,,1,1,0,0,0,0,999,2.1,,,,,,,,,,,,,,,,,,,2,2
2011-03-31,21,711583,80134,1,,1,1,0,0,0,0,999,2.1,,,,,,,,,,,,,,,,,,,2,2
2011-03-31,22,711583,80134,1,,1,1,0,0,0,0,999,2.1,,,,,,,,,,,,,,,,,,,2,2
2011-03-31,23,711583,80134,1,,1,1,0,0,0,0,999,2.1,,,,,,,,,,,,,,,,,,,2,2
2011-03-31,24,711583,80134,1,,1,1,0,0,0,0,999,2.1,,,,,,,,,,,,,,,,,,,2,2
2011-03-31,1,711583,93788,0,,5,5,0,0,0,0,400,4,,,,,,,,,,,,,,,,,,,3,5
2011-03-31,2,711583,93788,0,,5,5,0,0,0,0,400,4,,,,,,,,,,,,,,,,,,,3,5
2011-03-31,3,711583,93788,0,,5,5,0,0,0,0,400,4,,,,,,,,,,,,,,,,,,,3,5
2011-03-31,4,711583,93788,0,,5,5,0,0,0,0,400,4,,,,,,,,,,,,,,,,,,,3,5
2011-03-31,5,711583,93788,0,,5,5,0,0,0,0,400,4,,,,,,,,,,,,,,,,,,,3,5
2011-03-31,6,711583,93788,0,,5,5,0,0,0,0,400,4,,,,,,,,,,,,,,,,,,,3,5
2011-03-31,7,711583,93788,0,,5,5,0,0,0,0,400,4,,,,,,,,,,,,,,,,,,,3,5
2011-03-31,8,711583,93788,0,,5,5,0,0,0,0,400,4,,,,,,,,,,,,,,,,,,,3,5
2011-03-31,9,711583,93788,0,,5,5,0,0,0,0,400,4,,,,,,,,,,,,,,,,,,,3,5
2011-03-31,10,711583,93788,0,,5,5,0,0,0,0,400,4,,,,,,,,,,,,,,,,,,,3,5
2011-03-31,11,711583,93788,0,,5,5,0,0,0,0,400,4,,,,,,,,,,,,,,,,,,,3,5
2011-03-31,12,711583,93788,0,,5,5,0,0,0,0,400,4,,,,,,,,,,,,,,,,,,,3,5
2011-03-31,13,711583,93788,0,,5,5,0,0,0,0,400,4,,,,,,,,,,,,,,,,,,,3,5
2011-03-31,14,711583,93788,5,,5,5,0,0,0,0,400,4,,,,,,,,,,,,,,,,,,,3,5
2011-03-31,15,711583,93788,5,,5,5,0,0,0,0,400,4,,,,,,,,,,,,,,,,,,,3,5
2011-03-31,16,711583,93788,5,,5,5,0,0,0,0,400,4,,,,,,,,,,,,,,,,,,,3,5
2011-03-31,17,711583,93788,5,,5,5,0,0,0,0,400,4,,,,,,,,,,,,,,,,,,,3,5
2011-03-31,18,711583,93788,5,,5,5,0,0,0,0,400,4,,,,,,,,,,,,,,,,,,,3,5
2011-03-31,19,711583,93788,5,,5,5,0,0,0,0,400,4,,,,,,,,,,,,,,,,,,,3,5
2011-03-31,20,711583,93788,5,,5,5,0,0,0,0,400,4,,,,,,,,,,,,,,,,,,,3,5
2011-03-31,21,711583,93788,5,,5,5,0,0,0,0,400,4,,,,,,,,,,,,,,,,,,,3,5
2011-03-31,22,711583,93788,0,,5,5,0,0,0,0,400,4,,,,,,,,,,,,,,,,,,,3,5
2011-03-31,23,711583,93788,0,,5,5,0,0,0,0,400,4,,,,,,,,,,,,,,,,,,,3,5
2011-03-31,24,711583,93788,0,,5,5,0,0,0,0,400,4,,,,,,,,,,,,,,,,,,,3,5
2011-03-31,1,711583,95769,2,,2,2,0,0,0,0,999,3.3,,,,,,,,,,,,,,,,,,,2,2
2011-03-31,2,711583,95769,2,,2,2,0,0,0,0,999,3.3,,,,,,,,,,,,,,,,,,,2,2
2011-03-31,3,711583,95769,2,,2,2,0,0,0,0,999,3.3,,,,,,,,,,,,,,,,,,,2,2
2011-03-31,4,711583,95769,2,,2,2,0,0,0,0,999,3.3,,,,,,,,,,,,,,,,,,,2,2
2011-03-31,5,711583,95769,2,,2,2,0,0,0,0,999,3.3,,,,,,,,,,,,,,,,,,,2,2
2011-03-31,6,711583,95769,2,,2,2,0,0,0,0,999,3.3,,,,,,,,,,,,,,,,,,,2,2
2011-03-31,7,711583,95769,2,,2,2,0,0,0,0,999,3.3,,,,,,,,,,,,,,,,,,,2,2
2011-03-31,8,711583,95769,2,,2,2,0,0,0,0,999,3.3,,,,,,,,,,,,,,,,,,,2,2
2011-03-31,9,711583,95769,2,,2,2,0,0,0,0,999,3.3,,,,,,,,,,,,,,,,,,,2,2
2011-03-31,10,711583,95769,2,,2,2,0,0,0,0,999,3.3,,,,,,,,,,,,,,,,,,,2,2
2011-03-31,11,711583,95769,2,,2,2,0,0,0,0,999,3.3,,,,,,,,,,,,,,,,,,,2,2
2011-03-31,12,711583,95769,2,,2,2,0,0,0,0,999,3.3,,,,,,,,,,,,,,,,,,,2,2
2011-03-31,13,711583,95769,2,,2,2,0,0,0,0,999,3.3,,,,,,,,,,,,,,,,,,,2,2
2011-03-31,14,711583,95769,2,,2,2,0,0,0,0,999,3.3,,,,,,,,,,,,,,,,,,,2,2
2011-03-31,15,711583,95769,2,,2,2,0,0,0,0,999,3.3,,,,,,,,,,,,,,,,,,,2,2
2011-03-31,16,711583,95769,2,,2,2,0,0,0,0,999,3.3,,,,,,,,,,,,,,,,,,,2,2
2011-03-31,17,711583,95769,2,,2,2,0,0,0,0,999,3.3,,,,,,,,,,,,,,,,,,,2,2
2011-03-31,18,711583,95769,2,,2,2,0,0,0,0,999,3.3,,,,,,,,,,,,,,,,,,,2,2
2011-03-31,19,711583,95769,2,,2,2,0,0,0,0,999,3.3,,,,,,,,,,,,,,,,,,,2,2
2011-03-31,20,711583,95769,2,,2,2,0,0,0,0,999,3.3,,,,,,,,,,,,,,,,,,,2,2
2011-03-31,21,711583,95769,2,,2,2,0,0,0,0,999,3.3,,,,,,,,,,,,,,,,,,,2,2
2011-03-31,22,711583,95769,2,,2,2,0,0,0,0,999,3.3,,,,,,,,,,,,,,,,,,,2,2
2011-03-31,23,711583,95769,2,,2,2,0,0,0,0,999,3.3,,,,,,,,,,,,,,,,,,,2,2
2011-03-31,24,711583,95769,2,,2,2,0,0,0,0,999,3.3,,,,,,,,,,,,,,,,,,,2,2
2011-03-31,1,711583,98581,0,,12,12,100,0,0,0,475,12,,,,,,,,,,,,,,,,,,,9,9
2011-03-31,2,711583,98581,0,,12,12,100,0,0,0,475,12,,,,,,,,,,,,,,,,,,,9,9
2011-03-31,3,711583,98581,0,,12,12,100,0,0,0,475,12,,,,,,,,,,,,,,,,,,,9,9
2011-03-31,4,711583,98581,0,,12,12,100,0,0,0,475,12,,,,,,,,,,,,,,,,,,,9,9
2011-03-31,5,711583,98581,0,,12,12,100,0,0,0,475,12,,,,,,,,,,,,,,,,,,,9,9
2011-03-31,6,711583,98581,0,,12,12,100,0,0,0,475,12,,,,,,,,,,,,,,,,,,,9,9
2011-03-31,7,711583,98581,0,,12,12,100,0,0,0,475,12,,,,,,,,,,,,,,,,,,,9,9
2011-03-31,8,711583,98581,0,,12,12,100,0,0,0,475,12,,,,,,,,,,,,,,,,,,,9,9
2011-03-31,9,711583,98581,0,,12,12,100,0,0,0,475,12,,,,,,,,,,,,,,,,,,,9,9
2011-03-31,10,711583,98581,0,,12,12,100,0,0,0,475,12,,,,,,,,,,,,,,,,,,,9,9
2011-03-31,11,711583,98581,0,,12,12,100,0,0,0,475,12,,,,,,,,,,,,,,,,,,,9,9
2011-03-31,12,711583,98581,0,,12,12,100,0,0,0,475,12,,,,,,,,,,,,,,,,,,,9,9
2011-03-31,13,711583,98581,0,,12,12,100,0,0,0,475,12,,,,,,,,,,,,,,,,,,,9,9
2011-03-31,14,711583,98581,0,,12,12,100,0,0,0,475,12,,,,,,,,,,,,,,,,,,,9,9
2011-03-31,15,711583,98581,0,,12,12,100,0,0,0,475,12,,,,,,,,,,,,,,,,,,,9,9
2011-03-31,16,711583,98581,0,,12,12,100,0,0,0,475,12,,,,,,,,,,,,,,,,,,,9,9
2011-03-31,17,711583,98581,0,,12,12,100,0,0,0,475,12,,,,,,,,,,,,,,,,,,,9,9
2011-03-31,18,711583,98581,0,,12,12,100,0,0,0,475,12,,,,,,,,,,,,,,,,,,,9,9
2011-03-31,19,711583,98581,0,,12,12,100,0,0,0,475,12,,,,,,,,,,,,,,,,,,,9,9
2011-03-31,20,711583,98581,0,,12,12,100,0,0,0,475,12,,,,,,,,,,,,,,,,,,,9,9
2011-03-31,21,711583,98581,0,,12,12,100,0,0,0,475,12,,,,,,,,,,,,,,,,,,,9,9
2011-03-31,22,711583,98581,0,,12,12,100,0,0,0,475,12,,,,,,,,,,,,,,,,,,,9,9
2011-03-31,23,711583,98581,0,,12,12,100,0,0,0,475,12,,,,,,,,,,,,,,,,,,,9,9
2011-03-31,24,711583,98581,0,,12,12,100,0,0,0,475,12,,,,,,,,,,,,,,,,,,,9,9
2011-03-31,1,739738,44594,0,3504,137,34,137243.8,84220.23,31341.06,6293.68,167.3,34,186.86,30,210.34,36,226,24,234.48,13,,,,,,,,,,,0,0
2011-03-31,2,739738,44594,0,3504,137,34,137243.8,84220.23,31341.06,6293.68,167.3,34,186.86,30,210.34,36,226,24,234.48,13,,,,,,,,,,,0,0
2011-03-31,3,739738,44594,0,3504,137,34,137243.8,84220.23,31341.06,6293.68,167.3,34,186.86,30,210.34,36,226,24,234.48,13,,,,,,,,,,,0,0
2011-03-31,4,739738,44594,0,3504,137,34,137243.8,84220.23,31341.06,6293.68,167.3,34,186.86,30,210.34,36,226,24,234.48,13,,,,,,,,,,,0,0
2011-03-31,5,739738,44594,0,3504,137,34,137243.8,84220.23,31341.06,6293.68,167.3,34,186.86,30,210.34,36,226,24,234.48,13,,,,,,,,,,,0,0
2011-03-31,6,739738,44594,0,3504,137,34,137243.8,84220.23,31341.06,6293.68,167.3,34,186.86,30,210.34,36,226,24,234.48,13,,,,,,,,,,,0,0
2011-03-31,7,739738,44594,0,3504,137,34,137243.8,84220.23,31341.06,6293.68,167.3,34,186.86,30,210.34,36,226,24,234.48,13,,,,,,,,,,,0,0
2011-03-31,8,739738,44594,0,3504,137,34,137243.8,84220.23,31341.06,6293.68,167.3,34,186.86,30,210.34,36,226,24,234.48,13,,,,,,,,,,,0,0
2011-03-31,9,739738,44594,0,3504,137,34,137243.8,84220.23,31341.06,6293.68,167.3,34,186.86,30,210.34,36,226,24,234.48,13,,,,,,,,,,,0,0
2011-03-31,10,739738,44594,0,3504,137,34,137243.8,84220.23,31341.06,6293.68,167.3,34,186.86,30,210.34,36,226,24,234.48,13,,,,,,,,,,,0,0
2011-03-31,11,739738,44594,0,3504,137,34,137243.8,84220.23,31341.06,6293.68,167.3,34,186.86,30,210.34,36,226,24,234.48,13,,,,,,,,,,,0,0
2011-03-31,12,739738,44594,0,3504,137,34,137243.8,84220.23,31341.06,6293.68,167.3,34,186.86,30,210.34,36,226,24,234.48,13,,,,,,,,,,,0,0
2011-03-31,13,739738,44594,0,3504,137,34,137243.8,84220.23,31341.06,6293.68,167.3,34,186.86,30,210.34,36,226,24,234.48,13,,,,,,,,,,,0,0
2011-03-31,14,739738,44594,0,3504,137,34,137243.8,84220.23,31341.06,6293.68,167.3,34,186.86,30,210.34,36,226,24,234.48,13,,,,,,,,,,,0,0
2011-03-31,15,739738,44594,0,3504,137,34,137243.8,84220.23,31341.06,6293.68,167.3,34,186.86,30,210.34,36,226,24,234.48,13,,,,,,,,,,,0,0
2011-03-31,16,739738,44594,0,3504,137,34,137243.8,84220.23,31341.06,6293.68,167.3,34,186.86,30,210.34,36,226,24,234.48,13,,,,,,,,,,,0,0
2011-03-31,17,739738,44594,0,3504,137,34,137243.8,84220.23,31341.06,6293.68,167.3,34,186.86,30,210.34,36,226,24,234.48,13,,,,,,,,,,,0,0
2011-03-31,18,739738,44594,0,3504,137,34,137243.8,84220.23,31341.06,6293.68,167.3,34,186.86,30,210.34,36,226,24,234.48,13,,,,,,,,,,,0,0
2011-03-31,19,739738,44594,0,3504,137,34,137243.8,84220.23,31341.06,6293.68,167.3,34,186.86,30,210.34,36,226,24,234.48,13,,,,,,,,,,,0,0
2011-03-31,20,739738,44594,0,3504,137,34,137243.8,84220.23,31341.06,6293.68,167.3,34,186.86,30,210.34,36,226,24,234.48,13,,,,,,,,,,,0,0
2011-03-31,21,739738,44594,0,3504,137,34,137243.8,84220.23,31341.06,6293.68,167.3,34,186.86,30,210.34,36,226,24,234.48,13,,,,,,,,,,,0,0
2011-03-31,22,739738,44594,0,3504,137,34,137243.8,84220.23,31341.06,6293.68,167.3,34,186.86,30,210.34,36,226,24,234.48,13,,,,,,,,,,,0,0
2011-03-31,23,739738,44594,0,3504,137,34,137243.8,84220.23,31341.06,6293.68,167.3,34,186.86,30,210.34,36,226,24,234.48,13,,,,,,,,,,,0,0
2011-03-31,24,739738,44594,0,3504,137,34,137243.8,84220.23,31341.06,6293.68,167.3,34,186.86,30,210.34,36,226,24,234.48,13,,,,,,,,,,,0,0
2011-03-31,1,739738,49143,0,480,20,20,1118.97,1118.97,1118.97,0,513.6,20,,,,,,,,,,,,,,,,,,,20,20
2011-03-31,2,739738,49143,0,480,20,20,1118.97,1118.97,1118.97,0,513.6,20,,,,,,,,,,,,,,,,,,,20,20
2011-03-31,3,739738,49143,0,480,20,20,1118.97,1118.97,1118.97,0,513.6,20,,,,,,,,,,,,,,,,,,,20,20
2011-03-31,4,739738,49143,0,480,20,20,1118.97,1118.97,1118.97,0,513.6,20,,,,,,,,,,,,,,,,,,,20,20
2011-03-31,5,739738,49143,0,480,20,20,1118.97,1118.97,1118.97,0,513.6,20,,,,,,,,,,,,,,,,,,,20,20
2011-03-31,6,739738,49143,0,480,20,20,1118.97,1118.97,1118.97,0,513.6,20,,,,,,,,,,,,,,,,,,,20,20
2011-03-31,7,739738,49143,0,480,20,20,1118.97,1118.97,1118.97,0,513.6,20,,,,,,,,,,,,,,,,,,,20,20
2011-03-31,8,739738,49143,0,480,20,20,1118.97,1118.97,1118.97,0,513.6,20,,,,,,,,,,,,,,,,,,,20,20
2011-03-31,9,739738,49143,0,480,20,20,1118.97,1118.97,1118.97,0,513.6,20,,,,,,,,,,,,,,,,,,,20,20
2011-03-31,10,739738,49143,0,480,20,20,1118.97,1118.97,1118.97,0,513.6,20,,,,,,,,,,,,,,,,,,,20,20
2011-03-31,11,739738,49143,0,480,20,20,1118.97,1118.97,1118.97,0,513.6,20,,,,,,,,,,,,,,,,,,,20,20
2011-03-31,12,739738,49143,0,480,20,20,1118.97,1118.97,1118.97,0,513.6,20,,,,,,,,,,,,,,,,,,,20,20
2011-03-31,13,739738,49143,0,480,20,20,1118.97,1118.97,1118.97,0,513.6,20,,,,,,,,,,,,,,,,,,,20,20
2011-03-31,14,739738,49143,0,480,20,20,1118.97,1118.97,1118.97,0,513.6,20,,,,,,,,,,,,,,,,,,,20,20
2011-03-31,15,739738,49143,0,480,20,20,1118.97,1118.97,1118.97,0,513.6,20,,,,,,,,,,,,,,,,,,,20,20
2011-03-31,16,739738,49143,0,480,20,20,1118.97,1118.97,1118.97,0,513.6,20,,,,,,,,,,,,,,,,,,,20,20
2011-03-31,17,739738,49143,0,480,20,20,1118.97,1118.97,1118.97,0,513.6,20,,,,,,,,,,,,,,,,,,,20,20
2011-03-31,18,739738,49143,0,480,20,20,1118.97,1118.97,1118.97,0,513.6,20,,,,,,,,,,,,,,,,,,,20,20
2011-03-31,19,739738,49143,0,480,20,20,1118.97,1118.97,1118.97,0,513.6,20,,,,,,,,,,,,,,,,,,,20,20
2011-03-31,20,739738,49143,0,480,20,20,1118.97,1118.97,1118.97,0,513.6,20,,,,,,,,,,,,,,,,,,,20,20
2011-03-31,21,739738,49143,0,480,20,20,1118.97,1118.97,1118.97,0,513.6,20,,,,,,,,,,,,,,,,,,,20,20
2011-03-31,22,739738,49143,0,480,20,20,1118.97,1118.97,1118.97,0,513.6,20,,,,,,,,,,,,,,,,,,,20,20
2011-03-31,23,739738,49143,0,480,20,20,1118.97,1118.97,1118.97,0,513.6,20,,,,,,,,,,,,,,,,,,,20,20
2011-03-31,24,739738,49143,0,480,20,20,1118.97,1118.97,1118.97,0,513.6,20,,,,,,,,,,,,,,,,,,,20,20
2011-03-31,1,739738,58855,0,10920,455,140,87551.63,57306,36738.98,9016.53,165.58,120,172.51,86,180.08,94,186.37,78,192.57,77,,,,,,,,,,,0,0
2011-03-31,2,739738,58855,0,10920,455,140,87551.63,57306,36738.98,9016.53,165.58,120,172.51,86,180.08,94,186.37,78,192.57,77,,,,,,,,,,,0,0
2011-03-31,3,739738,58855,0,10920,455,140,87551.63,57306,36738.98,9016.53,165.58,120,172.51,86,180.08,94,186.37,78,192.57,77,,,,,,,,,,,0,0
2011-03-31,4,739738,58855,0,10920,455,140,87551.63,57306,36738.98,9016.53,165.58,120,172.51,86,180.08,94,186.37,78,192.57,77,,,,,,,,,,,0,0
2011-03-31,5,739738,58855,0,10920,455,140,87551.63,57306,36738.98,9016.53,165.58,120,172.51,86,180.08,94,186.37,78,192.57,77,,,,,,,,,,,0,0
2011-03-31,6,739738,58855,0,10920,455,140,87551.63,57306,36738.98,9016.53,165.58,120,172.51,86,180.08,94,186.37,78,192.57,77,,,,,,,,,,,0,0
2011-03-31,7,739738,58855,0,10920,455,140,87551.63,57306,36738.98,9016.53,165.58,120,172.51,86,180.08,94,186.37,78,192.57,77,,,,,,,,,,,0,0
2011-03-31,8,739738,58855,0,10920,455,140,87551.63,57306,36738.98,9016.53,165.58,120,172.51,86,180.08,94,186.37,78,192.57,77,,,,,,,,,,,0,0
2011-03-31,9,739738,58855,0,10920,455,140,87551.63,57306,36738.98,9016.53,165.58,120,172.51,86,180.08,94,186.37,78,192.57,77,,,,,,,,,,,0,0
2011-03-31,10,739738,58855,0,10920,455,140,87551.63,57306,36738.98,9016.53,165.58,120,172.51,86,180.08,94,186.37,78,192.57,77,,,,,,,,,,,0,0
2011-03-31,11,739738,58855,0,10920,455,140,87551.63,57306,36738.98,9016.53,165.58,120,172.51,86,180.08,94,186.37,78,192.57,77,,,,,,,,,,,0,0
2011-03-31,12,739738,58855,0,10920,455,140,87551.63,57306,36738.98,9016.53,165.58,120,172.51,86,180.08,94,186.37,78,192.57,77,,,,,,,,,,,0,0
2011-03-31,13,739738,58855,0,10920,455,140,87551.63,57306,36738.98,9016.53,165.58,120,172.51,86,180.08,94,186.37,78,192.57,77,,,,,,,,,,,0,0
2011-03-31,14,739738,58855,0,10920,455,140,87551.63,57306,36738.98,9016.53,165.58,120,172.51,86,180.08,94,186.37,78,192.57,77,,,,,,,,,,,0,0
2011-03-31,15,739738,58855,0,10920,455,140,87551.63,57306,36738.98,9016.53,165.58,120,172.51,86,180.08,94,186.37,78,192.57,77,,,,,,,,,,,0,0
2011-03-31,16,739738,58855,0,10920,455,140,87551.63,57306,36738.98,9016.53,165.58,120,172.51,86,180.08,94,186.37,78,192.57,77,,,,,,,,,,,0,0
2011-03-31,17,739738,58855,0,10920,455,140,87551.63,57306,36738.98,9016.53,165.58,120,172.51,86,180.08,94,186.37,78,192.57,77,,,,,,,,,,,0,0
2011-03-31,18,739738,58855,0,10920,455,140,87551.63,57306,36738.98,9016.53,165.58,120,172.51,86,180.08,94,186.37,78,192.57,77,,,,,,,,,,,0,0
2011-03-31,19,739738,58855,0,10920,455,140,87551.63,57306,36738.98,9016.53,165.58,120,172.51,86,180.08,94,186.37,78,192.57,77,,,,,,,,,,,0,0
2011-03-31,20,739738,58855,0,10920,455,140,87551.63,57306,36738.98,9016.53,165.58,120,172.51,86,180.08,94,186.37,78,192.57,77,,,,,,,,,,,0,0
2011-03-31,21,739738,58855,0,10920,455,140,87551.63,57306,36738.98,9016.53,165.58,120,172.51,86,180.08,94,186.37,78,192.57,77,,,,,,,,,,,0,0
2011-03-31,22,739738,58855,0,10920,455,140,87551.63,57306,36738.98,9016.53,165.58,120,172.51,86,180.08,94,186.37,78,192.57,77,,,,,,,,,,,0,0
2011-03-31,23,739738,58855,0,10920,455,140,87551.63,57306,36738.98,9016.53,165.58,120,172.51,86,180.08,94,186.37,78,192.57,77,,,,,,,,,,,0,0
2011-03-31,24,739738,58855,0,10920,455,140,87551.63,57306,36738.98,9016.53,165.58,120,172.51,86,180.08,94,186.37,78,192.57,77,,,,,,,,,,,0,0
2011-03-31,1,739738,70847,0,9288,383,130,210807.6,128002.6,92765,3770.9,58.84,130,59.69,61,60.55,61,61.41,61,62.39,70,,,,,,,,,,,0,0
2011-03-31,2,739738,70847,0,9288,383,130,210807.6,128002.6,92765,3770.9,58.84,130,59.69,61,60.55,61,61.41,61,62.39,70,,,,,,,,,,,0,0
2011-03-31,3,739738,70847,0,9288,383,130,210807.6,128002.6,92765,3770.9,58.84,130,59.69,61,60.55,61,61.41,61,62.39,70,,,,,,,,,,,0,0
2011-03-31,4,739738,70847,0,9288,383,130,210807.6,128002.6,92765,3770.9,58.84,130,59.69,61,60.55,61,61.41,61,62.39,70,,,,,,,,,,,0,0
2011-03-31,5,739738,70847,0,9288,383,130,210807.6,128002.6,92765,3770.9,58.84,130,59.69,61,60.55,61,61.41,61,62.39,70,,,,,,,,,,,0,0
2011-03-31,6,739738,70847,0,9288,383,130,210807.6,128002.6,92765,3770.9,58.84,130,59.69,61,60.55,61,61.41,61,62.39,70,,,,,,,,,,,0,0
2011-03-31,7,739738,70847,0,9288,383,130,210807.6,128002.6,92765,3770.9,58.84,130,59.69,61,60.55,61,61.41,61,62.39,70,,,,,,,,,,,0,0
2011-03-31,8,739738,70847,0,9288,383,130,210807.6,128002.6,92765,3770.9,58.84,130,59.69,61,60.55,61,61.41,61,62.39,70,,,,,,,,,,,0,0
2011-03-31,9,739738,70847,0,9288,383,130,210807.6,128002.6,92765,3770.9,58.84,130,59.69,61,60.55,61,61.41,61,62.39,70,,,,,,,,,,,0,0
2011-03-31,10,739738,70847,0,9288,383,130,210807.6,128002.6,92765,3770.9,58.84,130,59.69,61,60.55,61,61.41,61,62.39,70,,,,,,,,,,,0,0
2011-03-31,11,739738,70847,0,9288,383,130,210807.6,128002.6,92765,3770.9,58.84,130,59.69,61,60.55,61,61.41,61,62.39,70,,,,,,,,,,,0,0
2011-03-31,12,739738,70847,0,9288,383,130,210807.6,128002.6,92765,3770.9,58.84,130,59.69,61,60.55,61,61.41,61,62.39,70,,,,,,,,,,,0,0
2011-03-31,13,739738,70847,0,9288,383,130,210807.6,128002.6,92765,3770.9,58.84,130,59.69,61,60.55,61,61.41,61,62.39,70,,,,,,,,,,,0,0
2011-03-31,14,739738,70847,0,9288,383,130,210807.6,128002.6,92765,3770.9,58.84,130,59.69,61,60.55,61,61.41,61,62.39,70,,,,,,,,,,,0,0
2011-03-31,15,739738,70847,0,9288,383,130,210807.6,128002.6,92765,3770.9,58.84,130,59.69,61,60.55,61,61.41,61,62.39,70,,,,,,,,,,,0,0
2011-03-31,16,739738,70847,0,9288,383,130,210807.6,128002.6,92765,3770.9,58.84,130,59.69,61,60.55,61,61.41,61,62.39,70,,,,,,,,,,,0,0
2011-03-31,17,739738,70847,0,9288,383,130,210807.6,128002.6,92765,3770.9,58.84,130,59.69,61,60.55,61,61.41,61,62.39,70,,,,,,,,,,,0,0
2011-03-31,18,739738,70847,0,9288,383,130,210807.6,128002.6,92765,3770.9,58.84,130,59.69,61,60.55,61,61.41,61,62.39,70,,,,,,,,,,,0,0
2011-03-31,19,739738,70847,0,9288,383,130,210807.6,128002.6,92765,3770.9,58.84,130,59.69,61,60.55,61,61.41,61,62.39,70,,,,,,,,,,,0,0
2011-03-31,20,739738,70847,0,9288,383,130,210807.6,128002.6,92765,3770.9,58.84,130,59.69,61,60.55,61,61.41,61,62.39,70,,,,,,,,,,,0,0
2011-03-31,21,739738,70847,0,9288,383,130,210807.6,128002.6,92765,3770.9,58.84,130,59.69,61,60.55,61,61.41,61,62.39,70,,,,,,,,,,,0,0
2011-03-31,22,739738,70847,0,9288,383,130,210807.6,128002.6,92765,3770.9,58.84,130,59.69,61,60.55,61,61.41,61,62.39,70,,,,,,,,,,,0,0
2011-03-31,23,739738,70847,0,9288,383,130,210807.6,128002.6,92765,3770.9,58.84,130,59.69,61,60.55,61,61.41,61,62.39,70,,,,,,,,,,,0,0
2011-03-31,24,739738,70847,0,9288,383,130,210807.6,128002.6,92765,3770.9,58.84,130,59.69,61,60.55,61,61.41,61,62.39,70,,,,,,,,,,,0,0
2011-03-31,1,750576,33634,17,,17,17,0,0,0,0,999,20,,,,,,,,,,,,,,,,,,,0,0
2011-03-31,2,750576,33634,17,,17,17,0,0,0,0,999,20,,,,,,,,,,,,,,,,,,,0,0
2011-03-31,3,750576,33634,17,,17,17,0,0,0,0,999,20,,,,,,,,,,,,,,,,,,,0,0
2011-03-31,4,750576,33634,17,,17,17,0,0,0,0,999,20,,,,,,,,,,,,,,,,,,,0,0
2011-03-31,5,750576,33634,17,,17,17,0,0,0,0,999,20,,,,,,,,,,,,,,,,,,,0,0
2011-03-31,6,750576,33634,17,,17,17,0,0,0,0,999,20,,,,,,,,,,,,,,,,,,,0,0
2011-03-31,7,750576,33634,17,,17,17,0,0,0,0,999,20,,,,,,,,,,,,,,,,,,,0,0
2011-03-31,8,750576,33634,17,,17,17,0,0,0,0,999,20,,,,,,,,,,,,,,,,,,,0,0
2011-03-31,9,750576,33634,17,,17,17,0,0,0,0,999,20,,,,,,,,,,,,,,,,,,,0,0
2011-03-31,10,750576,33634,17,,17,17,0,0,0,0,999,20,,,,,,,,,,,,,,,,,,,0,0
2011-03-31,11,750576,33634,17,,17,17,0,0,0,0,999,20,,,,,,,,,,,,,,,,,,,0,0
2011-03-31,12,750576,33634,17,,17,17,0,0,0,0,999,20,,,,,,,,,,,,,,,,,,,0,0
2011-03-31,13,750576,33634,17,,17,17,0,0,0,0,999,20,,,,,,,,,,,,,,,,,,,0,0
2011-03-31,14,750576,33634,17,,17,17,0,0,0,0,999,20,,,,,,,,,,,,,,,,,,,0,0
2011-03-31,15,750576,33634,17,,17,17,0,0,0,0,999,20,,,,,,,,,,,,,,,,,,,0,0
2011-03-31,16,750576,33634,17,,17,17,0,0,0,0,999,20,,,,,,,,,,,,,,,,,,,0,0
2011-03-31,17,750576,33634,17,,17,17,0,0,0,0,999,20,,,,,,,,,,,,,,,,,,,0,0
2011-03-31,18,750576,33634,17,,17,17,0,0,0,0,999,20,,,,,,,,,,,,,,,,,,,0,0
2011-03-31,19,750576,33634,17,,17,17,0,0,0,0,999,20,,,,,,,,,,,,,,,,,,,0,0
2011-03-31,20,750576,33634,17,,17,17,0,0,0,0,999,20,,,,,,,,,,,,,,,,,,,0,0
2011-03-31,21,750576,33634,17,,17,17,0,0,0,0,999,20,,,,,,,,,,,,,,,,,,,0,0
2011-03-31,22,750576,33634,17,,17,17,0,0,0,0,999,20,,,,,,,,,,,,,,,,,,,0,0
2011-03-31,23,750576,33634,17,,17,17,0,0,0,0,999,20,,,,,,,,,,,,,,,,,,,0,0
2011-03-31,24,750576,33634,17,,17,17,0,0,0,0,999,20,,,,,,,,,,,,,,,,,,,0,0
2011-03-31,1,750576,48088,0,48,2,2,0.2,0.1,0,0,296.02,2,,,,,,,,,,,,,,,,,,,2,2
2011-03-31,2,750576,48088,0,48,2,2,0.2,0.1,0,0,296.02,2,,,,,,,,,,,,,,,,,,,2,2
2011-03-31,3,750576,48088,0,48,2,2,0.2,0.1,0,0,296.02,2,,,,,,,,,,,,,,,,,,,2,2
2011-03-31,4,750576,48088,0,48,2,2,0.2,0.1,0,0,296.02,2,,,,,,,,,,,,,,,,,,,2,2
2011-03-31,5,750576,48088,0,48,2,2,0.2,0.1,0,0,296.02,2,,,,,,,,,,,,,,,,,,,2,2
2011-03-31,6,750576,48088,0,48,2,2,0.2,0.1,0,0,296.02,2,,,,,,,,,,,,,,,,,,,2,2
2011-03-31,7,750576,48088,0,48,2,2,0.2,0.1,0,0,296.02,2,,,,,,,,,,,,,,,,,,,2,2
2011-03-31,8,750576,48088,0,48,2,2,0.2,0.1,0,0,296.02,2,,,,,,,,,,,,,,,,,,,2,2
2011-03-31,9,750576,48088,0,48,2,2,0.2,0.1,0,0,296.02,2,,,,,,,,,,,,,,,,,,,2,2
2011-03-31,10,750576,48088,0,48,2,2,0.2,0.1,0,0,296.02,2,,,,,,,,,,,,,,,,,,,2,2
2011-03-31,11,750576,48088,0,48,2,2,0.2,0.1,0,0,296.02,2,,,,,,,,,,,,,,,,,,,2,2
2011-03-31,12,750576,48088,0,48,2,2,0.2,0.1,0,0,296.02,2,,,,,,,,,,,,,,,,,,,2,2
2011-03-31,13,750576,48088,0,48,2,2,0.2,0.1,0,0,296.02,2,,,,,,,,,,,,,,,,,,,2,2
2011-03-31,14,750576,48088,0,48,2,2,0.2,0.1,0,0,296.02,2,,,,,,,,,,,,,,,,,,,2,2
2011-03-31,15,750576,48088,0,48,2,2,0.2,0.1,0,0,296.02,2,,,,,,,,,,,,,,,,,,,2,2
2011-03-31,16,750576,48088,0,48,2,2,0.2,0.1,0,0,296.02,2,,,,,,,,,,,,,,,,,,,2,2
2011-03-31,17,750576,48088,0,48,2,2,0.2,0.1,0,0,296.02,2,,,,,,,,,,,,,,,,,,,2,2
2011-03-31,18,750576,48088,0,48,2,2,0.2,0.1,0,0,296.02,2,,,,,,,,,,,,,,,,,,,2,2
2011-03-31,19,750576,48088,0,48,2,2,0.2,0.1,0,0,296.02,2,,,,,,,,,,,,,,,,,,,2,2
2011-03-31,20,750576,48088,0,48,2,2,0.2,0.1,0,0,296.02,2,,,,,,,,,,,,,,,,,,,2,2
2011-03-31,21,750576,48088,0,48,2,2,0.2,0.1,0,0,296.02,2,,,,,,,,,,,,,,,,,,,2,2
2011-03-31,22,750576,48088,0,48,2,2,0.2,0.1,0,0,296.02,2,,,,,,,,,,,,,,,,,,,2,2
2011-03-31,23,750576,48088,0,48,2,2,0.2,0.1,0,0,296.02,2,,,,,,,,,,,,,,,,,,,2,2
2011-03-31,24,750576,48088,0,48,2,2,0.2,0.1,0,0,296.02,2,,,,,,,,,,,,,,,,,,,2,2
2011-03-31,1,750576,75473,0,116,8,7.8,0.2,0.1,0,0,295.86,8,,,,,,,,,,,,,,,,,,,6,8
2011-03-31,2,750576,75473,0,116,8,7.8,0.2,0.1,0,0,295.86,8,,,,,,,,,,,,,,,,,,,6,8
2011-03-31,3,750576,75473,0,116,8,7.8,0.2,0.1,0,0,295.86,8,,,,,,,,,,,,,,,,,,,6,8
2011-03-31,4,750576,75473,0,116,8,7.8,0.2,0.1,0,0,295.86,8,,,,,,,,,,,,,,,,,,,6,8
2011-03-31,5,750576,75473,0,116,8,7.8,0.2,0.1,0,0,295.86,8,,,,,,,,,,,,,,,,,,,6,8
2011-03-31,6,750576,75473,0,116,8,7.8,0.2,0.1,0,0,295.86,8,,,,,,,,,,,,,,,,,,,6,8
2011-03-31,7,750576,75473,0,116,8,7.8,0.2,0.1,0,0,295.86,8,,,,,,,,,,,,,,,,,,,6,8
2011-03-31,8,750576,75473,0,116,8,7.8,0.2,0.1,0,0,295.86,8,,,,,,,,,,,,,,,,,,,6,8
2011-03-31,9,750576,75473,0,116,8,7.8,0.2,0.1,0,0,295.86,8,,,,,,,,,,,,,,,,,,,6,8
2011-03-31,10,750576,75473,0,116,8,7.8,0.2,0.1,0,0,295.86,8,,,,,,,,,,,,,,,,,,,6,8
2011-03-31,11,750576,75473,0,116,8,7.8,0.2,0.1,0,0,295.86,8,,,,,,,,,,,,,,,,,,,6,8
2011-03-31,12,750576,75473,0,116,8,7.8,0.2,0.1,0,0,295.86,8,,,,,,,,,,,,,,,,,,,6,8
2011-03-31,13,750576,75473,0,116,8,7.8,0.2,0.1,0,0,295.86,8,,,,,,,,,,,,,,,,,,,6,8
2011-03-31,14,750576,75473,0,116,8,7.8,0.2,0.1,0,0,295.86,8,,,,,,,,,,,,,,,,,,,6,8
2011-03-31,15,750576,75473,0,116,8,7.8,0.2,0.1,0,0,295.86,8,,,,,,,,,,,,,,,,,,,6,8
2011-03-31,16,750576,75473,0,116,8,7.8,0.2,0.1,0,0,295.86,8,,,,,,,,,,,,,,,,,,,6,8
2011-03-31,17,750576,75473,0,116,8,7.8,0.2,0.1,0,0,295.86,8,,,,,,,,,,,,,,,,,,,6,8
2011-03-31,18,750576,75473,0,116,8,7.8,0.2,0.1,0,0,295.86,8,,,,,,,,,,,,,,,,,,,6,8
2011-03-31,19,750576,75473,0,116,8,7.8,0.2,0.1,0,0,295.86,8,,,,,,,,,,,,,,,,,,,6,8
2011-03-31,20,750576,75473,0,116,8,7.8,0.2,0.1,0,0,295.86,8,,,,,,,,,,,,,,,,,,,6,8
2011-03-31,21,750576,75473,0,116,8,7.8,0.2,0.1,0,0,295.86,8,,,,,,,,,,,,,,,,,,,6,8
2011-03-31,22,750576,75473,0,116,8,7.8,0.2,0.1,0,0,295.86,8,,,,,,,,,,,,,,,,,,,6,8
2011-03-31,23,750576,75473,0,116,8,7.8,0.2,0.1,0,0,295.86,8,,,,,,,,,,,,,,,,,,,6,8
2011-03-31,24,750576,75473,0,116,8,7.8,0.2,0.1,0,0,295.86,8,,,,,,,,,,,,,,,,,,,6,8
2011-03-31,1,750576,84451,0,114,4,3.8,0.2,0.1,0,0,294.28,4,,,,,,,,,,,,,,,,,,,4,4.4
2011-03-31,2,750576,84451,0,114,4,3.8,0.2,0.1,0,0,294.28,4,,,,,,,,,,,,,,,,,,,4,4.4
2011-03-31,3,750576,84451,0,114,4,3.8,0.2,0.1,0,0,294.28,4,,,,,,,,,,,,,,,,,,,4,4.4
2011-03-31,4,750576,84451,0,114,4,3.8,0.2,0.1,0,0,294.28,4,,,,,,,,,,,,,,,,,,,4,4.4
2011-03-31,5,750576,84451,0,114,4,3.8,0.2,0.1,0,0,294.28,4,,,,,,,,,,,,,,,,,,,4,4.4
2011-03-31,6,750576,84451,0,114,4,3.8,0.2,0.1,0,0,294.28,4,,,,,,,,,,,,,,,,,,,4,4.4
2011-03-31,7,750576,84451,0,114,4,3.8,0.2,0.1,0,0,294.28,4,,,,,,,,,,,,,,,,,,,4,4.4
2011-03-31,8,750576,84451,0,114,4,3.8,0.2,0.1,0,0,294.28,4,,,,,,,,,,,,,,,,,,,4,4.4
2011-03-31,9,750576,84451,0,114,4,3.8,0.2,0.1,0,0,294.28,4,,,,,,,,,,,,,,,,,,,4,4.4
2011-03-31,10,750576,84451,0,114,4,3.8,0.2,0.1,0,0,294.28,4,,,,,,,,,,,,,,,,,,,4,4.4
2011-03-31,11,750576,84451,0,114,4,3.8,0.2,0.1,0,0,294.28,4,,,,,,,,,,,,,,,,,,,4,4.4
2011-03-31,12,750576,84451,0,114,4,3.8,0.2,0.1,0,0,294.28,4,,,,,,,,,,,,,,,,,,,4,4.4
2011-03-31,13,750576,84451,0,114,4,3.8,0.2,0.1,0,0,294.28,4,,,,,,,,,,,,,,,,,,,4,4.4
2011-03-31,14,750576,84451,0,114,4,3.8,0.2,0.1,0,0,294.28,4,,,,,,,,,,,,,,,,,,,4,4.4
2011-03-31,15,750576,84451,0,114,4,3.8,0.2,0.1,0,0,294.28,4,,,,,,,,,,,,,,,,,,,4,4.4
2011-03-31,16,750576,84451,0,114,4,3.8,0.2,0.1,0,0,294.28,4,,,,,,,,,,,,,,,,,,,4,4.4
2011-03-31,17,750576,84451,0,114,4,3.8,0.2,0.1,0,0,294.28,4,,,,,,,,,,,,,,,,,,,4,4.4
2011-03-31,18,750576,84451,0,114,4,3.8,0.2,0.1,0,0,294.28,4,,,,,,,,,,,,,,,,,,,4,4.4
2011-03-31,19,750576,84451,0,114,4,3.8,0.2,0.1,0,0,294.28,4,,,,,,,,,,,,,,,,,,,4,4.4
2011-03-31,20,750576,84451,0,114,4,3.8,0.2,0.1,0,0,294.28,4,,,,,,,,,,,,,,,,,,,4,4.4
2011-03-31,21,750576,84451,0,114,4,3.8,0.2,0.1,0,0,294.28,4,,,,,,,,,,,,,,,,,,,4,4.4
2011-03-31,22,750576,84451,0,114,4,3.8,0.2,0.1,0,0,294.28,4,,,,,,,,,,,,,,,,,,,4,4.4
2011-03-31,23,750576,84451,0,114,4,3.8,0.2,0.1,0,0,294.28,4,,,,,,,,,,,,,,,,,,,4,4.4
2011-03-31,24,750576,84451,0,114,4,3.8,0.2,0.1,0,0,294.28,4,,,,,,,,,,,,,,,,,,,4,4.4
2011-03-31,1,784337,37557,0,,9.2,9.2,350,350,350,55,335,9.2,,,,,,,,,,,,,,,,,,,0,0
2011-03-31,2,784337,37557,0,,9.2,9.2,350,350,350,55,335,9.2,,,,,,,,,,,,,,,,,,,0,0
2011-03-31,3,784337,37557,0,,9.2,9.2,350,350,350,55,335,9.2,,,,,,,,,,,,,,,,,,,0,0
2011-03-31,4,784337,37557,0,,9.2,9.2,350,350,350,55,335,9.2,,,,,,,,,,,,,,,,,,,0,0
2011-03-31,5,784337,37557,0,,9.2,9.2,350,350,350,55,335,9.2,,,,,,,,,,,,,,,,,,,0,0
2011-03-31,6,784337,37557,0,,9.2,9.2,350,350,350,55,335,9.2,,,,,,,,,,,,,,,,,,,0,0
2011-03-31,7,784337,37557,0,,9.2,9.2,350,350,350,55,335,9.2,,,,,,,,,,,,,,,,,,,0,0
2011-03-31,8,784337,37557,0,,9.2,9.2,350,350,350,55,335,9.2,,,,,,,,,,,,,,,,,,,0,0
2011-03-31,9,784337,37557,0,,9.2,9.2,350,350,350,55,335,9.2,,,,,,,,,,,,,,,,,,,0,0
2011-03-31,10,784337,37557,0,,9.2,9.2,350,350,350,55,335,9.2,,,,,,,,,,,,,,,,,,,0,0
2011-03-31,11,784337,37557,0,,9.2,9.2,350,350,350,55,335,9.2,,,,,,,,,,,,,,,,,,,0,0
2011-03-31,12,784337,37557,0,,9.2,9.2,350,350,350,55,335,9.2,,,,,,,,,,,,,,,,,,,0,0
2011-03-31,13,784337,37557,0,,9.2,9.2,350,350,350,55,335,9.2,,,,,,,,,,,,,,,,,,,0,0
2011-03-31,14,784337,37557,0,,9.2,9.2,350,350,350,55,335,9.2,,,,,,,,,,,,,,,,,,,0,0
2011-03-31,15,784337,37557,0,,9.2,9.2,350,350,350,55,335,9.2,,,,,,,,,,,,,,,,,,,0,0
2011-03-31,16,784337,37557,0,,9.2,9.2,350,350,350,55,335,9.2,,,,,,,,,,,,,,,,,,,0,0
2011-03-31,17,784337,37557,0,,9.2,9.2,350,350,350,55,335,9.2,,,,,,,,,,,,,,,,,,,0,0
2011-03-31,18,784337,37557,0,,9.2,9.2,350,350,350,55,335,9.2,,,,,,,,,,,,,,,,,,,0,0
2011-03-31,19,784337,37557,0,,9.2,9.2,350,350,350,55,335,9.2,,,,,,,,,,,,,,,,,,,0,0
2011-03-31,20,784337,37557,0,,9.2,9.2,350,350,350,55,335,9.2,,,,,,,,,,,,,,,,,,,0,0
2011-03-31,21,784337,37557,0,,9.2,9.2,350,350,350,55,335,9.2,,,,,,,,,,,,,,,,,,,0,0
2011-03-31,22,784337,37557,0,,9.2,9.2,350,350,350,55,335,9.2,,,,,,,,,,,,,,,,,,,0,0
2011-03-31,23,784337,37557,0,,9.2,9.2,350,350,350,55,335,9.2,,,,,,,,,,,,,,,,,,,0,0
2011-03-31,24,784337,37557,0,,9.2,9.2,350,350,350,55,335,9.2,,,,,,,,,,,,,,,,,,,0,0
2011-03-31,1,787013,69681,0,,16,7,0,0,0,0,0,7,19.18,9.6,,,,,,,,,,,,,,,,,0,0
2011-03-31,2,787013,69681,0,,16,7,0,0,0,0,0,7,19.18,9.6,,,,,,,,,,,,,,,,,0,0
2011-03-31,3,787013,69681,0,,16,7,0,0,0,0,0,7,19.18,9.6,,,,,,,,,,,,,,,,,0,0
2011-03-31,4,787013,69681,0,,16,7,0,0,0,0,0,7,19.18,9.6,,,,,,,,,,,,,,,,,0,0
2011-03-31,5,787013,69681,0,,16,7,0,0,0,0,0,7,19.18,9.6,,,,,,,,,,,,,,,,,0,0
2011-03-31,6,787013,69681,0,,16,7,0,0,0,0,0,7,19.18,9.6,,,,,,,,,,,,,,,,,0,0
2011-03-31,7,787013,69681,0,,16,7,0,0,0,0,0,7,19.18,9.6,,,,,,,,,,,,,,,,,0,0
2011-03-31,8,787013,69681,0,,16,7,0,0,0,0,0,7,19.18,9.6,,,,,,,,,,,,,,,,,0,0
2011-03-31,9,787013,69681,0,,16,7,0,0,0,0,0,7,19.18,9.6,,,,,,,,,,,,,,,,,0,0
2011-03-31,10,787013,69681,0,,16,7,0,0,0,0,0,7,19.18,9.6,,,,,,,,,,,,,,,,,0,0
2011-03-31,11,787013,69681,0,,16,7,0,0,0,0,0,7,19.18,9.6,,,,,,,,,,,,,,,,,0,0
2011-03-31,12,787013,69681,0,,16,7,0,0,0,0,0,7,19.18,9.6,,,,,,,,,,,,,,,,,0,0
2011-03-31,13,787013,69681,0,,16,7,0,0,0,0,0,7,19.18,9.6,,,,,,,,,,,,,,,,,0,0
2011-03-31,14,787013,69681,0,,16,7,0,0,0,0,0,7,19.18,9.6,,,,,,,,,,,,,,,,,0,0
2011-03-31,15,787013,69681,0,,16,7,0,0,0,0,0,7,19.18,9.6,,,,,,,,,,,,,,,,,0,0
2011-03-31,16,787013,69681,0,,16,7,0,0,0,0,0,7,19.18,9.6,,,,,,,,,,,,,,,,,0,0
2011-03-31,17,787013,69681,0,,16,7,0,0,0,0,0,7,19.18,9.6,,,,,,,,,,,,,,,,,0,0
2011-03-31,18,787013,69681,0,,16,7,0,0,0,0,0,7,19.18,9.6,,,,,,,,,,,,,,,,,0,0
2011-03-31,19,787013,69681,0,,16,7,0,0,0,0,0,7,19.18,9.6,,,,,,,,,,,,,,,,,0,0
2011-03-31,20,787013,69681,0,,16,7,0,0,0,0,0,7,19.18,9.6,,,,,,,,,,,,,,,,,0,0
2011-03-31,21,787013,69681,0,,16,7,0,0,0,0,0,7,19.18,9.6,,,,,,,,,,,,,,,,,0,0
2011-03-31,22,787013,69681,0,,16,7,0,0,0,0,0,7,19.18,9.6,,,,,,,,,,,,,,,,,0,0
2011-03-31,23,787013,69681,0,,16,7,0,0,0,0,0,7,19.18,9.6,,,,,,,,,,,,,,,,,0,0
2011-03-31,24,787013,69681,0,,16,7,0,0,0,0,0,7,19.18,9.6,,,,,,,,,,,,,,,,,0,0
2011-03-31,1,835131,60374,12,,12,12,0,0,0,0,0,30,,,,,,,,,,,,,,,,,,,0,0
2011-03-31,2,835131,60374,12,,12,12,0,0,0,0,0,30,,,,,,,,,,,,,,,,,,,0,0
2011-03-31,3,835131,60374,12,,12,12,0,0,0,0,0,30,,,,,,,,,,,,,,,,,,,0,0
2011-03-31,4,835131,60374,12,,12,12,0,0,0,0,0,30,,,,,,,,,,,,,,,,,,,0,0
2011-03-31,5,835131,60374,12,,12,12,0,0,0,0,0,30,,,,,,,,,,,,,,,,,,,0,0
2011-03-31,6,835131,60374,12,,12,12,0,0,0,0,0,30,,,,,,,,,,,,,,,,,,,0,0
2011-03-31,7,835131,60374,30,,30,30,0,0,0,0,0,30,,,,,,,,,,,,,,,,,,,0,0
2011-03-31,8,835131,60374,30,,30,30,0,0,0,0,0,30,,,,,,,,,,,,,,,,,,,0,0
2011-03-31,9,835131,60374,30,,30,30,0,0,0,0,0,30,,,,,,,,,,,,,,,,,,,0,0
2011-03-31,10,835131,60374,30,,30,30,0,0,0,0,0,30,,,,,,,,,,,,,,,,,,,0,0
2011-03-31,11,835131,60374,30,,30,30,0,0,0,0,0,30,,,,,,,,,,,,,,,,,,,0,0
2011-03-31,12,835131,60374,30,,30,30,0,0,0,0,0,30,,,,,,,,,,,,,,,,,,,0,0
2011-03-31,13,835131,60374,30,,30,30,0,0,0,0,0,30,,,,,,,,,,,,,,,,,,,0,0
2011-03-31,14,835131,60374,30,,30,30,0,0,0,0,0,30,,,,,,,,,,,,,,,,,,,0,0
2011-03-31,15,835131,60374,30,,30,30,0,0,0,0,0,30,,,,,,,,,,,,,,,,,,,0,0
2011-03-31,16,835131,60374,30,,30,30,0,0,0,0,0,30,,,,,,,,,,,,,,,,,,,0,0
2011-03-31,17,835131,60374,30,,30,30,0,0,0,0,0,30,,,,,,,,,,,,,,,,,,,0,0
2011-03-31,18,835131,60374,30,,30,30,0,0,0,0,0,30,,,,,,,,,,,,,,,,,,,0,0
2011-03-31,19,835131,60374,30,,30,30,0,0,0,0,0,30,,,,,,,,,,,,,,,,,,,0,0
2011-03-31,20,835131,60374,30,,30,30,0,0,0,0,0,30,,,,,,,,,,,,,,,,,,,0,0
2011-03-31,21,835131,60374,30,,30,30,0,0,0,0,0,30,,,,,,,,,,,,,,,,,,,0,0
2011-03-31,22,835131,60374,30,,30,30,0,0,0,0,0,30,,,,,,,,,,,,,,,,,,,0,0
2011-03-31,23,835131,60374,30,,30,30,0,0,0,0,0,30,,,,,,,,,,,,,,,,,,,0,0
2011-03-31,24,835131,60374,30,,30,30,0,0,0,0,0,30,,,,,,,,,,,,,,,,,,,0,0
2011-03-31,1,850388,34873,143,,143,143,0,0,0,0,,,,,,,,,,,,,,,,,,,,,0,16
2011-03-31,2,850388,34873,143,,143,143,0,0,0,0,,,,,,,,,,,,,,,,,,,,,0,16
2011-03-31,3,850388,34873,143,,143,143,0,0,0,0,,,,,,,,,,,,,,,,,,,,,0,16
2011-03-31,4,850388,34873,143,,143,143,0,0,0,0,,,,,,,,,,,,,,,,,,,,,0,16
2011-03-31,5,850388,34873,143,,143,143,0,0,0,0,,,,,,,,,,,,,,,,,,,,,0,16
2011-03-31,6,850388,34873,143,,143,143,0,0,0,0,,,,,,,,,,,,,,,,,,,,,0,16
2011-03-31,7,850388,34873,143,,143,143,0,0,0,0,,,,,,,,,,,,,,,,,,,,,0,16
2011-03-31,8,850388,34873,143,,143,143,0,0,0,0,,,,,,,,,,,,,,,,,,,,,0,16
2011-03-31,9,850388,34873,143,,143,143,0,0,0,0,,,,,,,,,,,,,,,,,,,,,0,16
2011-03-31,10,850388,34873,143,,143,143,0,0,0,0,,,,,,,,,,,,,,,,,,,,,0,16
2011-03-31,11,850388,34873,143,,143,143,0,0,0,0,,,,,,,,,,,,,,,,,,,,,0,16
2011-03-31,12,850388,34873,143,,143,143,0,0,0,0,,,,,,,,,,,,,,,,,,,,,0,16
2011-03-31,13,850388,34873,143,,143,143,0,0,0,0,,,,,,,,,,,,,,,,,,,,,0,16
2011-03-31,14,850388,34873,143,,143,143,0,0,0,0,,,,,,,,,,,,,,,,,,,,,0,16
2011-03-31,15,850388,34873,143,,143,143,0,0,0,0,,,,,,,,,,,,,,,,,,,,,0,16
2011-03-31,16,850388,34873,143,,143,143,0,0,0,0,,,,,,,,,,,,,,,,,,,,,0,16
2011-03-31,17,850388,34873,143,,143,143,0,0,0,0,,,,,,,,,,,,,,,,,,,,,0,16
2011-03-31,18,850388,34873,143,,143,143,0,0,0,0,,,,,,,,,,,,,,,,,,,,,0,16
2011-03-31,19,850388,34873,143,,143,143,0,0,0,0,,,,,,,,,,,,,,,,,,,,,0,16
2011-03-31,20,850388,34873,143,,143,143,0,0,0,0,,,,,,,,,,,,,,,,,,,,,0,16
2011-03-31,21,850388,34873,143,,143,143,0,0,0,0,,,,,,,,,,,,,,,,,,,,,0,16
2011-03-31,22,850388,34873,86,,86,86,0,0,0,0,,,,,,,,,,,,,,,,,,,,,0,16
2011-03-31,23,850388,34873,0,,0,0,0,0,0,0,,,,,,,,,,,,,,,,,,,,,0,16
2011-03-31,24,850388,34873,0,,0,0,0,0,0,0,,,,,,,,,,,,,,,,,,,,,0,16
2011-03-31,1,874094,18094,1,,5,1,0,0,0,0,0,5,,,,,,,,,,,,,,,,,,,0,0
2011-03-31,2,874094,18094,1,,5,1,0,0,0,0,0,5,,,,,,,,,,,,,,,,,,,0,0
2011-03-31,3,874094,18094,1,,5,1,0,0,0,0,0,5,,,,,,,,,,,,,,,,,,,0,0
2011-03-31,4,874094,18094,1,,5,1,0,0,0,0,0,5,,,,,,,,,,,,,,,,,,,0,0
2011-03-31,5,874094,18094,1,,5,1,0,0,0,0,0,5,,,,,,,,,,,,,,,,,,,0,0
2011-03-31,6,874094,18094,1,,5,1,0,0,0,0,0,5,,,,,,,,,,,,,,,,,,,0,0
2011-03-31,7,874094,18094,1,,5,1,0,0,0,0,0,5,,,,,,,,,,,,,,,,,,,0,0
2011-03-31,8,874094,18094,1,,5,1,0,0,0,0,0,5,,,,,,,,,,,,,,,,,,,0,0
2011-03-31,9,874094,18094,1,,5,1,0,0,0,0,0,5,,,,,,,,,,,,,,,,,,,0,0
2011-03-31,10,874094,18094,1,,5,1,0,0,0,0,0,5,,,,,,,,,,,,,,,,,,,0,0
2011-03-31,11,874094,18094,1,,5,1,0,0,0,0,0,5,,,,,,,,,,,,,,,,,,,0,0
2011-03-31,12,874094,18094,1,,5,1,0,0,0,0,0,5,,,,,,,,,,,,,,,,,,,0,0
2011-03-31,13,874094,18094,1,,5,1,0,0,0,0,0,5,,,,,,,,,,,,,,,,,,,0,0
2011-03-31,14,874094,18094,1,,5,1,0,0,0,0,0,5,,,,,,,,,,,,,,,,,,,0,0
2011-03-31,15,874094,18094,1,,5,1,0,0,0,0,0,5,,,,,,,,,,,,,,,,,,,0,0
2011-03-31,16,874094,18094,1,,5,1,0,0,0,0,0,5,,,,,,,,,,,,,,,,,,,0,0
2011-03-31,17,874094,18094,1,,5,1,0,0,0,0,0,5,,,,,,,,,,,,,,,,,,,0,0
2011-03-31,18,874094,18094,1,,5,1,0,0,0,0,0,5,,,,,,,,,,,,,,,,,,,0,0
2011-03-31,19,874094,18094,1,,5,1,0,0,0,0,0,5,,,,,,,,,,,,,,,,,,,0,0
2011-03-31,20,874094,18094,1,,5,1,0,0,0,0,0,5,,,,,,,,,,,,,,,,,,,0,0
2011-03-31,21,874094,18094,1,,5,1,0,0,0,0,0,5,,,,,,,,,,,,,,,,,,,0,0
2011-03-31,22,874094,18094,1,,5,1,0,0,0,0,0,5,,,,,,,,,,,,,,,,,,,0,0
2011-03-31,23,874094,18094,1,,5,1,0,0,0,0,0,5,,,,,,,,,,,,,,,,,,,0,0
2011-03-31,24,874094,18094,1,,5,1,0,0,0,0,0,5,,,,,,,,,,,,,,,,,,,0,0
2011-03-31,1,885483,46232,59,,59,59,0,0,0,0,0,58.4,,,,,,,,,,,,,,,,,,,0,0
2011-03-31,2,885483,46232,59,,59,59,0,0,0,0,0,58.4,,,,,,,,,,,,,,,,,,,0,0
2011-03-31,3,885483,46232,59,,59,59,0,0,0,0,0,58.4,,,,,,,,,,,,,,,,,,,0,0
2011-03-31,4,885483,46232,59,,59,59,0,0,0,0,0,58.4,,,,,,,,,,,,,,,,,,,0,0
2011-03-31,5,885483,46232,59,,59,59,0,0,0,0,0,58.4,,,,,,,,,,,,,,,,,,,0,0
2011-03-31,6,885483,46232,59,,59,59,0,0,0,0,0,58.4,,,,,,,,,,,,,,,,,,,0,0
2011-03-31,7,885483,46232,59,,59,59,0,0,0,0,0,58.4,,,,,,,,,,,,,,,,,,,0,0
2011-03-31,8,885483,46232,59,,59,59,0,0,0,0,0,58.4,,,,,,,,,,,,,,,,,,,0,0
2011-03-31,9,885483,46232,59,,59,59,0,0,0,0,0,58.4,,,,,,,,,,,,,,,,,,,0,0
2011-03-31,10,885483,46232,59,,59,59,0,0,0,0,0,58.4,,,,,,,,,,,,,,,,,,,0,0
2011-03-31,11,885483,46232,59,,59,59,0,0,0,0,0,58.4,,,,,,,,,,,,,,,,,,,0,0
2011-03-31,12,885483,46232,59,,59,59,0,0,0,0,0,58.4,,,,,,,,,,,,,,,,,,,0,0
2011-03-31,13,885483,46232,59,,59,59,0,0,0,0,0,58.4,,,,,,,,,,,,,,,,,,,0,0
2011-03-31,14,885483,46232,59,,59,59,0,0,0,0,0,58.4,,,,,,,,,,,,,,,,,,,0,0
2011-03-31,15,885483,46232,59,,59,59,0,0,0,0,0,58.4,,,,,,,,,,,,,,,,,,,0,0
2011-03-31,16,885483,46232,59,,59,59,0,0,0,0,0,58.4,,,,,,,,,,,,,,,,,,,0,0
2011-03-31,17,885483,46232,59,,59,59,0,0,0,0,0,58.4,,,,,,,,,,,,,,,,,,,0,0
2011-03-31,18,885483,46232,59,,59,59,0,0,0,0,0,58.4,,,,,,,,,,,,,,,,,,,0,0
2011-03-31,19,885483,46232,59,,59,59,0,0,0,0,0,58.4,,,,,,,,,,,,,,,,,,,0,0
2011-03-31,20,885483,46232,59,,59,59,0,0,0,0,0,58.4,,,,,,,,,,,,,,,,,,,0,0
2011-03-31,21,885483,46232,59,,59,59,0,0,0,0,0,58.4,,,,,,,,,,,,,,,,,,,0,0
2011-03-31,22,885483,46232,59,,59,59,0,0,0,0,0,58.4,,,,,,,,,,,,,,,,,,,0,0
2011-03-31,23,885483,46232,59,,59,59,0,0,0,0,0,58.4,,,,,,,,,,,,,,,,,,,0,0
2011-03-31,24,885483,46232,59,,59,59,0,0,0,0,0,58.4,,,,,,,,,,,,,,,,,,,0,0
2011-03-31,1,893586,53164,0,,12,4,0,0,0,0,5,4,6,7,7,1,,,,,,,,,,,,,,,0,0
2011-03-31,2,893586,53164,0,,12,4,0,0,0,0,5,4,6,7,7,1,,,,,,,,,,,,,,,0,0
2011-03-31,3,893586,53164,0,,12,4,0,0,0,0,5,4,6,7,7,1,,,,,,,,,,,,,,,0,0
2011-03-31,4,893586,53164,0,,12,4,0,0,0,0,5,4,6,7,7,1,,,,,,,,,,,,,,,0,0
2011-03-31,5,893586,53164,0,,12,4,0,0,0,0,5,4,6,7,7,1,,,,,,,,,,,,,,,0,0
2011-03-31,6,893586,53164,0,,12,4,0,0,0,0,5,4,6,7,7,1,,,,,,,,,,,,,,,0,0
2011-03-31,7,893586,53164,0,,12,4,0,0,0,0,5,4,6,7,7,1,,,,,,,,,,,,,,,0,0
2011-03-31,8,893586,53164,0,,12,4,0,0,0,0,5,4,6,7,7,1,,,,,,,,,,,,,,,0,0
2011-03-31,9,893586,53164,0,,12,4,0,0,0,0,5,4,6,7,7,1,,,,,,,,,,,,,,,0,0
2011-03-31,10,893586,53164,0,,12,4,0,0,0,0,5,4,6,7,7,1,,,,,,,,,,,,,,,0,0
2011-03-31,11,893586,53164,0,,12,4,0,0,0,0,5,4,6,7,7,1,,,,,,,,,,,,,,,0,0
2011-03-31,12,893586,53164,0,,12,4,0,0,0,0,5,4,6,7,7,1,,,,,,,,,,,,,,,0,0
2011-03-31,13,893586,53164,0,,12,4,0,0,0,0,5,4,6,7,7,1,,,,,,,,,,,,,,,0,0
2011-03-31,14,893586,53164,0,,12,4,0,0,0,0,5,4,6,7,7,1,,,,,,,,,,,,,,,0,0
2011-03-31,15,893586,53164,0,,12,4,0,0,0,0,5,4,6,7,7,1,,,,,,,,,,,,,,,0,0
2011-03-31,16,893586,53164,0,,12,4,0,0,0,0,5,4,6,7,7,1,,,,,,,,,,,,,,,0,0
2011-03-31,17,893586,53164,0,,12,4,0,0,0,0,5,4,6,7,7,1,,,,,,,,,,,,,,,0,0
2011-03-31,18,893586,53164,0,,12,4,0,0,0,0,5,4,6,7,7,1,,,,,,,,,,,,,,,0,0
2011-03-31,19,893586,53164,0,,12,4,0,0,0,0,5,4,6,7,7,1,,,,,,,,,,,,,,,0,0
2011-03-31,20,893586,53164,0,,12,4,0,0,0,0,5,4,6,7,7,1,,,,,,,,,,,,,,,0,0
2011-03-31,21,893586,53164,0,,12,4,0,0,0,0,5,4,6,7,7,1,,,,,,,,,,,,,,,0,0
2011-03-31,22,893586,53164,0,,12,4,0,0,0,0,5,4,6,7,7,1,,,,,,,,,,,,,,,0,0
2011-03-31,23,893586,53164,0,,12,4,0,0,0,0,5,4,6,7,7,1,,,,,,,,,,,,,,,0,0
2011-03-31,24,893586,53164,0,,12,4,0,0,0,0,5,4,6,7,7,1,,,,,,,,,,,,,,,0,0
2011-03-31,1,902359,70295,0,,0,0,0,0,0,0,500,25,,,,,,,,,,,,,,,,,,,0,0
2011-03-31,2,902359,70295,0,,0,0,0,0,0,0,500,25,,,,,,,,,,,,,,,,,,,0,0
2011-03-31,3,902359,70295,0,,0,0,0,0,0,0,500,25,,,,,,,,,,,,,,,,,,,0,0
2011-03-31,4,902359,70295,0,,0,0,0,0,0,0,500,25,,,,,,,,,,,,,,,,,,,0,0
2011-03-31,5,902359,70295,0,,0,0,0,0,0,0,500,25,,,,,,,,,,,,,,,,,,,0,0
2011-03-31,6,902359,70295,0,,0,0,0,0,0,0,500,25,,,,,,,,,,,,,,,,,,,0,0
2011-03-31,7,902359,70295,0,,0,0,0,0,0,0,500,25,,,,,,,,,,,,,,,,,,,0,0
2011-03-31,8,902359,70295,0,,0,0,0,0,0,0,500,25,,,,,,,,,,,,,,,,,,,0,0
2011-03-31,9,902359,70295,0,,0,0,0,0,0,0,500,25,,,,,,,,,,,,,,,,,,,0,0
2011-03-31,10,902359,70295,0,,0,0,0,0,0,0,500,25,,,,,,,,,,,,,,,,,,,0,0
2011-03-31,11,902359,70295,0,,0,0,0,0,0,0,500,25,,,,,,,,,,,,,,,,,,,0,0
2011-03-31,12,902359,70295,0,,0,0,0,0,0,0,500,25,,,,,,,,,,,,,,,,,,,0,0
2011-03-31,13,902359,70295,0,,0,0,0,0,0,0,500,25,,,,,,,,,,,,,,,,,,,0,0
2011-03-31,14,902359,70295,0,,0,0,0,0,0,0,500,25,,,,,,,,,,,,,,,,,,,0,0
2011-03-31,15,902359,70295,0,,0,0,0,0,0,0,500,25,,,,,,,,,,,,,,,,,,,0,0
2011-03-31,16,902359,70295,0,,0,0,0,0,0,0,500,25,,,,,,,,,,,,,,,,,,,0,0
2011-03-31,17,902359,70295,0,,0,0,0,0,0,0,500,25,,,,,,,,,,,,,,,,,,,0,0
2011-03-31,18,902359,70295,0,,0,0,0,0,0,0,500,25,,,,,,,,,,,,,,,,,,,0,0
2011-03-31,19,902359,70295,0,,0,0,0,0,0,0,500,25,,,,,,,,,,,,,,,,,,,0,0
2011-03-31,20,902359,70295,0,,0,0,0,0,0,0,500,25,,,,,,,,,,,,,,,,,,,0,0
2011-03-31,21,902359,70295,0,,0,0,0,0,0,0,500,25,,,,,,,,,,,,,,,,,,,0,0
2011-03-31,22,902359,70295,0,,0,0,0,0,0,0,500,25,,,,,,,,,,,,,,,,,,,0,0
2011-03-31,23,902359,70295,0,,0,0,0,0,0,0,500,25,,,,,,,,,,,,,,,,,,,0,0
2011-03-31,24,902359,70295,0,,0,0,0,0,0,0,500,25,,,,,,,,,,,,,,,,,,,0,0
2011-03-31,1,902359,88568,22,,22,22,0,0,0,0,500,25,,,,,,,,,,,,,,,,,,,0,0
2011-03-31,2,902359,88568,22,,22,22,0,0,0,0,500,25,,,,,,,,,,,,,,,,,,,0,0
2011-03-31,3,902359,88568,22,,22,22,0,0,0,0,500,25,,,,,,,,,,,,,,,,,,,0,0
2011-03-31,4,902359,88568,22,,22,22,0,0,0,0,500,25,,,,,,,,,,,,,,,,,,,0,0
2011-03-31,5,902359,88568,22,,22,22,0,0,0,0,500,25,,,,,,,,,,,,,,,,,,,0,0
2011-03-31,6,902359,88568,22,,22,22,0,0,0,0,500,25,,,,,,,,,,,,,,,,,,,0,0
2011-03-31,7,902359,88568,22,,22,22,0,0,0,0,500,25,,,,,,,,,,,,,,,,,,,0,0
2011-03-31,8,902359,88568,22,,22,22,0,0,0,0,500,25,,,,,,,,,,,,,,,,,,,0,0
2011-03-31,9,902359,88568,22,,22,22,0,0,0,0,500,25,,,,,,,,,,,,,,,,,,,0,0
2011-03-31,10,902359,88568,22,,22,22,0,0,0,0,500,25,,,,,,,,,,,,,,,,,,,0,0
2011-03-31,11,902359,88568,22,,22,22,0,0,0,0,500,25,,,,,,,,,,,,,,,,,,,0,0
2011-03-31,12,902359,88568,22,,22,22,0,0,0,0,500,25,,,,,,,,,,,,,,,,,,,0,0
2011-03-31,13,902359,88568,22,,22,22,0,0,0,0,500,25,,,,,,,,,,,,,,,,,,,0,0
2011-03-31,14,902359,88568,22,,22,22,0,0,0,0,500,25,,,,,,,,,,,,,,,,,,,0,0
2011-03-31,15,902359,88568,22,,22,22,0,0,0,0,500,25,,,,,,,,,,,,,,,,,,,0,0
2011-03-31,16,902359,88568,22,,22,22,0,0,0,0,500,25,,,,,,,,,,,,,,,,,,,0,0
2011-03-31,17,902359,88568,22,,22,22,0,0,0,0,500,25,,,,,,,,,,,,,,,,,,,0,0
2011-03-31,18,902359,88568,22,,22,22,0,0,0,0,500,25,,,,,,,,,,,,,,,,,,,0,0
2011-03-31,19,902359,88568,22,,22,22,0,0,0,0,500,25,,,,,,,,,,,,,,,,,,,0,0
2011-03-31,20,902359,88568,22,,22,22,0,0,0,0,500,25,,,,,,,,,,,,,,,,,,,0,0
2011-03-31,21,902359,88568,22,,22,22,0,0,0,0,500,25,,,,,,,,,,,,,,,,,,,0,0
2011-03-31,22,902359,88568,22,,22,22,0,0,0,0,500,25,,,,,,,,,,,,,,,,,,,0,0
2011-03-31,23,902359,88568,22,,22,22,0,0,0,0,500,25,,,,,,,,,,,,,,,,,,,0,0
2011-03-31,24,902359,88568,22,,22,22,0,0,0,0,500,25,,,,,,,,,,,,,,,,,,,0,0
2011-03-31,1,902793,22792,0,,23,19,6082.75,6082.75,6082.75,0,337.39,19,339.39,4,341.39,5,,,,,,,,,,,,,,,20,20
2011-03-31,2,902793,22792,0,,23,19,6082.75,6082.75,6082.75,0,337.39,19,339.39,4,341.39,5,,,,,,,,,,,,,,,20,20
2011-03-31,3,902793,22792,0,,23,19,6082.75,6082.75,6082.75,0,337.39,19,339.39,4,341.39,5,,,,,,,,,,,,,,,20,20
2011-03-31,4,902793,22792,0,,23,19,6082.75,6082.75,6082.75,0,337.39,19,339.39,4,341.39,5,,,,,,,,,,,,,,,20,20
2011-03-31,5,902793,22792,0,,23,19,6082.75,6082.75,6082.75,0,337.39,19,339.39,4,341.39,5,,,,,,,,,,,,,,,20,20
2011-03-31,6,902793,22792,0,,23,19,6082.75,6082.75,6082.75,0,337.39,19,339.39,4,341.39,5,,,,,,,,,,,,,,,20,20
2011-03-31,7,902793,22792,0,,23,19,6082.75,6082.75,6082.75,0,337.39,19,339.39,4,341.39,5,,,,,,,,,,,,,,,20,20
2011-03-31,8,902793,22792,0,,23,19,6082.75,6082.75,6082.75,0,337.39,19,339.39,4,341.39,5,,,,,,,,,,,,,,,20,20
2011-03-31,9,902793,22792,0,,23,19,6082.75,6082.75,6082.75,0,337.39,19,339.39,4,341.39,5,,,,,,,,,,,,,,,20,20
2011-03-31,10,902793,22792,0,,23,19,6082.75,6082.75,6082.75,0,337.39,19,339.39,4,341.39,5,,,,,,,,,,,,,,,20,20
2011-03-31,11,902793,22792,0,,23,19,6082.75,6082.75,6082.75,0,337.39,19,339.39,4,341.39,5,,,,,,,,,,,,,,,20,20
2011-03-31,12,902793,22792,0,,23,19,6082.75,6082.75,6082.75,0,337.39,19,339.39,4,341.39,5,,,,,,,,,,,,,,,20,20
2011-03-31,13,902793,22792,0,,23,19,6082.75,6082.75,6082.75,0,337.39,19,339.39,4,341.39,5,,,,,,,,,,,,,,,20,20
2011-03-31,14,902793,22792,0,,23,19,6082.75,6082.75,6082.75,0,337.39,19,339.39,4,341.39,5,,,,,,,,,,,,,,,20,20
2011-03-31,15,902793,22792,0,,23,19,6082.75,6082.75,6082.75,0,337.39,19,339.39,4,341.39,5,,,,,,,,,,,,,,,20,20
2011-03-31,16,902793,22792,0,,23,19,6082.75,6082.75,6082.75,0,337.39,19,339.39,4,341.39,5,,,,,,,,,,,,,,,20,20
2011-03-31,17,902793,22792,0,,23,19,6082.75,6082.75,6082.75,0,337.39,19,339.39,4,341.39,5,,,,,,,,,,,,,,,20,20
2011-03-31,18,902793,22792,0,,23,19,6082.75,6082.75,6082.75,0,337.39,19,339.39,4,341.39,5,,,,,,,,,,,,,,,20,20
2011-03-31,19,902793,22792,0,,23,19,6082.75,6082.75,6082.75,0,337.39,19,339.39,4,341.39,5,,,,,,,,,,,,,,,20,20
2011-03-31,20,902793,22792,0,,23,19,6082.75,6082.75,6082.75,0,337.39,19,339.39,4,341.39,5,,,,,,,,,,,,,,,20,20
2011-03-31,21,902793,22792,0,,23,19,6082.75,6082.75,6082.75,0,337.39,19,339.39,4,341.39,5,,,,,,,,,,,,,,,20,20
2011-03-31,22,902793,22792,0,,23,19,6082.75,6082.75,6082.75,0,337.39,19,339.39,4,341.39,5,,,,,,,,,,,,,,,20,20
2011-03-31,23,902793,22792,0,,23,19,6082.75,6082.75,6082.75,0,337.39,19,339.39,4,341.39,5,,,,,,,,,,,,,,,20,20
2011-03-31,24,902793,22792,0,,23,19,6082.75,6082.75,6082.75,0,337.39,19,339.39,4,341.39,5,,,,,,,,,,,,,,,20,20
2011-03-31,1,902793,23404,0,,67,51,4741,3728,2715,246,62.81,51,65.81,7,75.81,10,,,,,,,,,,,,,,,0,0
2011-03-31,2,902793,23404,0,,67,51,4741,3728,2715,246,62.81,51,65.81,7,75.81,10,,,,,,,,,,,,,,,0,0
2011-03-31,3,902793,23404,0,,67,51,4741,3728,2715,246,62.81,51,65.81,7,75.81,10,,,,,,,,,,,,,,,0,0
2011-03-31,4,902793,23404,0,,67,51,4741,3728,2715,246,62.81,51,65.81,7,75.81,10,,,,,,,,,,,,,,,0,0
2011-03-31,5,902793,23404,0,,67,51,4741,3728,2715,246,62.81,51,65.81,7,75.81,10,,,,,,,,,,,,,,,0,0
2011-03-31,6,902793,23404,0,,67,51,4741,3728,2715,246,62.81,51,65.81,7,75.81,10,,,,,,,,,,,,,,,0,0
2011-03-31,7,902793,23404,0,,67,51,4741,3728,2715,246,62.81,51,65.81,7,75.81,10,,,,,,,,,,,,,,,0,0
2011-03-31,8,902793,23404,0,,67,51,4741,3728,2715,246,62.81,51,65.81,7,75.81,10,,,,,,,,,,,,,,,0,0
2011-03-31,9,902793,23404,0,,67,51,4741,3728,2715,246,62.81,51,65.81,7,75.81,10,,,,,,,,,,,,,,,0,0
2011-03-31,10,902793,23404,0,,67,51,4741,3728,2715,246,62.81,51,65.81,7,75.81,10,,,,,,,,,,,,,,,0,0
2011-03-31,11,902793,23404,0,,67,51,4741,3728,2715,246,62.81,51,65.81,7,75.81,10,,,,,,,,,,,,,,,0,0
2011-03-31,12,902793,23404,0,,67,51,4741,3728,2715,246,62.81,51,65.81,7,75.81,10,,,,,,,,,,,,,,,0,0
2011-03-31,13,902793,23404,0,,67,51,4741,3728,2715,246,62.81,51,65.81,7,75.81,10,,,,,,,,,,,,,,,0,0
2011-03-31,14,902793,23404,0,,67,51,4741,3728,2715,246,62.81,51,65.81,7,75.81,10,,,,,,,,,,,,,,,0,0
2011-03-31,15,902793,23404,0,,67,51,4741,3728,2715,246,62.81,51,65.81,7,75.81,10,,,,,,,,,,,,,,,0,0
2011-03-31,16,902793,23404,0,,67,51,4741,3728,2715,246,62.81,51,65.81,7,75.81,10,,,,,,,,,,,,,,,0,0
2011-03-31,17,902793,23404,0,,67,51,4741,3728,2715,246,62.81,51,65.81,7,75.81,10,,,,,,,,,,,,,,,0,0
2011-03-31,18,902793,23404,0,,67,51,4741,3728,2715,246,62.81,51,65.81,7,75.81,10,,,,,,,,,,,,,,,0,0
2011-03-31,19,902793,23404,0,,67,51,4741,3728,2715,246,62.81,51,65.81,7,75.81,10,,,,,,,,,,,,,,,0,0
2011-03-31,20,902793,23404,0,,67,51,4741,3728,2715,246,62.81,51,65.81,7,75.81,10,,,,,,,,,,,,,,,0,0
2011-03-31,21,902793,23404,0,,67,51,4741,3728,2715,246,62.81,51,65.81,7,75.81,10,,,,,,,,,,,,,,,0,0
2011-03-31,22,902793,23404,0,,67,51,4741,3728,2715,246,62.81,51,65.81,7,75.81,10,,,,,,,,,,,,,,,0,0
2011-03-31,23,902793,23404,0,,67,51,4741,3728,2715,246,62.81,51,65.81,7,75.81,10,,,,,,,,,,,,,,,0,0
2011-03-31,24,902793,23404,0,,67,51,4741,3728,2715,246,62.81,51,65.81,7,75.81,10,,,,,,,,,,,,,,,0,0
2011-03-31,1,902793,45714,0,6240,265,140,14580,9145,9040,3064,68.81,130,69.81,40,70.81,20,72.81,10,75.81,10,80.81,10,85.81,20,90.81,35,,,,,0,0
2011-03-31,2,902793,45714,0,6240,265,140,14580,9145,9040,3064,68.81,130,69.81,40,70.81,20,72.81,10,75.81,10,80.81,10,85.81,20,90.81,35,,,,,0,0
2011-03-31,3,902793,45714,0,6240,265,145,14580,9145,9040,3064,68.81,130,69.81,40,70.81,20,72.81,10,75.81,10,80.81,10,85.81,20,90.81,35,,,,,0,0
2011-03-31,4,902793,45714,0,6240,266,145,14580,9145,9040,3064,68.81,130,69.81,40,70.81,20,72.81,10,75.81,10,80.81,10,85.81,20,90.81,35,,,,,0,0
2011-03-31,5,902793,45714,0,6240,266,145,14580,9145,9040,3064,68.81,130,69.81,40,70.81,20,72.81,10,75.81,10,80.81,10,85.81,20,90.81,35,,,,,0,0
2011-03-31,6,902793,45714,0,6240,266,145,14580,9145,9040,3064,68.81,130,69.81,40,70.81,20,72.81,10,75.81,10,80.81,10,85.81,20,90.81,35,,,,,0,0
2011-03-31,7,902793,45714,0,6240,266,145,14580,9145,9040,3064,68.81,130,69.81,40,70.81,20,72.81,10,75.81,10,80.81,10,85.81,20,90.81,35,,,,,0,0
2011-03-31,8,902793,45714,0,6240,266,145,14580,9145,9040,3064,68.81,130,69.81,40,70.81,20,72.81,10,75.81,10,80.81,10,85.81,20,90.81,35,,,,,0,0
2011-03-31,9,902793,45714,0,6240,266,145,14580,9145,9040,3064,68.81,130,69.81,40,70.81,20,72.81,10,75.81,10,80.81,10,85.81,20,90.81,35,,,,,0,0
2011-03-31,10,902793,45714,0,6240,265,140,14580,9145,9040,3064,68.81,130,69.81,40,70.81,20,72.81,10,75.81,10,80.81,10,85.81,20,90.81,35,,,,,0,0
2011-03-31,11,902793,45714,0,6240,264,140,14580,9145,9040,3064,68.81,130,69.81,40,70.81,20,72.81,10,75.81,10,80.81,10,85.81,20,90.81,35,,,,,0,0
2011-03-31,12,902793,45714,0,6240,262,140,14580,9145,9040,3064,68.81,130,69.81,40,70.81,20,72.81,10,75.81,10,80.81,10,85.81,20,90.81,35,,,,,0,0
2011-03-31,13,902793,45714,0,6240,259,137,14580,9145,9040,3064,68.81,130,69.81,40,70.81,20,72.81,10,75.81,10,80.81,10,85.81,20,90.81,35,,,,,0,0
2011-03-31,14,902793,45714,0,6240,257,137,14580,9145,9040,3064,68.81,130,69.81,40,70.81,20,72.81,10,75.81,10,80.81,10,85.81,20,90.81,35,,,,,0,0
2011-03-31,15,902793,45714,0,6240,256,137,14580,9145,9040,3064,68.81,130,69.81,40,70.81,20,72.81,10,75.81,10,80.81,10,85.81,20,90.81,35,,,,,0,0
2011-03-31,16,902793,45714,0,6240,256,137,14580,9145,9040,3064,68.81,130,69.81,40,70.81,20,72.81,10,75.81,10,80.81,10,85.81,20,90.81,35,,,,,0,0
2011-03-31,17,902793,45714,0,6240,257,137,14580,9145,9040,3064,68.81,130,69.81,40,70.81,20,72.81,10,75.81,10,80.81,10,85.81,20,90.81,35,,,,,0,0
2011-03-31,18,902793,45714,0,6240,257,137,14580,9145,9040,3064,68.81,130,69.81,40,70.81,20,72.81,10,75.81,10,80.81,10,85.81,20,90.81,35,,,,,0,0
2011-03-31,19,902793,45714,0,6240,258,137,14580,9145,9040,3064,68.81,130,69.81,40,70.81,20,72.81,10,75.81,10,80.81,10,85.81,20,90.81,35,,,,,0,0
2011-03-31,20,902793,45714,0,6240,259,137,14580,9145,9040,3064,68.81,130,69.81,40,70.81,20,72.81,10,75.81,10,80.81,10,85.81,20,90.81,35,,,,,0,0
2011-03-31,21,902793,45714,0,6240,261,140,14580,9145,9040,3064,68.81,130,69.81,40,70.81,20,72.81,10,75.81,10,80.81,10,85.81,20,90.81,35,,,,,0,0
2011-03-31,22,902793,45714,0,6240,261,140,14580,9145,9040,3064,68.81,130,69.81,40,70.81,20,72.81,10,75.81,10,80.81,10,85.81,20,90.81,35,,,,,0,0
2011-03-31,23,902793,45714,0,6240,261,140,14580,9145,9040,3064,68.81,130,69.81,40,70.81,20,72.81,10,75.81,10,80.81,10,85.81,20,90.81,35,,,,,0,0
2011-03-31,24,902793,45714,0,6240,261,140,14580,9145,9040,3064,68.81,130,69.81,40,70.81,20,72.81,10,75.81,10,80.81,10,85.81,20,90.81,35,,,,,0,0
2011-03-31,1,902793,56535,0,6240,262,140,15093,11855,10670,1876,37.29,130,38.29,50,39.29,10,40.29,10,41.29,10,42.29,10,50.29,20,60.29,35,,,,,0,0
2011-03-31,2,902793,56535,0,6240,262,140,15093,11855,10670,1876,37.29,130,38.29,50,39.29,10,40.29,10,41.29,10,42.29,10,50.29,20,60.29,35,,,,,0,0
2011-03-31,3,902793,56535,0,6240,262,140,15093,11855,10670,1876,37.29,130,38.29,50,39.29,10,40.29,10,41.29,10,42.29,10,50.29,20,60.29,35,,,,,0,0
2011-03-31,4,902793,56535,0,6240,262,140,15093,11855,10670,1876,37.29,130,38.29,50,39.29,10,40.29,10,41.29,10,42.29,10,50.29,20,60.29,35,,,,,0,0
2011-03-31,5,902793,56535,0,6240,262,140,15093,11855,10670,1876,37.29,130,38.29,50,39.29,10,40.29,10,41.29,10,42.29,10,50.29,20,60.29,35,,,,,0,0
2011-03-31,6,902793,56535,0,6240,262,140,15093,11855,10670,1876,37.29,130,38.29,50,39.29,10,40.29,10,41.29,10,42.29,10,50.29,20,60.29,35,,,,,0,0
2011-03-31,7,902793,56535,140,6240,262,140,15093,11855,10670,1876,37.29,130,38.29,50,39.29,10,40.29,10,41.29,10,42.29,10,50.29,20,60.29,35,,,,,0,0
2011-03-31,8,902793,56535,140,6240,262,140,15093,11855,10670,1876,37.29,130,38.29,50,39.29,10,40.29,10,41.29,10,42.29,10,50.29,20,60.29,35,,,,,0,0
2011-03-31,9,902793,56535,135,6240,258,135,15093,11855,10670,1876,37.29,130,38.29,50,39.29,10,40.29,10,41.29,10,42.29,10,50.29,20,60.29,35,,,,,0,0
2011-03-31,10,902793,56535,135,6240,258,135,15093,11855,10670,1876,37.29,130,38.29,50,39.29,10,40.29,10,41.29,10,42.29,10,50.29,20,60.29,35,,,,,0,0
2011-03-31,11,902793,56535,135,6240,258,135,15093,11855,10670,1876,37.29,130,38.29,50,39.29,10,40.29,10,41.29,10,42.29,10,50.29,20,60.29,35,,,,,0,0
2011-03-31,12,902793,56535,135,6240,254,135,15093,11855,10670,1876,37.29,130,38.29,50,39.29,10,40.29,10,41.29,10,42.29,10,50.29,20,60.29,35,,,,,0,0
2011-03-31,13,902793,56535,135,6240,254,135,15093,11855,10670,1876,37.29,130,38.29,50,39.29,10,40.29,10,41.29,10,42.29,10,50.29,20,60.29,35,,,,,0,0
2011-03-31,14,902793,56535,135,6240,254,135,15093,11855,10670,1876,37.29,130,38.29,50,39.29,10,40.29,10,41.29,10,42.29,10,50.29,20,60.29,35,,,,,0,0
2011-03-31,15,902793,56535,135,6240,254,135,15093,11855,10670,1876,37.29,130,38.29,50,39.29,10,40.29,10,41.29,10,42.29,10,50.29,20,60.29,35,,,,,0,0
2011-03-31,16,902793,56535,135,6240,254,135,15093,11855,10670,1876,37.29,130,38.29,50,39.29,10,40.29,10,41.29,10,42.29,10,50.29,20,60.29,35,,,,,0,0
2011-03-31,17,902793,56535,135,6240,254,135,15093,11855,10670,1876,37.29,130,38.29,50,39.29,10,40.29,10,41.29,10,42.29,10,50.29,20,60.29,35,,,,,0,0
2011-03-31,18,902793,56535,135,6240,254,135,15093,11855,10670,1876,37.29,130,38.29,50,39.29,10,40.29,10,41.29,10,42.29,10,50.29,20,60.29,35,,,,,0,0
2011-03-31,19,902793,56535,135,6240,256,135,15093,11855,10670,1876,37.29,130,38.29,50,39.29,10,40.29,10,41.29,10,42.29,10,50.29,20,60.29,35,,,,,0,0
2011-03-31,20,902793,56535,135,6240,256,135,15093,11855,10670,1876,37.29,130,38.29,50,39.29,10,40.29,10,41.29,10,42.29,10,50.29,20,60.29,35,,,,,0,0
2011-03-31,21,902793,56535,135,6240,256,135,15093,11855,10670,1876,37.29,130,38.29,50,39.29,10,40.29,10,41.29,10,42.29,10,50.29,20,60.29,35,,,,,0,0
2011-03-31,22,902793,56535,135,6240,256,135,15093,11855,10670,1876,37.29,130,38.29,50,39.29,10,40.29,10,41.29,10,42.29,10,50.29,20,60.29,35,,,,,0,0
2011-03-31,23,902793,56535,135,6240,256,135,15093,11855,10670,1876,37.29,130,38.29,50,39.29,10,40.29,10,41.29,10,42.29,10,50.29,20,60.29,35,,,,,0,0
2011-03-31,24,902793,56535,135,6240,256,135,15093,11855,10670,1876,37.29,130,38.29,50,39.29,10,40.29,10,41.29,10,42.29,10,50.29,20,60.29,35,,,,,0,0
2011-03-31,1,902793,65304,0,,28,20,6582.75,6582.75,6582.75,0,309.47,19,312.47,6,315.47,5,,,,,,,,,,,,,,,20,21
2011-03-31,2,902793,65304,0,,28,20,6582.75,6582.75,6582.75,0,309.47,19,312.47,6,315.47,5,,,,,,,,,,,,,,,20,21
2011-03-31,3,902793,65304,0,,28,20,6582.75,6582.75,6582.75,0,309.47,19,312.47,6,315.47,5,,,,,,,,,,,,,,,20,21
2011-03-31,4,902793,65304,0,,28,20,6582.75,6582.75,6582.75,0,309.47,19,312.47,6,315.47,5,,,,,,,,,,,,,,,20,21
2011-03-31,5,902793,65304,0,,28,20,6582.75,6582.75,6582.75,0,309.47,19,312.47,6,315.47,5,,,,,,,,,,,,,,,20,21
2011-03-31,6,902793,65304,0,,28,20,6582.75,6582.75,6582.75,0,309.47,19,312.47,6,315.47,5,,,,,,,,,,,,,,,20,21
2011-03-31,7,902793,65304,0,,28,20,6582.75,6582.75,6582.75,0,309.47,19,312.47,6,315.47,5,,,,,,,,,,,,,,,20,21
2011-03-31,8,902793,65304,0,,28,20,6582.75,6582.75,6582.75,0,309.47,19,312.47,6,315.47,5,,,,,,,,,,,,,,,20,21
2011-03-31,9,902793,65304,0,,28,20,6582.75,6582.75,6582.75,0,309.47,19,312.47,6,315.47,5,,,,,,,,,,,,,,,20,21
2011-03-31,10,902793,65304,0,,28,20,6582.75,6582.75,6582.75,0,309.47,19,312.47,6,315.47,5,,,,,,,,,,,,,,,20,21
2011-03-31,11,902793,65304,0,,28,20,6582.75,6582.75,6582.75,0,309.47,19,312.47,6,315.47,5,,,,,,,,,,,,,,,20,21
2011-03-31,12,902793,65304,0,,28,20,6582.75,6582.75,6582.75,0,309.47,19,312.47,6,315.47,5,,,,,,,,,,,,,,,20,21
2011-03-31,13,902793,65304,0,,28,20,6582.75,6582.75,6582.75,0,309.47,19,312.47,6,315.47,5,,,,,,,,,,,,,,,20,21
2011-03-31,14,902793,65304,0,,28,20,6582.75,6582.75,6582.75,0,309.47,19,312.47,6,315.47,5,,,,,,,,,,,,,,,20,21
2011-03-31,15,902793,65304,0,,28,20,6582.75,6582.75,6582.75,0,309.47,19,312.47,6,315.47,5,,,,,,,,,,,,,,,20,21
2011-03-31,16,902793,65304,0,,28,20,6582.75,6582.75,6582.75,0,309.47,19,312.47,6,315.47,5,,,,,,,,,,,,,,,20,21
2011-03-31,17,902793,65304,0,,28,20,6582.75,6582.75,6582.75,0,309.47,19,312.47,6,315.47,5,,,,,,,,,,,,,,,20,21
2011-03-31,18,902793,65304,0,,28,20,6582.75,6582.75,6582.75,0,309.47,19,312.47,6,315.47,5,,,,,,,,,,,,,,,20,21
2011-03-31,19,902793,65304,0,,28,20,6582.75,6582.75,6582.75,0,309.47,19,312.47,6,315.47,5,,,,,,,,,,,,,,,20,21
2011-03-31,20,902793,65304,0,,28,20,6582.75,6582.75,6582.75,0,309.47,19,312.47,6,315.47,5,,,,,,,,,,,,,,,20,21
2011-03-31,21,902793,65304,0,,28,20,6582.75,6582.75,6582.75,0,309.47,19,312.47,6,315.47,5,,,,,,,,,,,,,,,20,21
2011-03-31,22,902793,65304,0,,28,20,6582.75,6582.75,6582.75,0,309.47,19,312.47,6,315.47,5,,,,,,,,,,,,,,,20,21
2011-03-31,23,902793,65304,0,,28,20,6582.75,6582.75,6582.75,0,309.47,19,312.47,6,315.47,5,,,,,,,,,,,,,,,20,21
2011-03-31,24,902793,65304,0,,28,20,6582.75,6582.75,6582.75,0,309.47,19,312.47,6,315.47,5,,,,,,,,,,,,,,,20,21
2011-03-31,1,902793,80220,0,,78,55,9475.78,8317.19,8317.19,2317.19,32.33,55,34.42,5,49.48,7,94.69,2,117.86,6,164.2,5,171.93,2,,,,,,,0,0
2011-03-31,2,902793,80220,0,,78,55,9475.78,8317.19,8317.19,2317.19,32.33,55,34.42,5,49.48,7,94.69,2,117.86,6,164.2,5,171.93,2,,,,,,,0,0
2011-03-31,3,902793,80220,0,,78,55,9475.78,8317.19,8317.19,2317.19,32.33,55,34.42,5,49.48,7,94.69,2,117.86,6,164.2,5,171.93,2,,,,,,,0,0
2011-03-31,4,902793,80220,0,,78,55,9475.78,8317.19,8317.19,2317.19,32.33,55,34.42,5,49.48,7,94.69,2,117.86,6,164.2,5,171.93,2,,,,,,,0,0
2011-03-31,5,902793,80220,0,,78,55,9475.78,8317.19,8317.19,2317.19,32.33,55,34.42,5,49.48,7,94.69,2,117.86,6,164.2,5,171.93,2,,,,,,,0,0
2011-03-31,6,902793,80220,0,,78,55,9475.78,8317.19,8317.19,2317.19,32.33,55,34.42,5,49.48,7,94.69,2,117.86,6,164.2,5,171.93,2,,,,,,,0,0
2011-03-31,7,902793,80220,0,,78,55,9475.78,8317.19,8317.19,2317.19,32.33,55,34.42,5,49.48,7,94.69,2,117.86,6,164.2,5,171.93,2,,,,,,,0,0
2011-03-31,8,902793,80220,0,,78,55,9475.78,8317.19,8317.19,2317.19,32.33,55,34.42,5,49.48,7,94.69,2,117.86,6,164.2,5,171.93,2,,,,,,,0,0
2011-03-31,9,902793,80220,0,,78,55,9475.78,8317.19,8317.19,2317.19,32.33,55,34.42,5,49.48,7,94.69,2,117.86,6,164.2,5,171.93,2,,,,,,,0,0
2011-03-31,10,902793,80220,0,,78,55,9475.78,8317.19,8317.19,2317.19,32.33,55,34.42,5,49.48,7,94.69,2,117.86,6,164.2,5,171.93,2,,,,,,,0,0
2011-03-31,11,902793,80220,0,,78,55,9475.78,8317.19,8317.19,2317.19,32.33,55,34.42,5,49.48,7,94.69,2,117.86,6,164.2,5,171.93,2,,,,,,,0,0
2011-03-31,12,902793,80220,0,,78,55,9475.78,8317.19,8317.19,2317.19,32.33,55,34.42,5,49.48,7,94.69,2,117.86,6,164.2,5,171.93,2,,,,,,,0,0
2011-03-31,13,902793,80220,0,,78,55,9475.78,8317.19,8317.19,2317.19,32.33,55,34.42,5,49.48,7,94.69,2,117.86,6,164.2,5,171.93,2,,,,,,,0,0
2011-03-31,14,902793,80220,0,,78,55,9475.78,8317.19,8317.19,2317.19,32.33,55,34.42,5,49.48,7,94.69,2,117.86,6,164.2,5,171.93,2,,,,,,,0,0
2011-03-31,15,902793,80220,0,,78,55,9475.78,8317.19,8317.19,2317.19,32.33,55,34.42,5,49.48,7,94.69,2,117.86,6,164.2,5,171.93,2,,,,,,,0,0
2011-03-31,16,902793,80220,0,,78,55,9475.78,8317.19,8317.19,2317.19,32.33,55,34.42,5,49.48,7,94.69,2,117.86,6,164.2,5,171.93,2,,,,,,,0,0
2011-03-31,17,902793,80220,0,,78,55,9475.78,8317.19,8317.19,2317.19,32.33,55,34.42,5,49.48,7,94.69,2,117.86,6,164.2,5,171.93,2,,,,,,,0,0
2011-03-31,18,902793,80220,0,,78,55,9475.78,8317.19,8317.19,2317.19,32.33,55,34.42,5,49.48,7,94.69,2,117.86,6,164.2,5,171.93,2,,,,,,,0,0
2011-03-31,19,902793,80220,0,,78,55,9475.78,8317.19,8317.19,2317.19,32.33,55,34.42,5,49.48,7,94.69,2,117.86,6,164.2,5,171.93,2,,,,,,,0,0
2011-03-31,20,902793,80220,0,,78,55,9475.78,8317.19,8317.19,2317.19,32.33,55,34.42,5,49.48,7,94.69,2,117.86,6,164.2,5,171.93,2,,,,,,,0,0
2011-03-31,21,902793,80220,0,,78,55,9475.78,8317.19,8317.19,2317.19,32.33,55,34.42,5,49.48,7,94.69,2,117.86,6,164.2,5,171.93,2,,,,,,,0,0
2011-03-31,22,902793,80220,0,,78,55,9475.78,8317.19,8317.19,2317.19,32.33,55,34.42,5,49.48,7,94.69,2,117.86,6,164.2,5,171.93,2,,,,,,,0,0
2011-03-31,23,902793,80220,0,,78,55,9475.78,8317.19,8317.19,2317.19,32.33,55,34.42,5,49.48,7,94.69,2,117.86,6,164.2,5,171.93,2,,,,,,,0,0
2011-03-31,24,902793,80220,0,,78,55,9475.78,8317.19,8317.19,2317.19,32.33,55,34.42,5,49.48,7,94.69,2,117.86,6,164.2,5,171.93,2,,,,,,,0,0
2011-03-31,1,924442,24211,0,600,21,1,0,0,0,0,0,23,999,2,,,,,,,,,,,,,,,,,0,0
2011-03-31,2,924442,24211,0,600,21,1,0,0,0,0,0,23,999,2,,,,,,,,,,,,,,,,,0,0
2011-03-31,3,924442,24211,0,600,21,1,0,0,0,0,0,23,999,2,,,,,,,,,,,,,,,,,0,0
2011-03-31,4,924442,24211,0,600,21,1,0,0,0,0,0,23,999,2,,,,,,,,,,,,,,,,,0,0
2011-03-31,5,924442,24211,0,600,21,1,0,0,0,0,0,23,999,2,,,,,,,,,,,,,,,,,0,0
2011-03-31,6,924442,24211,0,600,21,1,0,0,0,0,0,23,999,2,,,,,,,,,,,,,,,,,0,0
2011-03-31,7,924442,24211,0,600,21,1,0,0,0,0,0,23,999,2,,,,,,,,,,,,,,,,,0,0
2011-03-31,8,924442,24211,0,600,21,1,0,0,0,0,0,23,999,2,,,,,,,,,,,,,,,,,0,0
2011-03-31,9,924442,24211,0,600,21,1,0,0,0,0,0,23,999,2,,,,,,,,,,,,,,,,,0,0
2011-03-31,10,924442,24211,0,600,21,1,0,0,0,0,0,23,999,2,,,,,,,,,,,,,,,,,0,0
2011-03-31,11,924442,24211,0,600,21,1,0,0,0,0,0,23,999,2,,,,,,,,,,,,,,,,,0,0
2011-03-31,12,924442,24211,0,600,21,1,0,0,0,0,0,23,999,2,,,,,,,,,,,,,,,,,0,0
2011-03-31,13,924442,24211,0,600,21,1,0,0,0,0,0,23,999,2,,,,,,,,,,,,,,,,,0,0
2011-03-31,14,924442,24211,0,600,21,1,0,0,0,0,0,23,999,2,,,,,,,,,,,,,,,,,0,0
2011-03-31,15,924442,24211,0,600,21,1,0,0,0,0,0,23,999,2,,,,,,,,,,,,,,,,,0,0
2011-03-31,16,924442,24211,0,600,21,1,0,0,0,0,0,23,999,2,,,,,,,,,,,,,,,,,0,0
2011-03-31,17,924442,24211,0,600,21,1,0,0,0,0,0,23,999,2,,,,,,,,,,,,,,,,,0,0
2011-03-31,18,924442,24211,0,600,21,1,0,0,0,0,0,23,999,2,,,,,,,,,,,,,,,,,0,0
2011-03-31,19,924442,24211,0,600,21,1,0,0,0,0,0,23,999,2,,,,,,,,,,,,,,,,,0,0
2011-03-31,20,924442,24211,0,600,21,1,0,0,0,0,0,23,999,2,,,,,,,,,,,,,,,,,0,0
2011-03-31,21,924442,24211,0,600,21,1,0,0,0,0,0,23,999,2,,,,,,,,,,,,,,,,,0,0
2011-03-31,22,924442,24211,0,600,21,1,0,0,0,0,0,23,999,2,,,,,,,,,,,,,,,,,0,0
2011-03-31,23,924442,24211,0,600,21,1,0,0,0,0,0,23,999,2,,,,,,,,,,,,,,,,,0,0
2011-03-31,24,924442,24211,0,600,21,1,0,0,0,0,0,23,999,2,,,,,,,,,,,,,,,,,0,0
2011-03-31,1,924442,66977,34,,34,34,0,0,0,0,0,25,500,20,,,,,,,,,,,,,,,,,40,40
2011-03-31,2,924442,66977,34,,34,34,0,0,0,0,0,25,500,20,,,,,,,,,,,,,,,,,40,40
2011-03-31,3,924442,66977,34,,34,34,0,0,0,0,0,25,500,20,,,,,,,,,,,,,,,,,40,40
2011-03-31,4,924442,66977,34,,34,34,0,0,0,0,0,25,500,20,,,,,,,,,,,,,,,,,40,40
2011-03-31,5,924442,66977,34,,34,34,0,0,0,0,0,25,500,20,,,,,,,,,,,,,,,,,40,40
2011-03-31,6,924442,66977,34,,34,34,0,0,0,0,0,25,500,20,,,,,,,,,,,,,,,,,40,40
2011-03-31,7,924442,66977,34,,34,34,0,0,0,0,0,25,500,20,,,,,,,,,,,,,,,,,40,40
2011-03-31,8,924442,66977,34,,34,34,0,0,0,0,0,25,500,20,,,,,,,,,,,,,,,,,40,40
2011-03-31,9,924442,66977,34,,34,34,0,0,0,0,0,25,500,20,,,,,,,,,,,,,,,,,40,40
2011-03-31,10,924442,66977,34,,34,34,0,0,0,0,0,25,500,20,,,,,,,,,,,,,,,,,40,40
2011-03-31,11,924442,66977,34,,34,34,0,0,0,0,0,25,500,20,,,,,,,,,,,,,,,,,40,40
2011-03-31,12,924442,66977,34,,34,34,0,0,0,0,0,25,500,20,,,,,,,,,,,,,,,,,40,40
2011-03-31,13,924442,66977,34,,34,34,0,0,0,0,0,25,500,20,,,,,,,,,,,,,,,,,40,40
2011-03-31,14,924442,66977,34,,34,34,0,0,0,0,0,25,500,20,,,,,,,,,,,,,,,,,40,40
2011-03-31,15,924442,66977,34,,34,34,0,0,0,0,0,25,500,20,,,,,,,,,,,,,,,,,40,40
2011-03-31,16,924442,66977,34,,34,34,0,0,0,0,0,25,500,20,,,,,,,,,,,,,,,,,40,40
2011-03-31,17,924442,66977,34,,34,34,0,0,0,0,0,25,500,20,,,,,,,,,,,,,,,,,40,40
2011-03-31,18,924442,66977,34,,34,34,0,0,0,0,0,25,500,20,,,,,,,,,,,,,,,,,40,40
2011-03-31,19,924442,66977,34,,34,34,0,0,0,0,0,25,500,20,,,,,,,,,,,,,,,,,40,40
2011-03-31,20,924442,66977,34,,34,34,0,0,0,0,0,25,500,20,,,,,,,,,,,,,,,,,40,40
2011-03-31,21,924442,66977,34,,34,34,0,0,0,0,0,25,500,20,,,,,,,,,,,,,,,,,40,40
2011-03-31,22,924442,66977,34,,34,34,0,0,0,0,0,25,500,20,,,,,,,,,,,,,,,,,40,40
2011-03-31,23,924442,66977,34,,34,34,0,0,0,0,0,25,500,20,,,,,,,,,,,,,,,,,40,40
2011-03-31,24,924442,66977,34,,34,34,0,0,0,0,0,25,500,20,,,,,,,,,,,,,,,,,40,40
2011-03-31,1,924442,70826,10,,10,10,0,0,0,0,0,10,500,1,,,,,,,,,,,,,,,,,0,0
2011-03-31,2,924442,70826,10,,10,10,0,0,0,0,0,10,500,1,,,,,,,,,,,,,,,,,0,0
2011-03-31,3,924442,70826,10,,10,10,0,0,0,0,0,10,500,1,,,,,,,,,,,,,,,,,0,0
2011-03-31,4,924442,70826,10,,10,10,0,0,0,0,0,10,500,1,,,,,,,,,,,,,,,,,0,0
2011-03-31,5,924442,70826,10,,10,10,0,0,0,0,0,10,500,1,,,,,,,,,,,,,,,,,0,0
2011-03-31,6,924442,70826,10,,10,10,0,0,0,0,0,10,500,1,,,,,,,,,,,,,,,,,0,0
2011-03-31,7,924442,70826,10,,10,10,0,0,0,0,0,10,500,1,,,,,,,,,,,,,,,,,0,0
2011-03-31,8,924442,70826,10,,10,10,0,0,0,0,0,10,500,1,,,,,,,,,,,,,,,,,0,0
2011-03-31,9,924442,70826,10,,10,10,0,0,0,0,0,10,500,1,,,,,,,,,,,,,,,,,0,0
2011-03-31,10,924442,70826,10,,10,10,0,0,0,0,0,10,500,1,,,,,,,,,,,,,,,,,0,0
2011-03-31,11,924442,70826,10,,10,10,0,0,0,0,0,10,500,1,,,,,,,,,,,,,,,,,0,0
2011-03-31,12,924442,70826,10,,10,10,0,0,0,0,0,10,500,1,,,,,,,,,,,,,,,,,0,0
2011-03-31,13,924442,70826,10,,10,10,0,0,0,0,0,10,500,1,,,,,,,,,,,,,,,,,0,0
2011-03-31,14,924442,70826,10,,10,10,0,0,0,0,0,10,500,1,,,,,,,,,,,,,,,,,0,0
2011-03-31,15,924442,70826,10,,10,10,0,0,0,0,0,10,500,1,,,,,,,,,,,,,,,,,0,0
2011-03-31,16,924442,70826,10,,10,10,0,0,0,0,0,10,500,1,,,,,,,,,,,,,,,,,0,0
2011-03-31,17,924442,70826,10,,10,10,0,0,0,0,0,10,500,1,,,,,,,,,,,,,,,,,0,0
2011-03-31,18,924442,70826,10,,10,10,0,0,0,0,0,10,500,1,,,,,,,,,,,,,,,,,0,0
2011-03-31,19,924442,70826,10,,10,10,0,0,0,0,0,10,500,1,,,,,,,,,,,,,,,,,0,0
2011-03-31,20,924442,70826,10,,10,10,0,0,0,0,0,10,500,1,,,,,,,,,,,,,,,,,0,0
2011-03-31,21,924442,70826,10,,10,10,0,0,0,0,0,10,500,1,,,,,,,,,,,,,,,,,0,0
2011-03-31,22,924442,70826,10,,10,10,0,0,0,0,0,10,500,1,,,,,,,,,,,,,,,,,0,0
2011-03-31,23,924442,70826,10,,10,10,0,0,0,0,0,10,500,1,,,,,,,,,,,,,,,,,0,0
2011-03-31,24,924442,70826,10,,10,10,0,0,0,0,0,10,500,1,,,,,,,,,,,,,,,,,0,0
2011-03-31,1,924442,78733,28,2160,28,28,0,0,0,0,0,28,125,5,150,15,250,6,999,36,,,,,,,,,,,0,0
2011-03-31,2,924442,78733,28,2160,28,28,0,0,0,0,0,28,125,5,150,15,250,6,999,36,,,,,,,,,,,0,0
2011-03-31,3,924442,78733,28,2160,28,28,0,0,0,0,0,28,125,5,150,15,250,6,999,36,,,,,,,,,,,0,0
2011-03-31,4,924442,78733,28,2160,28,28,0,0,0,0,0,28,125,5,150,15,250,6,999,36,,,,,,,,,,,0,0
2011-03-31,5,924442,78733,28,2160,28,28,0,0,0,0,0,28,125,5,150,15,250,6,999,36,,,,,,,,,,,0,0
2011-03-31,6,924442,78733,28,2160,28,28,0,0,0,0,0,28,125,5,150,15,250,6,999,36,,,,,,,,,,,0,0
2011-03-31,7,924442,78733,28,2160,28,28,0,0,0,0,0,28,125,5,150,15,250,6,999,36,,,,,,,,,,,0,0
2011-03-31,8,924442,78733,28,2160,28,28,0,0,0,0,0,28,125,5,150,15,250,6,999,36,,,,,,,,,,,0,0
2011-03-31,9,924442,78733,28,2160,28,28,0,0,0,0,0,28,125,5,150,15,250,6,999,36,,,,,,,,,,,0,0
2011-03-31,10,924442,78733,28,2160,28,28,0,0,0,0,0,28,125,5,150,15,250,6,999,36,,,,,,,,,,,0,0
2011-03-31,11,924442,78733,28,2160,28,28,0,0,0,0,0,28,125,5,150,15,250,6,999,36,,,,,,,,,,,0,0
2011-03-31,12,924442,78733,28,2160,28,28,0,0,0,0,0,28,125,5,150,15,250,6,999,36,,,,,,,,,,,0,0
2011-03-31,13,924442,78733,28,2160,28,28,0,0,0,0,0,28,125,5,150,15,250,6,999,36,,,,,,,,,,,0,0
2011-03-31,14,924442,78733,28,2160,28,28,0,0,0,0,0,28,125,5,150,15,250,6,999,36,,,,,,,,,,,0,0
2011-03-31,15,924442,78733,36,2160,36,36,0,0,0,0,0,28,125,5,150,15,250,6,999,36,,,,,,,,,,,0,0
2011-03-31,16,924442,78733,36,2160,36,36,0,0,0,0,0,28,125,5,150,15,250,6,999,36,,,,,,,,,,,0,0
2011-03-31,17,924442,78733,36,2160,36,36,0,0,0,0,0,28,125,5,150,15,250,6,999,36,,,,,,,,,,,0,0
2011-03-31,18,924442,78733,36,2160,36,36,0,0,0,0,0,28,125,5,150,15,250,6,999,36,,,,,,,,,,,0,0
2011-03-31,19,924442,78733,36,2160,36,36,0,0,0,0,0,28,125,5,150,15,250,6,999,36,,,,,,,,,,,0,0
2011-03-31,20,924442,78733,36,2160,36,36,0,0,0,0,0,28,125,5,150,15,250,6,999,36,,,,,,,,,,,0,0
2011-03-31,21,924442,78733,36,2160,36,36,0,0,0,0,0,28,125,5,150,15,250,6,999,36,,,,,,,,,,,0,0
2011-03-31,22,924442,78733,36,2160,36,36,0,0,0,0,0,28,125,5,150,15,250,6,999,36,,,,,,,,,,,0,0
2011-03-31,23,924442,78733,36,2160,36,36,0,0,0,0,0,28,125,5,150,15,250,6,999,36,,,,,,,,,,,0,0
2011-03-31,24,924442,78733,36,2160,36,36,0,0,0,0,0,28,125,5,150,15,250,6,999,36,,,,,,,,,,,0,0
2011-03-31,1,931075,26161,0,1593.6,60.7,57,1752.15,1752.15,1752.15,13.26,51.89,57,58.66,3.7,,,,,,,,,,,,,,,,,0,0
2011-03-31,2,931075,26161,0,1593.6,60.7,57,1752.15,1752.15,1752.15,13.26,51.89,57,58.66,3.7,,,,,,,,,,,,,,,,,0,0
2011-03-31,3,931075,26161,0,1593.6,60.7,57,1752.15,1752.15,1752.15,13.26,51.89,57,58.66,3.7,,,,,,,,,,,,,,,,,0,0
2011-03-31,4,931075,26161,0,1593.6,60.7,57,1752.15,1752.15,1752.15,13.26,51.89,57,58.66,3.7,,,,,,,,,,,,,,,,,0,0
2011-03-31,5,931075,26161,0,1593.6,60.7,57,1752.15,1752.15,1752.15,13.26,51.89,57,58.66,3.7,,,,,,,,,,,,,,,,,0,0
2011-03-31,6,931075,26161,0,1593.6,60.7,57,1752.15,1752.15,1752.15,13.26,51.89,57,58.66,3.7,,,,,,,,,,,,,,,,,0,0
2011-03-31,7,931075,26161,0,1593.6,60.7,57,1752.15,1752.15,1752.15,13.26,51.89,57,58.66,3.7,,,,,,,,,,,,,,,,,0,0
2011-03-31,8,931075,26161,0,1593.6,60.7,57,1752.15,1752.15,1752.15,13.26,51.89,57,58.66,3.7,,,,,,,,,,,,,,,,,0,0
2011-03-31,9,931075,26161,0,1593.6,60.7,57,1752.15,1752.15,1752.15,13.26,51.89,57,58.66,3.7,,,,,,,,,,,,,,,,,0,0
2011-03-31,10,931075,26161,0,1593.6,60.7,57,1752.15,1752.15,1752.15,13.26,51.89,57,58.66,3.7,,,,,,,,,,,,,,,,,0,0
2011-03-31,11,931075,26161,0,1593.6,60.7,57,1752.15,1752.15,1752.15,13.26,51.89,57,58.66,3.7,,,,,,,,,,,,,,,,,0,0
2011-03-31,12,931075,26161,0,1593.6,60.7,57,1752.15,1752.15,1752.15,13.26,51.89,57,58.66,3.7,,,,,,,,,,,,,,,,,0,0
2011-03-31,13,931075,26161,0,1593.6,60.7,57,1752.15,1752.15,1752.15,13.26,51.89,57,58.66,3.7,,,,,,,,,,,,,,,,,0,0
2011-03-31,14,931075,26161,0,1593.6,60.7,57,1752.15,1752.15,1752.15,13.26,51.89,57,58.66,3.7,,,,,,,,,,,,,,,,,0,0
2011-03-31,15,931075,26161,0,1593.6,60.7,57,1752.15,1752.15,1752.15,13.26,51.89,57,58.66,3.7,,,,,,,,,,,,,,,,,0,0
2011-03-31,16,931075,26161,0,1593.6,60.7,57,1752.15,1752.15,1752.15,13.26,51.89,57,58.66,3.7,,,,,,,,,,,,,,,,,0,0
2011-03-31,17,931075,26161,0,1593.6,60.7,57,1752.15,1752.15,1752.15,13.26,51.89,57,58.66,3.7,,,,,,,,,,,,,,,,,0,0
2011-03-31,18,931075,26161,0,1593.6,60.7,57,1752.15,1752.15,1752.15,13.26,51.89,57,58.66,3.7,,,,,,,,,,,,,,,,,0,0
2011-03-31,19,931075,26161,0,1593.6,60.7,57,1752.15,1752.15,1752.15,13.26,51.89,57,58.66,3.7,,,,,,,,,,,,,,,,,0,0
2011-03-31,20,931075,26161,0,1593.6,60.7,57,1752.15,1752.15,1752.15,13.26,51.89,57,58.66,3.7,,,,,,,,,,,,,,,,,0,0
2011-03-31,21,931075,26161,0,1593.6,60.7,57,1752.15,1752.15,1752.15,13.26,51.89,57,58.66,3.7,,,,,,,,,,,,,,,,,0,0
2011-03-31,22,931075,26161,0,1593.6,60.7,57,1752.15,1752.15,1752.15,13.26,51.89,57,58.66,3.7,,,,,,,,,,,,,,,,,0,0
2011-03-31,23,931075,26161,0,1593.6,60.7,57,1752.15,1752.15,1752.15,13.26,51.89,57,58.66,3.7,,,,,,,,,,,,,,,,,0,0
2011-03-31,24,931075,26161,0,1593.6,60.7,57,1752.15,1752.15,1752.15,13.26,51.89,57,58.66,3.7,,,,,,,,,,,,,,,,,0,0
2011-03-31,1,931075,64814,0,,168,148,20772.21,20772.21,20772.21,237,50.51,168,,,,,,,,,,,,,,,,,,,0,0
2011-03-31,2,931075,64814,0,,168,148,20772.21,20772.21,20772.21,237,50.51,168,,,,,,,,,,,,,,,,,,,0,0
2011-03-31,3,931075,64814,0,,168,148,20772.21,20772.21,20772.21,237,50.51,168,,,,,,,,,,,,,,,,,,,0,0
2011-03-31,4,931075,64814,0,,168,148,20772.21,20772.21,20772.21,237,50.51,168,,,,,,,,,,,,,,,,,,,0,0
2011-03-31,5,931075,64814,0,,168,148,20772.21,20772.21,20772.21,237,50.51,168,,,,,,,,,,,,,,,,,,,0,0
2011-03-31,6,931075,64814,0,,168,148,20772.21,20772.21,20772.21,237,50.51,168,,,,,,,,,,,,,,,,,,,0,0
2011-03-31,7,931075,64814,0,,168,148,20772.21,20772.21,20772.21,237,50.51,168,,,,,,,,,,,,,,,,,,,0,0
2011-03-31,8,931075,64814,0,,168,148,20772.21,20772.21,20772.21,237,50.51,168,,,,,,,,,,,,,,,,,,,0,0
2011-03-31,9,931075,64814,0,,168,148,20772.21,20772.21,20772.21,237,50.51,168,,,,,,,,,,,,,,,,,,,0,0
2011-03-31,10,931075,64814,0,,168,148,20772.21,20772.21,20772.21,237,50.51,168,,,,,,,,,,,,,,,,,,,0,0
2011-03-31,11,931075,64814,0,,168,148,20772.21,20772.21,20772.21,237,50.51,168,,,,,,,,,,,,,,,,,,,0,0
2011-03-31,12,931075,64814,0,,168,148,20772.21,20772.21,20772.21,237,50.51,168,,,,,,,,,,,,,,,,,,,0,0
2011-03-31,13,931075,64814,0,,168,148,20772.21,20772.21,20772.21,237,50.51,168,,,,,,,,,,,,,,,,,,,0,0
2011-03-31,14,931075,64814,0,,168,148,20772.21,20772.21,20772.21,237,50.51,168,,,,,,,,,,,,,,,,,,,0,0
2011-03-31,15,931075,64814,0,,168,148,20772.21,20772.21,20772.21,237,50.51,168,,,,,,,,,,,,,,,,,,,0,0
2011-03-31,16,931075,64814,0,,168,148,20772.21,20772.21,20772.21,237,50.51,168,,,,,,,,,,,,,,,,,,,0,0
2011-03-31,17,931075,64814,0,,168,148,20772.21,20772.21,20772.21,237,50.51,168,,,,,,,,,,,,,,,,,,,0,0
2011-03-31,18,931075,64814,0,,168,148,20772.21,20772.21,20772.21,237,50.51,168,,,,,,,,,,,,,,,,,,,0,0
2011-03-31,19,931075,64814,0,,168,148,20772.21,20772.21,20772.21,237,50.51,168,,,,,,,,,,,,,,,,,,,0,0
2011-03-31,20,931075,64814,0,,168,148,20772.21,20772.21,20772.21,237,50.51,168,,,,,,,,,,,,,,,,,,,0,0
2011-03-31,21,931075,64814,0,,168,148,20772.21,20772.21,20772.21,237,50.51,168,,,,,,,,,,,,,,,,,,,0,0
2011-03-31,22,931075,64814,0,,168,148,20772.21,20772.21,20772.21,237,50.51,168,,,,,,,,,,,,,,,,,,,0,0
2011-03-31,23,931075,64814,0,,168,148,20772.21,20772.21,20772.21,237,50.51,168,,,,,,,,,,,,,,,,,,,0,0
2011-03-31,24,931075,64814,0,,168,148,20772.21,20772.21,20772.21,237,50.51,168,,,,,,,,,,,,,,,,,,,0,0
2011-03-31,1,931075,98403,0,,57.2,30,18202.98,18202.98,18202.98,14.62,388.69,57.2,,,,,,,,,,,,,,,,,,,0,30
2011-03-31,2,931075,98403,0,,57.2,30,18202.98,18202.98,18202.98,14.62,388.69,57.2,,,,,,,,,,,,,,,,,,,0,30
2011-03-31,3,931075,98403,0,,57.2,30,18202.98,18202.98,18202.98,14.62,388.69,57.2,,,,,,,,,,,,,,,,,,,0,30
2011-03-31,4,931075,98403,0,,57.2,30,18202.98,18202.98,18202.98,14.62,388.69,57.2,,,,,,,,,,,,,,,,,,,0,30
2011-03-31,5,931075,98403,0,,57.2,30,18202.98,18202.98,18202.98,14.62,388.69,57.2,,,,,,,,,,,,,,,,,,,0,30
2011-03-31,6,931075,98403,0,,57.2,30,18202.98,18202.98,18202.98,14.62,388.69,57.2,,,,,,,,,,,,,,,,,,,0,30
2011-03-31,7,931075,98403,0,,57.2,30,18202.98,18202.98,18202.98,14.62,388.69,57.2,,,,,,,,,,,,,,,,,,,0,30
2011-03-31,8,931075,98403,0,,57.2,30,18202.98,18202.98,18202.98,14.62,388.69,57.2,,,,,,,,,,,,,,,,,,,0,30
2011-03-31,9,931075,98403,0,,57.2,30,18202.98,18202.98,18202.98,14.62,388.69,57.2,,,,,,,,,,,,,,,,,,,0,30
2011-03-31,10,931075,98403,0,,57.2,30,18202.98,18202.98,18202.98,14.62,388.69,57.2,,,,,,,,,,,,,,,,,,,0,30
2011-03-31,11,931075,98403,0,,57.2,30,18202.98,18202.98,18202.98,14.62,388.69,57.2,,,,,,,,,,,,,,,,,,,0,30
2011-03-31,12,931075,98403,0,,57.2,30,18202.98,18202.98,18202.98,14.62,388.69,57.2,,,,,,,,,,,,,,,,,,,0,30
2011-03-31,13,931075,98403,0,,57.2,30,18202.98,18202.98,18202.98,14.62,388.69,57.2,,,,,,,,,,,,,,,,,,,0,30
2011-03-31,14,931075,98403,0,,57.2,30,18202.98,18202.98,18202.98,14.62,388.69,57.2,,,,,,,,,,,,,,,,,,,0,30
2011-03-31,15,931075,98403,0,,57.2,30,18202.98,18202.98,18202.98,14.62,388.69,57.2,,,,,,,,,,,,,,,,,,,0,30
2011-03-31,16,931075,98403,0,,57.2,30,18202.98,18202.98,18202.98,14.62,388.69,57.2,,,,,,,,,,,,,,,,,,,0,30
2011-03-31,17,931075,98403,0,,57.2,30,18202.98,18202.98,18202.98,14.62,388.69,57.2,,,,,,,,,,,,,,,,,,,0,30
2011-03-31,18,931075,98403,0,,57.2,30,18202.98,18202.98,18202.98,14.62,388.69,57.2,,,,,,,,,,,,,,,,,,,0,30
2011-03-31,19,931075,98403,0,,57.2,30,18202.98,18202.98,18202.98,14.62,388.69,57.2,,,,,,,,,,,,,,,,,,,0,30
2011-03-31,20,931075,98403,0,,57.2,30,18202.98,18202.98,18202.98,14.62,388.69,57.2,,,,,,,,,,,,,,,,,,,0,30
2011-03-31,21,931075,98403,0,,57.2,30,18202.98,18202.98,18202.98,14.62,388.69,57.2,,,,,,,,,,,,,,,,,,,0,30
2011-03-31,22,931075,98403,0,,57.2,30,18202.98,18202.98,18202.98,14.62,388.69,57.2,,,,,,,,,,,,,,,,,,,0,30
2011-03-31,23,931075,98403,0,,57.2,30,18202.98,18202.98,18202.98,14.62,388.69,57.2,,,,,,,,,,,,,,,,,,,0,30
2011-03-31,24,931075,98403,0,,57.2,30,18202.98,18202.98,18202.98,14.62,388.69,57.2,,,,,,,,,,,,,,,,,,,0,30
2011-03-31,1,931987,42841,0,659,295,220,1000,1000,1000,0,60,220,61,10,66,10,67,20,72,10,300,5,500,11,997,9,,,,,295,295
2011-03-31,2,931987,42841,0,659,295,220,1000,1000,1000,0,60,220,61,10,66,10,67,20,72,10,300,5,500,11,997,9,,,,,295,295
2011-03-31,3,931987,42841,0,659,295,220,1000,1000,1000,0,60,220,61,10,66,10,67,20,72,10,300,5,500,11,997,9,,,,,295,295
2011-03-31,4,931987,42841,0,659,295,220,1000,1000,1000,0,60,220,61,10,66,10,67,20,72,10,300,5,500,11,997,9,,,,,295,295
2011-03-31,5,931987,42841,0,659,295,220,1000,1000,1000,0,60,220,61,10,66,10,67,20,72,10,300,5,500,11,997,9,,,,,295,295
2011-03-31,6,931987,42841,0,659,295,220,1000,1000,1000,0,60,220,61,10,66,10,67,20,72,10,300,5,500,11,997,9,,,,,295,295
2011-03-31,7,931987,42841,0,659,295,220,1000,1000,1000,0,60,220,61,10,66,10,67,20,72,10,300,5,500,11,997,9,,,,,295,295
2011-03-31,8,931987,42841,0,659,295,220,1000,1000,1000,0,60,220,61,10,66,10,67,20,72,10,300,5,500,11,997,9,,,,,295,295
2011-03-31,9,931987,42841,0,659,295,220,1000,1000,1000,0,60,220,61,10,66,10,67,20,72,10,300,5,500,11,997,9,,,,,295,295
2011-03-31,10,931987,42841,0,659,295,220,1000,1000,1000,0,60,220,61,10,66,10,67,20,72,10,300,5,500,11,997,9,,,,,295,295
2011-03-31,11,931987,42841,0,659,295,220,1000,1000,1000,0,60,220,61,10,66,10,67,20,72,10,300,5,500,11,997,9,,,,,295,295
2011-03-31,12,931987,42841,0,659,295,220,1000,1000,1000,0,60,220,61,10,66,10,67,20,72,10,300,5,500,11,997,9,,,,,295,295
2011-03-31,13,931987,42841,0,659,295,220,1000,1000,1000,0,60,220,61,10,66,10,67,20,72,10,300,5,500,11,997,9,,,,,295,295
2011-03-31,14,931987,42841,0,659,295,220,1000,1000,1000,0,60,220,61,10,66,10,67,20,72,10,300,5,500,11,997,9,,,,,295,295
2011-03-31,15,931987,42841,0,659,295,220,1000,1000,1000,0,60,220,61,10,66,10,67,20,72,10,300,5,500,11,997,9,,,,,295,295
2011-03-31,16,931987,42841,0,659,295,220,1000,1000,1000,0,60,220,61,10,66,10,67,20,72,10,300,5,500,11,997,9,,,,,295,295
2011-03-31,17,931987,42841,0,659,295,220,1000,1000,1000,0,60,220,61,10,66,10,67,20,72,10,300,5,500,11,997,9,,,,,295,295
2011-03-31,18,931987,42841,0,659,295,220,1000,1000,1000,0,60,220,61,10,66,10,67,20,72,10,300,5,500,11,997,9,,,,,295,295
2011-03-31,19,931987,42841,0,659,295,220,1000,1000,1000,0,60,220,61,10,66,10,67,20,72,10,300,5,500,11,997,9,,,,,295,295
2011-03-31,20,931987,42841,0,659,295,220,1000,1000,1000,0,60,220,61,10,66,10,67,20,72,10,300,5,500,11,997,9,,,,,295,295
2011-03-31,21,931987,42841,0,659,295,220,1000,1000,1000,0,60,220,61,10,66,10,67,20,72,10,300,5,500,11,997,9,,,,,295,295
2011-03-31,22,931987,42841,0,659,295,220,1000,1000,1000,0,60,220,61,10,66,10,67,20,72,10,300,5,500,11,997,9,,,,,295,295
2011-03-31,23,931987,42841,0,659,295,220,1000,1000,1000,0,60,220,61,10,66,10,67,20,72,10,300,5,500,11,997,9,,,,,295,295
2011-03-31,24,931987,42841,0,659,295,220,1000,1000,1000,0,60,220,61,10,66,10,67,20,72,10,300,5,500,11,997,9,,,,,295,295
2011-03-31,1,931987,47946,0,240,10,3,0,0,0,0,39,6,42,1,45,1,60,1,750,1,999,1,,,,,,,,,9.9,9.9
2011-03-31,2,931987,47946,0,240,10,3,0,0,0,0,39,6,42,1,45,1,60,1,750,1,999,1,,,,,,,,,9.9,9.9
2011-03-31,3,931987,47946,0,240,10,3,0,0,0,0,39,6,42,1,45,1,60,1,750,1,999,1,,,,,,,,,9.9,9.9
2011-03-31,4,931987,47946,0,240,10,3,0,0,0,0,39,6,42,1,45,1,60,1,750,1,999,1,,,,,,,,,9.9,9.9
2011-03-31,5,931987,47946,0,240,10,3,0,0,0,0,39,6,42,1,45,1,60,1,750,1,999,1,,,,,,,,,9.9,9.9
2011-03-31,6,931987,47946,0,240,10,3,0,0,0,0,39,6,42,1,45,1,60,1,750,1,999,1,,,,,,,,,9.9,9.9
2011-03-31,7,931987,47946,0,240,10,3,0,0,0,0,39,6,42,1,45,1,60,1,750,1,999,1,,,,,,,,,9.9,9.9
2011-03-31,8,931987,47946,0,240,10,3,0,0,0,0,39,6,42,1,45,1,60,1,750,1,999,1,,,,,,,,,9.9,9.9
2011-03-31,9,931987,47946,0,240,10,3,0,0,0,0,39,6,42,1,45,1,60,1,750,1,999,1,,,,,,,,,9.9,9.9
2011-03-31,10,931987,47946,0,240,10,3,0,0,0,0,39,6,42,1,45,1,60,1,750,1,999,1,,,,,,,,,9.9,9.9
2011-03-31,11,931987,47946,0,240,10,3,0,0,0,0,39,6,42,1,45,1,60,1,750,1,999,1,,,,,,,,,9.9,9.9
2011-03-31,12,931987,47946,0,240,10,3,0,0,0,0,39,6,42,1,45,1,60,1,750,1,999,1,,,,,,,,,9.9,9.9
2011-03-31,13,931987,47946,0,240,10,3,0,0,0,0,39,6,42,1,45,1,60,1,750,1,999,1,,,,,,,,,9.9,9.9
2011-03-31,14,931987,47946,0,240,10,3,0,0,0,0,39,6,42,1,45,1,60,1,750,1,999,1,,,,,,,,,9.9,9.9
2011-03-31,15,931987,47946,0,240,10,3,0,0,0,0,39,6,42,1,45,1,60,1,750,1,999,1,,,,,,,,,9.9,9.9
2011-03-31,16,931987,47946,0,240,10,3,0,0,0,0,39,6,42,1,45,1,60,1,750,1,999,1,,,,,,,,,9.9,9.9
2011-03-31,17,931987,47946,0,240,10,3,0,0,0,0,39,6,42,1,45,1,60,1,750,1,999,1,,,,,,,,,9.9,9.9
2011-03-31,18,931987,47946,0,240,10,3,0,0,0,0,39,6,42,1,45,1,60,1,750,1,999,1,,,,,,,,,9.9,9.9
2011-03-31,19,931987,47946,0,240,10,3,0,0,0,0,39,6,42,1,45,1,60,1,750,1,999,1,,,,,,,,,9.9,9.9
2011-03-31,20,931987,47946,0,240,10,3,0,0,0,0,39,6,42,1,45,1,60,1,750,1,999,1,,,,,,,,,9.9,9.9
2011-03-31,21,931987,47946,0,240,10,3,0,0,0,0,39,6,42,1,45,1,60,1,750,1,999,1,,,,,,,,,9.9,9.9
2011-03-31,22,931987,47946,0,240,10,3,0,0,0,0,39,6,42,1,45,1,60,1,750,1,999,1,,,,,,,,,9.9,9.9
2011-03-31,23,931987,47946,0,240,10,3,0,0,0,0,39,6,42,1,45,1,60,1,750,1,999,1,,,,,,,,,9.9,9.9
2011-03-31,24,931987,47946,0,240,10,3,0,0,0,0,39,6,42,1,45,1,60,1,750,1,999,1,,,,,,,,,9.9,9.9
2011-03-31,1,931987,81361,0,659,295,220,1000,1000,1000,0,65,220,66,10,71,10,72,20,77,10,300,5,500,11,997,9,,,,,294,294
2011-03-31,2,931987,81361,0,659,295,220,1000,1000,1000,0,65,220,66,10,71,10,72,20,77,10,300,5,500,11,997,9,,,,,294,294
2011-03-31,3,931987,81361,0,659,295,220,1000,1000,1000,0,65,220,66,10,71,10,72,20,77,10,300,5,500,11,997,9,,,,,294,294
2011-03-31,4,931987,81361,0,659,295,220,1000,1000,1000,0,65,220,66,10,71,10,72,20,77,10,300,5,500,11,997,9,,,,,294,294
2011-03-31,5,931987,81361,0,659,295,220,1000,1000,1000,0,65,220,66,10,71,10,72,20,77,10,300,5,500,11,997,9,,,,,294,294
2011-03-31,6,931987,81361,0,659,295,220,1000,1000,1000,0,65,220,66,10,71,10,72,20,77,10,300,5,500,11,997,9,,,,,294,294
2011-03-31,7,931987,81361,0,659,295,220,1000,1000,1000,0,65,220,66,10,71,10,72,20,77,10,300,5,500,11,997,9,,,,,294,294
2011-03-31,8,931987,81361,0,659,295,220,1000,1000,1000,0,65,220,66,10,71,10,72,20,77,10,300,5,500,11,997,9,,,,,294,294
2011-03-31,9,931987,81361,0,659,295,220,1000,1000,1000,0,65,220,66,10,71,10,72,20,77,10,300,5,500,11,997,9,,,,,294,294
2011-03-31,10,931987,81361,0,659,295,220,1000,1000,1000,0,65,220,66,10,71,10,72,20,77,10,300,5,500,11,997,9,,,,,294,294
2011-03-31,11,931987,81361,0,659,295,220,1000,1000,1000,0,65,220,66,10,71,10,72,20,77,10,300,5,500,11,997,9,,,,,294,294
2011-03-31,12,931987,81361,0,659,295,220,1000,1000,1000,0,65,220,66,10,71,10,72,20,77,10,300,5,500,11,997,9,,,,,294,294
2011-03-31,13,931987,81361,0,659,295,220,1000,1000,1000,0,65,220,66,10,71,10,72,20,77,10,300,5,500,11,997,9,,,,,294,294
2011-03-31,14,931987,81361,0,659,295,220,1000,1000,1000,0,65,220,66,10,71,10,72,20,77,10,300,5,500,11,997,9,,,,,294,294
2011-03-31,15,931987,81361,0,659,295,220,1000,1000,1000,0,65,220,66,10,71,10,72,20,77,10,300,5,500,11,997,9,,,,,294,294
2011-03-31,16,931987,81361,0,659,295,220,1000,1000,1000,0,65,220,66,10,71,10,72,20,77,10,300,5,500,11,997,9,,,,,294,294
2011-03-31,17,931987,81361,0,659,295,220,1000,1000,1000,0,65,220,66,10,71,10,72,20,77,10,300,5,500,11,997,9,,,,,294,294
2011-03-31,18,931987,81361,0,659,295,220,1000,1000,1000,0,65,220,66,10,71,10,72,20,77,10,300,5,500,11,997,9,,,,,294,294
2011-03-31,19,931987,81361,0,659,295,220,1000,1000,1000,0,65,220,66,10,71,10,72,20,77,10,300,5,500,11,997,9,,,,,294,294
2011-03-31,20,931987,81361,0,659,295,220,1000,1000,1000,0,65,220,66,10,71,10,72,20,77,10,300,5,500,11,997,9,,,,,294,294
2011-03-31,21,931987,81361,0,659,295,220,1000,1000,1000,0,65,220,66,10,71,10,72,20,77,10,300,5,500,11,997,9,,,,,294,294
2011-03-31,22,931987,81361,0,659,295,220,1000,1000,1000,0,65,220,66,10,71,10,72,20,77,10,300,5,500,11,997,9,,,,,294,294
2011-03-31,23,931987,81361,0,659,295,220,1000,1000,1000,0,65,220,66,10,71,10,72,20,77,10,300,5,500,11,997,9,,,,,294,294
2011-03-31,24,931987,81361,0,659,295,220,1000,1000,1000,0,65,220,66,10,71,10,72,20,77,10,300,5,500,11,997,9,,,,,294,294
2011-03-31,1,948612,12297,0,,272,145,12786.92,11046.5,9306.09,1676.5,21.45,145,23.95,1,31.98,1,31.99,102,94.05,25,,,,,,,,,,,0,0
2011-03-31,2,948612,12297,0,,272,145,12786.92,11046.5,9306.09,1676.5,21.45,145,23.95,1,31.98,1,31.99,102,94.05,25,,,,,,,,,,,0,0
2011-03-31,3,948612,12297,0,,273,145,12786.92,11046.5,9306.09,1676.5,21.45,145,23.95,1,31.98,1,31.99,102,94.05,25,,,,,,,,,,,0,0
2011-03-31,4,948612,12297,0,,273,145,12786.92,11046.5,9306.09,1676.5,21.45,145,23.95,1,31.98,1,31.99,102,94.05,25,,,,,,,,,,,0,0
2011-03-31,5,948612,12297,0,,273,145,12786.92,11046.5,9306.09,1676.5,21.45,145,23.95,1,31.98,1,31.99,102,94.05,25,,,,,,,,,,,0,0
2011-03-31,6,948612,12297,0,,273,145,12786.92,11046.5,9306.09,1676.5,21.45,145,23.95,1,31.98,1,31.99,102,94.05,25,,,,,,,,,,,0,0
2011-03-31,7,948612,12297,0,,274,147,12786.92,11046.5,9306.09,1676.5,21.45,145,23.95,1,31.98,1,31.99,102,94.05,25,,,,,,,,,,,0,0
2011-03-31,8,948612,12297,0,,274,147,12786.92,11046.5,9306.09,1676.5,21.45,145,23.95,1,31.98,1,31.99,102,94.05,25,,,,,,,,,,,0,0
2011-03-31,9,948612,12297,0,,273,147,12786.92,11046.5,9306.09,1676.5,21.45,145,23.95,1,31.98,1,31.99,102,94.05,25,,,,,,,,,,,0,0
2011-03-31,10,948612,12297,0,,272,147,12786.92,11046.5,9306.09,1676.5,21.45,145,23.95,1,31.98,1,31.99,102,94.05,25,,,,,,,,,,,0,0
2011-03-31,11,948612,12297,0,,271,147,12786.92,11046.5,9306.09,1676.5,21.45,145,23.95,1,31.98,1,31.99,102,94.05,25,,,,,,,,,,,0,0
2011-03-31,12,948612,12297,0,,270,147,12786.92,11046.5,9306.09,1676.5,21.45,145,23.95,1,31.98,1,31.99,102,94.05,25,,,,,,,,,,,0,0
2011-03-31,13,948612,12297,0,,269,147,12786.92,11046.5,9306.09,1676.5,21.45,145,23.95,1,31.98,1,31.99,102,94.05,25,,,,,,,,,,,0,0
2011-03-31,14,948612,12297,0,,268,147,12786.92,11046.5,9306.09,1676.5,21.45,145,23.95,1,31.98,1,31.99,102,94.05,25,,,,,,,,,,,0,0
2011-03-31,15,948612,12297,0,,268,147,12786.92,11046.5,9306.09,1676.5,21.45,145,23.95,1,31.98,1,31.99,102,94.05,25,,,,,,,,,,,0,0
2011-03-31,16,948612,12297,0,,268,147,12786.92,11046.5,9306.09,1676.5,21.45,145,23.95,1,31.98,1,31.99,102,94.05,25,,,,,,,,,,,0,0
2011-03-31,17,948612,12297,0,,267,147,12786.92,11046.5,9306.09,1676.5,21.45,145,23.95,1,31.98,1,31.99,102,94.05,25,,,,,,,,,,,0,0
2011-03-31,18,948612,12297,0,,268,147,12786.92,11046.5,9306.09,1676.5,21.45,145,23.95,1,31.98,1,31.99,102,94.05,25,,,,,,,,,,,0,0
2011-03-31,19,948612,12297,0,,269,147,12786.92,11046.5,9306.09,1676.5,21.45,145,23.95,1,31.98,1,31.99,102,94.05,25,,,,,,,,,,,0,0
2011-03-31,20,948612,12297,0,,269,147,12786.92,11046.5,9306.09,1676.5,21.45,145,23.95,1,31.98,1,31.99,102,94.05,25,,,,,,,,,,,0,0
2011-03-31,21,948612,12297,0,,270,147,12786.92,11046.5,9306.09,1676.5,21.45,145,23.95,1,31.98,1,31.99,102,94.05,25,,,,,,,,,,,0,0
2011-03-31,22,948612,12297,0,,271,147,12786.92,11046.5,9306.09,1676.5,21.45,145,23.95,1,31.98,1,31.99,102,94.05,25,,,,,,,,,,,0,0
2011-03-31,23,948612,12297,0,,271,146,12786.92,11046.5,9306.09,1676.5,21.45,145,23.95,1,31.98,1,31.99,102,94.05,25,,,,,,,,,,,0,0
2011-03-31,24,948612,12297,0,,272,146,12786.92,11046.5,9306.09,1676.5,21.45,145,23.95,1,31.98,1,31.99,102,94.05,25,,,,,,,,,,,0,0
2011-03-31,1,948612,20846,0,,265,210,20349.28,16350.29,12351.31,56.13,48.03,204,48.04,51,104.49,12,,,,,,,,,,,,,,,0,0
2011-03-31,2,948612,20846,0,,264,210,20349.28,16350.29,12351.31,56.13,48.03,204,48.04,51,104.49,12,,,,,,,,,,,,,,,0,0
2011-03-31,3,948612,20846,0,,266,211,20349.28,16350.29,12351.31,56.13,48.03,204,48.04,51,104.49,12,,,,,,,,,,,,,,,0,0
2011-03-31,4,948612,20846,0,,267,212,20349.28,16350.29,12351.31,56.13,48.03,204,48.04,51,104.49,12,,,,,,,,,,,,,,,0,0
2011-03-31,5,948612,20846,0,,267,212,20349.28,16350.29,12351.31,56.13,48.03,204,48.04,51,104.49,12,,,,,,,,,,,,,,,0,0
2011-03-31,6,948612,20846,0,,267,212,20349.28,16350.29,12351.31,56.13,48.03,204,48.04,51,104.49,12,,,,,,,,,,,,,,,0,0
2011-03-31,7,948612,20846,0,,266,211,20349.28,16350.29,12351.31,56.13,48.03,204,48.04,51,104.49,12,,,,,,,,,,,,,,,0,0
2011-03-31,8,948612,20846,0,,266,211,20349.28,16350.29,12351.31,56.13,48.03,204,48.04,51,104.49,12,,,,,,,,,,,,,,,0,0
2011-03-31,9,948612,20846,0,,266,211,20349.28,16350.29,12351.31,56.13,48.03,204,48.04,51,104.49,12,,,,,,,,,,,,,,,0,0
2011-03-31,10,948612,20846,0,,265,210,20349.28,16350.29,12351.31,56.13,48.03,204,48.04,51,104.49,12,,,,,,,,,,,,,,,0,0
2011-03-31,11,948612,20846,0,,264,210,20349.28,16350.29,12351.31,56.13,48.03,204,48.04,51,104.49,12,,,,,,,,,,,,,,,0,0
2011-03-31,12,948612,20846,0,,262,208,20349.28,16350.29,12351.31,56.13,48.03,204,48.04,51,104.49,12,,,,,,,,,,,,,,,0,0
2011-03-31,13,948612,20846,0,,260,206,20349.28,16350.29,12351.31,56.13,48.03,204,48.04,51,104.49,12,,,,,,,,,,,,,,,0,0
2011-03-31,14,948612,20846,0,,258,205,20349.28,16350.29,12351.31,56.13,48.03,204,48.04,51,104.49,12,,,,,,,,,,,,,,,0,0
2011-03-31,15,948612,20846,0,,257,204,20349.28,16350.29,12351.31,56.13,48.03,204,48.04,51,104.49,12,,,,,,,,,,,,,,,0,0
2011-03-31,16,948612,20846,0,,257,204,20349.28,16350.29,12351.31,56.13,48.03,204,48.04,51,104.49,12,,,,,,,,,,,,,,,0,0
2011-03-31,17,948612,20846,0,,257,204,20349.28,16350.29,12351.31,56.13,48.03,204,48.04,51,104.49,12,,,,,,,,,,,,,,,0,0
2011-03-31,18,948612,20846,0,,258,205,20349.28,16350.29,12351.31,56.13,48.03,204,48.04,51,104.49,12,,,,,,,,,,,,,,,0,0
2011-03-31,19,948612,20846,0,,258,205,20349.28,16350.29,12351.31,56.13,48.03,204,48.04,51,104.49,12,,,,,,,,,,,,,,,0,0
2011-03-31,20,948612,20846,0,,260,206,20349.28,16350.29,12351.31,56.13,48.03,204,48.04,51,104.49,12,,,,,,,,,,,,,,,0,0
2011-03-31,21,948612,20846,0,,261,207,20349.28,16350.29,12351.31,56.13,48.03,204,48.04,51,104.49,12,,,,,,,,,,,,,,,0,0
2011-03-31,22,948612,20846,0,,263,209,20349.28,16350.29,12351.31,56.13,48.03,204,48.04,51,104.49,12,,,,,,,,,,,,,,,0,0
2011-03-31,23,948612,20846,0,,263,209,20349.28,16350.29,12351.31,56.13,48.03,204,48.04,51,104.49,12,,,,,,,,,,,,,,,0,0
2011-03-31,24,948612,20846,0,,264,210,20349.28,16350.29,12351.31,56.13,48.03,204,48.04,51,104.49,12,,,,,,,,,,,,,,,0,0
2011-03-31,1,948612,24780,0,,279,145,12786.92,11046.5,9306.09,1676.5,21.4,145,23.9,1,31.93,1,31.94,105,89.05,29,,,,,,,,,,,0,0
2011-03-31,2,948612,24780,0,,279,145,12786.92,11046.5,9306.09,1676.5,21.4,145,23.9,1,31.93,1,31.94,105,89.05,29,,,,,,,,,,,0,0
2011-03-31,3,948612,24780,0,,280,145,12786.92,11046.5,9306.09,1676.5,21.4,145,23.9,1,31.93,1,31.94,105,89.05,29,,,,,,,,,,,0,0
2011-03-31,4,948612,24780,0,,280,145,12786.92,11046.5,9306.09,1676.5,21.4,145,23.9,1,31.93,1,31.94,105,89.05,29,,,,,,,,,,,0,0
2011-03-31,5,948612,24780,0,,280,145,12786.92,11046.5,9306.09,1676.5,21.4,145,23.9,1,31.93,1,31.94,105,89.05,29,,,,,,,,,,,0,0
2011-03-31,6,948612,24780,0,,280,145,12786.92,11046.5,9306.09,1676.5,21.4,145,23.9,1,31.93,1,31.94,105,89.05,29,,,,,,,,,,,0,0
2011-03-31,7,948612,24780,0,,281,147,12786.92,11046.5,9306.09,1676.5,21.4,145,23.9,1,31.93,1,31.94,105,89.05,29,,,,,,,,,,,0,0
2011-03-31,8,948612,24780,0,,281,147,12786.92,11046.5,9306.09,1676.5,21.4,145,23.9,1,31.93,1,31.94,105,89.05,29,,,,,,,,,,,0,0
2011-03-31,9,948612,24780,0,,280,147,12786.92,11046.5,9306.09,1676.5,21.4,145,23.9,1,31.93,1,31.94,105,89.05,29,,,,,,,,,,,0,0
2011-03-31,10,948612,24780,0,,279,147,12786.92,11046.5,9306.09,1676.5,21.4,145,23.9,1,31.93,1,31.94,105,89.05,29,,,,,,,,,,,0,0
2011-03-31,11,948612,24780,0,,277,147,12786.92,11046.5,9306.09,1676.5,21.4,145,23.9,1,31.93,1,31.94,105,89.05,29,,,,,,,,,,,0,0
2011-03-31,12,948612,24780,0,,276,147,12786.92,11046.5,9306.09,1676.5,21.4,145,23.9,1,31.93,1,31.94,105,89.05,29,,,,,,,,,,,0,0
2011-03-31,13,948612,24780,0,,275,147,12786.92,11046.5,9306.09,1676.5,21.4,145,23.9,1,31.93,1,31.94,105,89.05,29,,,,,,,,,,,0,0
2011-03-31,14,948612,24780,0,,274,147,12786.92,11046.5,9306.09,1676.5,21.4,145,23.9,1,31.93,1,31.94,105,89.05,29,,,,,,,,,,,0,0
2011-03-31,15,948612,24780,0,,274,147,12786.92,11046.5,9306.09,1676.5,21.4,145,23.9,1,31.93,1,31.94,105,89.05,29,,,,,,,,,,,0,0
2011-03-31,16,948612,24780,0,,274,147,12786.92,11046.5,9306.09,1676.5,21.4,145,23.9,1,31.93,1,31.94,105,89.05,29,,,,,,,,,,,0,0
2011-03-31,17,948612,24780,0,,273,147,12786.92,11046.5,9306.09,1676.5,21.4,145,23.9,1,31.93,1,31.94,105,89.05,29,,,,,,,,,,,0,0
2011-03-31,18,948612,24780,0,,274,147,12786.92,11046.5,9306.09,1676.5,21.4,145,23.9,1,31.93,1,31.94,105,89.05,29,,,,,,,,,,,0,0
2011-03-31,19,948612,24780,0,,275,147,12786.92,11046.5,9306.09,1676.5,21.4,145,23.9,1,31.93,1,31.94,105,89.05,29,,,,,,,,,,,0,0
2011-03-31,20,948612,24780,0,,275,147,12786.92,11046.5,9306.09,1676.5,21.4,145,23.9,1,31.93,1,31.94,105,89.05,29,,,,,,,,,,,0,0
2011-03-31,21,948612,24780,0,,277,147,12786.92,11046.5,9306.09,1676.5,21.4,145,23.9,1,31.93,1,31.94,105,89.05,29,,,,,,,,,,,0,0
2011-03-31,22,948612,24780,0,,278,147,12786.92,11046.5,9306.09,1676.5,21.4,145,23.9,1,31.93,1,31.94,105,89.05,29,,,,,,,,,,,0,0
2011-03-31,23,948612,24780,0,,278,146,12786.92,11046.5,9306.09,1676.5,21.4,145,23.9,1,31.93,1,31.94,105,89.05,29,,,,,,,,,,,0,0
2011-03-31,24,948612,24780,0,,278,146,12786.92,11046.5,9306.09,1676.5,21.4,145,23.9,1,31.93,1,31.94,105,89.05,29,,,,,,,,,,,0,0
2011-03-31,1,948612,79819,0,,169,119,12668.9,10431.23,8193.55,1080.98,22.75,119,25.45,1,34.06,1,34.07,45,104.49,4,,,,,,,,,,,0,0
2011-03-31,2,948612,79819,0,,169,119,12668.9,10431.23,8193.55,1080.98,22.75,119,25.45,1,34.06,1,34.07,45,104.49,4,,,,,,,,,,,0,0
2011-03-31,3,948612,79819,0,,169,119,12668.9,10431.23,8193.55,1080.98,22.75,119,25.45,1,34.06,1,34.07,45,104.49,4,,,,,,,,,,,0,0
2011-03-31,4,948612,79819,0,,170,119,12668.9,10431.23,8193.55,1080.98,22.75,119,25.45,1,34.06,1,34.07,45,104.49,4,,,,,,,,,,,0,0
2011-03-31,5,948612,79819,0,,170,119,12668.9,10431.23,8193.55,1080.98,22.75,119,25.45,1,34.06,1,34.07,45,104.49,4,,,,,,,,,,,0,0
2011-03-31,6,948612,79819,0,,170,119,12668.9,10431.23,8193.55,1080.98,22.75,119,25.45,1,34.06,1,34.07,45,104.49,4,,,,,,,,,,,0,0
2011-03-31,7,948612,79819,0,,170,121,12668.9,10431.23,8193.55,1080.98,22.75,119,25.45,1,34.06,1,34.07,45,104.49,4,,,,,,,,,,,0,0
2011-03-31,8,948612,79819,0,,170,121,12668.9,10431.23,8193.55,1080.98,22.75,119,25.45,1,34.06,1,34.07,45,104.49,4,,,,,,,,,,,0,0
2011-03-31,9,948612,79819,0,,169,121,12668.9,10431.23,8193.55,1080.98,22.75,119,25.45,1,34.06,1,34.07,45,104.49,4,,,,,,,,,,,0,0
2011-03-31,10,948612,79819,0,,168,121,12668.9,10431.23,8193.55,1080.98,22.75,119,25.45,1,34.06,1,34.07,45,104.49,4,,,,,,,,,,,0,0
2011-03-31,11,948612,79819,0,,167,121,12668.9,10431.23,8193.55,1080.98,22.75,119,25.45,1,34.06,1,34.07,45,104.49,4,,,,,,,,,,,0,0
2011-03-31,12,948612,79819,0,,166,121,12668.9,10431.23,8193.55,1080.98,22.75,119,25.45,1,34.06,1,34.07,45,104.49,4,,,,,,,,,,,0,0
2011-03-31,13,948612,79819,0,,166,121,12668.9,10431.23,8193.55,1080.98,22.75,119,25.45,1,34.06,1,34.07,45,104.49,4,,,,,,,,,,,0,0
2011-03-31,14,948612,79819,0,,166,121,12668.9,10431.23,8193.55,1080.98,22.75,119,25.45,1,34.06,1,34.07,45,104.49,4,,,,,,,,,,,0,0
2011-03-31,15,948612,79819,0,,166,121,12668.9,10431.23,8193.55,1080.98,22.75,119,25.45,1,34.06,1,34.07,45,104.49,4,,,,,,,,,,,0,0
2011-03-31,16,948612,79819,0,,166,121,12668.9,10431.23,8193.55,1080.98,22.75,119,25.45,1,34.06,1,34.07,45,104.49,4,,,,,,,,,,,0,0
2011-03-31,17,948612,79819,0,,166,121,12668.9,10431.23,8193.55,1080.98,22.75,119,25.45,1,34.06,1,34.07,45,104.49,4,,,,,,,,,,,0,0
2011-03-31,18,948612,79819,0,,166,121,12668.9,10431.23,8193.55,1080.98,22.75,119,25.45,1,34.06,1,34.07,45,104.49,4,,,,,,,,,,,0,0
2011-03-31,19,948612,79819,0,,166,121,12668.9,10431.23,8193.55,1080.98,22.75,119,25.45,1,34.06,1,34.07,45,104.49,4,,,,,,,,,,,0,0
2011-03-31,20,948612,79819,0,,167,121,12668.9,10431.23,8193.55,1080.98,22.75,119,25.45,1,34.06,1,34.07,45,104.49,4,,,,,,,,,,,0,0
2011-03-31,21,948612,79819,0,,168,121,12668.9,10431.23,8193.55,1080.98,22.75,119,25.45,1,34.06,1,34.07,45,104.49,4,,,,,,,,,,,0,0
2011-03-31,22,948612,79819,0,,168,121,12668.9,10431.23,8193.55,1080.98,22.75,119,25.45,1,34.06,1,34.07,45,104.49,4,,,,,,,,,,,0,0
2011-03-31,23,948612,79819,0,,168,120,12668.9,10431.23,8193.55,1080.98,22.75,119,25.45,1,34.06,1,34.07,45,104.49,4,,,,,,,,,,,0,0
2011-03-31,24,948612,79819,0,,169,120,12668.9,10431.23,8193.55,1080.98,22.75,119,25.45,1,34.06,1,34.07,45,104.49,4,,,,,,,,,,,0,0
2011-03-31,1,948612,88727,0,,275,145,12786.92,11046.5,9306.09,1676.5,21.35,145,23.85,1,31.88,1,31.89,103,79.05,28,,,,,,,,,,,0,0
2011-03-31,2,948612,88727,0,,276,145,12786.92,11046.5,9306.09,1676.5,21.35,145,23.85,1,31.88,1,31.89,103,79.05,28,,,,,,,,,,,0,0
2011-03-31,3,948612,88727,0,,276,145,12786.92,11046.5,9306.09,1676.5,21.35,145,23.85,1,31.88,1,31.89,103,79.05,28,,,,,,,,,,,0,0
2011-03-31,4,948612,88727,0,,277,145,12786.92,11046.5,9306.09,1676.5,21.35,145,23.85,1,31.88,1,31.89,103,79.05,28,,,,,,,,,,,0,0
2011-03-31,5,948612,88727,0,,277,145,12786.92,11046.5,9306.09,1676.5,21.35,145,23.85,1,31.88,1,31.89,103,79.05,28,,,,,,,,,,,0,0
2011-03-31,6,948612,88727,0,,277,145,12786.92,11046.5,9306.09,1676.5,21.35,145,23.85,1,31.88,1,31.89,103,79.05,28,,,,,,,,,,,0,0
2011-03-31,7,948612,88727,0,,278,147,12786.92,11046.5,9306.09,1676.5,21.35,145,23.85,1,31.88,1,31.89,103,79.05,28,,,,,,,,,,,0,0
2011-03-31,8,948612,88727,0,,278,147,12786.92,11046.5,9306.09,1676.5,21.35,145,23.85,1,31.88,1,31.89,103,79.05,28,,,,,,,,,,,0,0
2011-03-31,9,948612,88727,0,,277,147,12786.92,11046.5,9306.09,1676.5,21.35,145,23.85,1,31.88,1,31.89,103,79.05,28,,,,,,,,,,,0,0
2011-03-31,10,948612,88727,0,,275,147,12786.92,11046.5,9306.09,1676.5,21.35,145,23.85,1,31.88,1,31.89,103,79.05,28,,,,,,,,,,,0,0
2011-03-31,11,948612,88727,0,,274,147,12786.92,11046.5,9306.09,1676.5,21.35,145,23.85,1,31.88,1,31.89,103,79.05,28,,,,,,,,,,,0,0
2011-03-31,12,948612,88727,0,,272,147,12786.92,11046.5,9306.09,1676.5,21.35,145,23.85,1,31.88,1,31.89,103,79.05,28,,,,,,,,,,,0,0
2011-03-31,13,948612,88727,0,,271,147,12786.92,11046.5,9306.09,1676.5,21.35,145,23.85,1,31.88,1,31.89,103,79.05,28,,,,,,,,,,,0,0
2011-03-31,14,948612,88727,0,,271,147,12786.92,11046.5,9306.09,1676.5,21.35,145,23.85,1,31.88,1,31.89,103,79.05,28,,,,,,,,,,,0,0
2011-03-31,15,948612,88727,0,,270,147,12786.92,11046.5,9306.09,1676.5,21.35,145,23.85,1,31.88,1,31.89,103,79.05,28,,,,,,,,,,,0,0
2011-03-31,16,948612,88727,0,,270,147,12786.92,11046.5,9306.09,1676.5,21.35,145,23.85,1,31.88,1,31.89,103,79.05,28,,,,,,,,,,,0,0
2011-03-31,17,948612,88727,0,,270,147,12786.92,11046.5,9306.09,1676.5,21.35,145,23.85,1,31.88,1,31.89,103,79.05,28,,,,,,,,,,,0,0
2011-03-31,18,948612,88727,0,,270,147,12786.92,11046.5,9306.09,1676.5,21.35,145,23.85,1,31.88,1,31.89,103,79.05,28,,,,,,,,,,,0,0
2011-03-31,19,948612,88727,0,,271,147,12786.92,11046.5,9306.09,1676.5,21.35,145,23.85,1,31.88,1,31.89,103,79.05,28,,,,,,,,,,,0,0
2011-03-31,20,948612,88727,0,,272,147,12786.92,11046.5,9306.09,1676.5,21.35,145,23.85,1,31.88,1,31.89,103,79.05,28,,,,,,,,,,,0,0
2011-03-31,21,948612,88727,0,,273,147,12786.92,11046.5,9306.09,1676.5,21.35,145,23.85,1,31.88,1,31.89,103,79.05,28,,,,,,,,,,,0,0
2011-03-31,22,948612,88727,0,,274,147,12786.92,11046.5,9306.09,1676.5,21.35,145,23.85,1,31.88,1,31.89,103,79.05,28,,,,,,,,,,,0,0
2011-03-31,23,948612,88727,0,,275,146,12786.92,11046.5,9306.09,1676.5,21.35,145,23.85,1,31.88,1,31.89,103,79.05,28,,,,,,,,,,,0,0
2011-03-31,24,948612,88727,0,,275,146,12786.92,11046.5,9306.09,1676.5,21.35,145,23.85,1,31.88,1,31.89,103,79.05,28,,,,,,,,,,,0,0
2011-03-31,1,950922,71155,0,,0,0,18000,12000,2000,0,0,21,,,,,,,,,,,,,,,,,,,0,0
2011-03-31,2,950922,71155,0,,0,0,18000,12000,2000,0,0,21,,,,,,,,,,,,,,,,,,,0,0
2011-03-31,3,950922,71155,0,,0,0,18000,12000,2000,0,0,21,,,,,,,,,,,,,,,,,,,0,0
2011-03-31,4,950922,71155,0,,0,0,18000,12000,2000,0,0,21,,,,,,,,,,,,,,,,,,,0,0
2011-03-31,5,950922,71155,0,,0,0,18000,12000,2000,0,0,21,,,,,,,,,,,,,,,,,,,0,0
2011-03-31,6,950922,71155,0,,0,0,18000,12000,2000,0,0,21,,,,,,,,,,,,,,,,,,,0,0
2011-03-31,7,950922,71155,0,,0,0,18000,12000,2000,0,0,21,,,,,,,,,,,,,,,,,,,0,0
2011-03-31,8,950922,71155,0,,0,0,18000,12000,2000,0,0,21,,,,,,,,,,,,,,,,,,,0,0
2011-03-31,9,950922,71155,0,,0,0,18000,12000,2000,0,0,21,,,,,,,,,,,,,,,,,,,0,0
2011-03-31,10,950922,71155,0,,0,0,18000,12000,2000,0,0,21,,,,,,,,,,,,,,,,,,,0,0
2011-03-31,11,950922,71155,0,,0,0,18000,12000,2000,0,0,21,,,,,,,,,,,,,,,,,,,0,0
2011-03-31,12,950922,71155,0,,0,0,18000,12000,2000,0,0,21,,,,,,,,,,,,,,,,,,,0,0
2011-03-31,13,950922,71155,0,,0,0,18000,12000,2000,0,0,21,,,,,,,,,,,,,,,,,,,0,0
2011-03-31,14,950922,71155,0,,0,0,18000,12000,2000,0,0,21,,,,,,,,,,,,,,,,,,,0,0
2011-03-31,15,950922,71155,0,,0,0,18000,12000,2000,0,0,21,,,,,,,,,,,,,,,,,,,0,0
2011-03-31,16,950922,71155,0,,0,0,18000,12000,2000,0,0,21,,,,,,,,,,,,,,,,,,,0,0
2011-03-31,17,950922,71155,0,,0,0,18000,12000,2000,0,0,21,,,,,,,,,,,,,,,,,,,0,0
2011-03-31,18,950922,71155,0,,0,0,18000,12000,2000,0,0,21,,,,,,,,,,,,,,,,,,,0,0
2011-03-31,19,950922,71155,0,,0,0,18000,12000,2000,0,0,21,,,,,,,,,,,,,,,,,,,0,0
2011-03-31,20,950922,71155,0,,0,0,18000,12000,2000,0,0,21,,,,,,,,,,,,,,,,,,,0,0
2011-03-31,21,950922,71155,0,,0,0,18000,12000,2000,0,0,21,,,,,,,,,,,,,,,,,,,0,0
2011-03-31,22,950922,71155,0,,0,0,18000,12000,2000,0,0,21,,,,,,,,,,,,,,,,,,,0,0
2011-03-31,23,950922,71155,0,,0,0,18000,12000,2000,0,0,21,,,,,,,,,,,,,,,,,,,0,0
2011-03-31,24,950922,71155,0,,0,0,18000,12000,2000,0,0,21,,,,,,,,,,,,,,,,,,,0,0
2011-03-31,1,953967,57986,0,2354.4,98.1,98.1,0,0,0,1769.78,81.14,98.1,,,,,,,,,,,,,,,,,,,0,98.1
2011-03-31,2,953967,57986,0,2354.4,98.1,98.1,0,0,0,1769.78,81.14,98.1,,,,,,,,,,,,,,,,,,,0,98.1
2011-03-31,3,953967,57986,0,2354.4,98.1,98.1,0,0,0,1769.78,81.14,98.1,,,,,,,,,,,,,,,,,,,0,98.1
2011-03-31,4,953967,57986,0,2354.4,98.1,98.1,0,0,0,1769.78,81.14,98.1,,,,,,,,,,,,,,,,,,,0,98.1
2011-03-31,5,953967,57986,0,2354.4,98.1,98.1,0,0,0,1769.78,81.14,98.1,,,,,,,,,,,,,,,,,,,0,98.1
2011-03-31,6,953967,57986,0,2354.4,98.1,98.1,0,0,0,1769.78,81.14,98.1,,,,,,,,,,,,,,,,,,,0,98.1
2011-03-31,7,953967,57986,0,2354.4,98.1,98.1,0,0,0,1769.78,81.14,98.1,,,,,,,,,,,,,,,,,,,0,98.1
2011-03-31,8,953967,57986,0,2354.4,98.1,98.1,0,0,0,1769.78,81.14,98.1,,,,,,,,,,,,,,,,,,,0,98.1
2011-03-31,9,953967,57986,0,2354.4,98.1,98.1,0,0,0,1769.78,81.14,98.1,,,,,,,,,,,,,,,,,,,0,98.1
2011-03-31,10,953967,57986,0,2354.4,98.1,98.1,0,0,0,1769.78,81.14,98.1,,,,,,,,,,,,,,,,,,,0,98.1
2011-03-31,11,953967,57986,0,2354.4,98.1,98.1,0,0,0,1769.78,81.14,98.1,,,,,,,,,,,,,,,,,,,0,98.1
2011-03-31,12,953967,57986,0,2354.4,98.1,98.1,0,0,0,1769.78,81.14,98.1,,,,,,,,,,,,,,,,,,,0,98.1
2011-03-31,13,953967,57986,0,2354.4,98.1,98.1,0,0,0,1769.78,81.14,98.1,,,,,,,,,,,,,,,,,,,0,98.1
2011-03-31,14,953967,57986,0,2354.4,98.1,98.1,0,0,0,1769.78,81.14,98.1,,,,,,,,,,,,,,,,,,,0,98.1
2011-03-31,15,953967,57986,0,2354.4,98.1,98.1,0,0,0,1769.78,81.14,98.1,,,,,,,,,,,,,,,,,,,0,98.1
2011-03-31,16,953967,57986,0,2354.4,98.1,98.1,0,0,0,1769.78,81.14,98.1,,,,,,,,,,,,,,,,,,,0,98.1
2011-03-31,17,953967,57986,0,2354.4,98.1,98.1,0,0,0,1769.78,81.14,98.1,,,,,,,,,,,,,,,,,,,0,98.1
2011-03-31,18,953967,57986,0,2354.4,98.1,98.1,0,0,0,1769.78,81.14,98.1,,,,,,,,,,,,,,,,,,,0,98.1
2011-03-31,19,953967,57986,0,2354.4,98.1,98.1,0,0,0,1769.78,81.14,98.1,,,,,,,,,,,,,,,,,,,0,98.1
2011-03-31,20,953967,57986,0,2354.4,98.1,98.1,0,0,0,1769.78,81.14,98.1,,,,,,,,,,,,,,,,,,,0,98.1
2011-03-31,21,953967,57986,0,2354.4,98.1,98.1,0,0,0,1769.78,81.14,98.1,,,,,,,,,,,,,,,,,,,0,98.1
2011-03-31,22,953967,57986,0,2354.4,98.1,98.1,0,0,0,1769.78,81.14,98.1,,,,,,,,,,,,,,,,,,,0,98.1
2011-03-31,23,953967,57986,0,2354.4,98.1,98.1,0,0,0,1769.78,81.14,98.1,,,,,,,,,,,,,,,,,,,0,98.1
2011-03-31,24,953967,57986,0,2354.4,98.1,98.1,0,0,0,1769.78,81.14,98.1,,,,,,,,,,,,,,,,,,,0,98.1
2011-03-31,1,955355,21464,0,,5,5,350,350,350,55,280.74,5,,,,,,,,,,,,,,,,,,,0,0
2011-03-31,2,955355,21464,0,,5,5,350,350,350,55,280.74,5,,,,,,,,,,,,,,,,,,,0,0
2011-03-31,3,955355,21464,0,,5,5,350,350,350,55,280.74,5,,,,,,,,,,,,,,,,,,,0,0
2011-03-31,4,955355,21464,0,,5,5,350,350,350,55,280.74,5,,,,,,,,,,,,,,,,,,,0,0
2011-03-31,5,955355,21464,0,,5,5,350,350,350,55,280.74,5,,,,,,,,,,,,,,,,,,,0,0
2011-03-31,6,955355,21464,0,,5,5,350,350,350,55,280.74,5,,,,,,,,,,,,,,,,,,,0,0
2011-03-31,7,955355,21464,0,,5,5,350,350,350,55,280.74,5,,,,,,,,,,,,,,,,,,,0,0
2011-03-31,8,955355,21464,0,,5,5,350,350,350,55,280.74,5,,,,,,,,,,,,,,,,,,,0,0
2011-03-31,9,955355,21464,0,,5,5,350,350,350,55,280.74,5,,,,,,,,,,,,,,,,,,,0,0
2011-03-31,10,955355,21464,0,,5,5,350,350,350,55,280.74,5,,,,,,,,,,,,,,,,,,,0,0
2011-03-31,11,955355,21464,0,,5,5,350,350,350,55,280.74,5,,,,,,,,,,,,,,,,,,,0,0
2011-03-31,12,955355,21464,0,,5,5,350,350,350,55,280.74,5,,,,,,,,,,,,,,,,,,,0,0
2011-03-31,13,955355,21464,0,,5,5,350,350,350,55,280.74,5,,,,,,,,,,,,,,,,,,,0,0
2011-03-31,14,955355,21464,0,,5,5,350,350,350,55,280.74,5,,,,,,,,,,,,,,,,,,,0,0
2011-03-31,15,955355,21464,0,,5,5,350,350,350,55,280.74,5,,,,,,,,,,,,,,,,,,,0,0
2011-03-31,16,955355,21464,0,,5,5,350,350,350,55,280.74,5,,,,,,,,,,,,,,,,,,,0,0
2011-03-31,17,955355,21464,0,,5,5,350,350,350,55,280.74,5,,,,,,,,,,,,,,,,,,,0,0
2011-03-31,18,955355,21464,0,,5,5,350,350,350,55,280.74,5,,,,,,,,,,,,,,,,,,,0,0
2011-03-31,19,955355,21464,0,,5,5,350,350,350,55,280.74,5,,,,,,,,,,,,,,,,,,,0,0
2011-03-31,20,955355,21464,0,,5,5,350,350,350,55,280.74,5,,,,,,,,,,,,,,,,,,,0,0
2011-03-31,21,955355,21464,0,,5,5,350,350,350,55,280.74,5,,,,,,,,,,,,,,,,,,,0,0
2011-03-31,22,955355,21464,0,,5,5,350,350,350,55,280.74,5,,,,,,,,,,,,,,,,,,,0,0
2011-03-31,23,955355,21464,0,,5,5,350,350,350,55,280.74,5,,,,,,,,,,,,,,,,,,,0,0
2011-03-31,24,955355,21464,0,,5,5,350,350,350,55,280.74,5,,,,,,,,,,,,,,,,,,,0,0
2011-03-31,1,985313,39016,0,,9,6,1000,1000,1000,1000,379.29,9,,,,,,,,,,,,,,,,,,,0,0
2011-03-31,2,985313,39016,0,,9,6,1000,1000,1000,1000,379.29,9,,,,,,,,,,,,,,,,,,,0,0
2011-03-31,3,985313,39016,0,,9,6,1000,1000,1000,1000,379.29,9,,,,,,,,,,,,,,,,,,,0,0
2011-03-31,4,985313,39016,0,,9,6,1000,1000,1000,1000,379.29,9,,,,,,,,,,,,,,,,,,,0,0
2011-03-31,5,985313,39016,0,,9,6,1000,1000,1000,1000,379.29,9,,,,,,,,,,,,,,,,,,,0,0
2011-03-31,6,985313,39016,0,,9,6,1000,1000,1000,1000,379.29,9,,,,,,,,,,,,,,,,,,,0,0
2011-03-31,7,985313,39016,0,,9,6,1000,1000,1000,1000,379.29,9,,,,,,,,,,,,,,,,,,,0,0
2011-03-31,8,985313,39016,0,,9,6,1000,1000,1000,1000,379.29,9,,,,,,,,,,,,,,,,,,,0,0
2011-03-31,9,985313,39016,0,,9,6,1000,1000,1000,1000,379.29,9,,,,,,,,,,,,,,,,,,,0,0
2011-03-31,10,985313,39016,0,,9,6,1000,1000,1000,1000,379.29,9,,,,,,,,,,,,,,,,,,,0,0
2011-03-31,11,985313,39016,0,,9,6,1000,1000,1000,1000,379.29,9,,,,,,,,,,,,,,,,,,,0,0
2011-03-31,12,985313,39016,0,,9,6,1000,1000,1000,1000,379.29,9,,,,,,,,,,,,,,,,,,,0,0
2011-03-31,13,985313,39016,0,,9,6,1000,1000,1000,1000,379.29,9,,,,,,,,,,,,,,,,,,,0,0
2011-03-31,14,985313,39016,0,,9,6,1000,1000,1000,1000,379.29,9,,,,,,,,,,,,,,,,,,,0,0
2011-03-31,15,985313,39016,0,,9,6,1000,1000,1000,1000,379.29,9,,,,,,,,,,,,,,,,,,,0,0
2011-03-31,16,985313,39016,0,,9,6,1000,1000,1000,1000,379.29,9,,,,,,,,,,,,,,,,,,,0,0
2011-03-31,17,985313,39016,0,,9,6,1000,1000,1000,1000,379.29,9,,,,,,,,,,,,,,,,,,,0,0
2011-03-31,18,985313,39016,0,,9,6,1000,1000,1000,1000,379.29,9,,,,,,,,,,,,,,,,,,,0,0
2011-03-31,19,985313,39016,0,,9,6,1000,1000,1000,1000,379.29,9,,,,,,,,,,,,,,,,,,,0,0
2011-03-31,20,985313,39016,0,,9,6,1000,1000,1000,1000,379.29,9,,,,,,,,,,,,,,,,,,,0,0
2011-03-31,21,985313,39016,0,,9,6,1000,1000,1000,1000,379.29,9,,,,,,,,,,,,,,,,,,,0,0
2011-03-31,22,985313,39016,0,,9,6,1000,1000,1000,1000,379.29,9,,,,,,,,,,,,,,,,,,,0,0
2011-03-31,23,985313,39016,0,,9,6,1000,1000,1000,1000,379.29,9,,,,,,,,,,,,,,,,,,,0,0
2011-03-31,24,985313,39016,0,,9,6,1000,1000,1000,1000,379.29,9,,,,,,,,,,,,,,,,,,,0,0
2011-03-31,1,985313,86305,0,,9,6,1000,1000,1000,1000,361.38,9,,,,,,,,,,,,,,,,,,,0,0
2011-03-31,2,985313,86305,0,,9,6,1000,1000,1000,1000,361.38,9,,,,,,,,,,,,,,,,,,,0,0
2011-03-31,3,985313,86305,0,,9,6,1000,1000,1000,1000,361.38,9,,,,,,,,,,,,,,,,,,,0,0
2011-03-31,4,985313,86305,0,,9,6,1000,1000,1000,1000,361.38,9,,,,,,,,,,,,,,,,,,,0,0
2011-03-31,5,985313,86305,0,,9,6,1000,1000,1000,1000,361.38,9,,,,,,,,,,,,,,,,,,,0,0
2011-03-31,6,985313,86305,0,,9,6,1000,1000,1000,1000,361.38,9,,,,,,,,,,,,,,,,,,,0,0
2011-03-31,7,985313,86305,0,,9,6,1000,1000,1000,1000,361.38,9,,,,,,,,,,,,,,,,,,,0,0
2011-03-31,8,985313,86305,0,,9,6,1000,1000,1000,1000,361.38,9,,,,,,,,,,,,,,,,,,,0,0
2011-03-31,9,985313,86305,0,,9,6,1000,1000,1000,1000,361.38,9,,,,,,,,,,,,,,,,,,,0,0
2011-03-31,10,985313,86305,0,,9,6,1000,1000,1000,1000,361.38,9,,,,,,,,,,,,,,,,,,,0,0
2011-03-31,11,985313,86305,0,,9,6,1000,1000,1000,1000,361.38,9,,,,,,,,,,,,,,,,,,,0,0
2011-03-31,12,985313,86305,0,,9,6,1000,1000,1000,1000,361.38,9,,,,,,,,,,,,,,,,,,,0,0
2011-03-31,13,985313,86305,0,,9,6,1000,1000,1000,1000,361.38,9,,,,,,,,,,,,,,,,,,,0,0
2011-03-31,14,985313,86305,0,,9,6,1000,1000,1000,1000,361.38,9,,,,,,,,,,,,,,,,,,,0,0
2011-03-31,15,985313,86305,0,,9,6,1000,1000,1000,1000,361.38,9,,,,,,,,,,,,,,,,,,,0,0
2011-03-31,16,985313,86305,0,,9,6,1000,1000,1000,1000,361.38,9,,,,,,,,,,,,,,,,,,,0,0
2011-03-31,17,985313,86305,0,,9,6,1000,1000,1000,1000,361.38,9,,,,,,,,,,,,,,,,,,,0,0
2011-03-31,18,985313,86305,0,,9,6,1000,1000,1000,1000,361.38,9,,,,,,,,,,,,,,,,,,,0,0
2011-03-31,19,985313,86305,0,,9,6,1000,1000,1000,1000,361.38,9,,,,,,,,,,,,,,,,,,,0,0
2011-03-31,20,985313,86305,0,,9,6,1000,1000,1000,1000,361.38,9,,,,,,,,,,,,,,,,,,,0,0
2011-03-31,21,985313,86305,0,,9,6,1000,1000,1000,1000,361.38,9,,,,,,,,,,,,,,,,,,,0,0
2011-03-31,22,985313,86305,0,,9,6,1000,1000,1000,1000,361.38,9,,,,,,,,,,,,,,,,,,,0,0
2011-03-31,23,985313,86305,0,,9,6,1000,1000,1000,1000,361.38,9,,,,,,,,,,,,,,,,,,,0,0
2011-03-31,24,985313,86305,0,,9,6,1000,1000,1000,1000,361.38,9,,,,,,,,,,,,,,,,,,,0,0
2011-03-31,1,985313,90307,0,,16,5,0,0,0,0,250,3,350,7,1000,21.5,,,,,,,,,,,,,,,32,32
2011-03-31,2,985313,90307,0,,16,5,0,0,0,0,250,3,350,7,1000,21.5,,,,,,,,,,,,,,,32,32
2011-03-31,3,985313,90307,0,,16,5,0,0,0,0,250,3,350,7,1000,21.5,,,,,,,,,,,,,,,32,32
2011-03-31,4,985313,90307,0,,16,5,0,0,0,0,250,3,350,7,1000,21.5,,,,,,,,,,,,,,,32,32
2011-03-31,5,985313,90307,0,,16,5,0,0,0,0,250,3,350,7,1000,21.5,,,,,,,,,,,,,,,32,32
2011-03-31,6,985313,90307,0,,16,5,0,0,0,0,250,3,350,7,1000,21.5,,,,,,,,,,,,,,,32,32
2011-03-31,7,985313,90307,0,,16,5,0,0,0,0,250,3,350,7,1000,21.5,,,,,,,,,,,,,,,32,32
2011-03-31,8,985313,90307,0,,16,5,0,0,0,0,250,3,350,7,1000,21.5,,,,,,,,,,,,,,,32,32
2011-03-31,9,985313,90307,0,,16,5,0,0,0,0,250,3,350,7,1000,21.5,,,,,,,,,,,,,,,32,32
2011-03-31,10,985313,90307,0,,16,5,0,0,0,0,250,3,350,7,1000,21.5,,,,,,,,,,,,,,,32,32
2011-03-31,11,985313,90307,0,,16,5,0,0,0,0,250,3,350,7,1000,21.5,,,,,,,,,,,,,,,32,32
2011-03-31,12,985313,90307,0,,16,5,0,0,0,0,250,3,350,7,1000,21.5,,,,,,,,,,,,,,,32,32
2011-03-31,13,985313,90307,0,,16,5,0,0,0,0,250,3,350,7,1000,21.5,,,,,,,,,,,,,,,32,32
2011-03-31,14,985313,90307,0,,16,5,0,0,0,0,250,3,350,7,1000,21.5,,,,,,,,,,,,,,,32,32
2011-03-31,15,985313,90307,0,,16,5,0,0,0,0,250,3,350,7,1000,21.5,,,,,,,,,,,,,,,32,32
2011-03-31,16,985313,90307,0,,16,5,0,0,0,0,250,3,350,7,1000,21.5,,,,,,,,,,,,,,,32,32
2011-03-31,17,985313,90307,0,,16,5,0,0,0,0,250,3,350,7,1000,21.5,,,,,,,,,,,,,,,32,32
2011-03-31,18,985313,90307,0,,16,5,0,0,0,0,250,3,350,7,1000,21.5,,,,,,,,,,,,,,,32,32
2011-03-31,19,985313,90307,0,,16,5,0,0,0,0,250,3,350,7,1000,21.5,,,,,,,,,,,,,,,32,32
2011-03-31,20,985313,90307,0,,16,5,0,0,0,0,250,3,350,7,1000,21.5,,,,,,,,,,,,,,,32,32
2011-03-31,21,985313,90307,0,,16,5,0,0,0,0,250,3,350,7,1000,21.5,,,,,,,,,,,,,,,32,32
2011-03-31,22,985313,90307,0,,16,5,0,0,0,0,250,3,350,7,1000,21.5,,,,,,,,,,,,,,,32,32
2011-03-31,23,985313,90307,0,,16,5,0,0,0,0,250,3,350,7,1000,21.5,,,,,,,,,,,,,,,32,32
2011-03-31,24,985313,90307,0,,16,5,0,0,0,0,250,3,350,7,1000,21.5,,,,,,,,,,,,,,,32,32
2011-03-31,1,985313,99582,0,768,32,3,0,0,0,0,280,13,330,13,380,6,,,,,,,,,,,,,,,33,33
2011-03-31,2,985313,99582,0,768,32,3,0,0,0,0,280,13,330,13,380,6,,,,,,,,,,,,,,,33,33
2011-03-31,3,985313,99582,0,768,32,3,0,0,0,0,280,13,330,13,380,6,,,,,,,,,,,,,,,33,33
2011-03-31,4,985313,99582,0,768,32,3,0,0,0,0,280,13,330,13,380,6,,,,,,,,,,,,,,,33,33
2011-03-31,5,985313,99582,0,768,32,3,0,0,0,0,280,13,330,13,380,6,,,,,,,,,,,,,,,33,33
2011-03-31,6,985313,99582,0,768,32,3,0,0,0,0,280,13,330,13,380,6,,,,,,,,,,,,,,,33,33
2011-03-31,7,985313,99582,0,768,32,3,0,0,0,0,280,13,330,13,380,6,,,,,,,,,,,,,,,33,33
2011-03-31,8,985313,99582,0,768,32,3,0,0,0,0,280,13,330,13,380,6,,,,,,,,,,,,,,,33,33
2011-03-31,9,985313,99582,0,768,32,3,0,0,0,0,280,13,330,13,380,6,,,,,,,,,,,,,,,33,33
2011-03-31,10,985313,99582,0,768,32,3,0,0,0,0,280,13,330,13,380,6,,,,,,,,,,,,,,,33,33
2011-03-31,11,985313,99582,0,768,32,3,0,0,0,0,280,13,330,13,380,6,,,,,,,,,,,,,,,33,33
2011-03-31,12,985313,99582,0,768,32,3,0,0,0,0,280,13,330,13,380,6,,,,,,,,,,,,,,,33,33
2011-03-31,13,985313,99582,0,768,32,3,0,0,0,0,280,13,330,13,380,6,,,,,,,,,,,,,,,33,33
2011-03-31,14,985313,99582,0,768,32,3,0,0,0,0,280,13,330,13,380,6,,,,,,,,,,,,,,,33,33
2011-03-31,15,985313,99582,0,768,32,3,0,0,0,0,280,13,330,13,380,6,,,,,,,,,,,,,,,33,33
2011-03-31,16,985313,99582,0,768,32,3,0,0,0,0,280,13,330,13,380,6,,,,,,,,,,,,,,,33,33
2011-03-31,17,985313,99582,0,768,32,3,0,0,0,0,280,13,330,13,380,6,,,,,,,,,,,,,,,33,33
2011-03-31,18,985313,99582,0,768,32,3,0,0,0,0,280,13,330,13,380,6,,,,,,,,,,,,,,,33,33
2011-03-31,19,985313,99582,0,768,32,3,0,0,0,0,280,13,330,13,380,6,,,,,,,,,,,,,,,33,33
2011-03-31,20,985313,99582,0,768,32,3,0,0,0,0,280,13,330,13,380,6,,,,,,,,,,,,,,,33,33
2011-03-31,21,985313,99582,0,768,32,3,0,0,0,0,280,13,330,13,380,6,,,,,,,,,,,,,,,33,33
2011-03-31,22,985313,99582,0,768,32,3,0,0,0,0,280,13,330,13,380,6,,,,,,,,,,,,,,,33,33
2011-03-31,23,985313,99582,0,768,32,3,0,0,0,0,280,13,330,13,380,6,,,,,,,,,,,,,,,33,33
2011-03-31,24,985313,99582,0,768,32,3,0,0,0,0,280,13,330,13,380,6,,,,,,,,,,,,,,,33,33
2011-03-31,1,986306,52988,40,,40,40,0,0,0,0,,,,,,,,,,,,,,,,,,,,,0,0
2011-03-31,2,986306,52988,40,,40,40,0,0,0,0,,,,,,,,,,,,,,,,,,,,,0,0
2011-03-31,3,986306,52988,40,,40,40,0,0,0,0,,,,,,,,,,,,,,,,,,,,,0,0
2011-03-31,4,986306,52988,40,,40,40,0,0,0,0,,,,,,,,,,,,,,,,,,,,,0,0
2011-03-31,5,986306,52988,40,,40,40,0,0,0,0,,,,,,,,,,,,,,,,,,,,,0,0
2011-03-31,6,986306,52988,40,,40,40,0,0,0,0,,,,,,,,,,,,,,,,,,,,,0,0
2011-03-31,7,986306,52988,40,,40,40,0,0,0,0,,,,,,,,,,,,,,,,,,,,,0,0
2011-03-31,8,986306,52988,40,,40,40,0,0,0,0,,,,,,,,,,,,,,,,,,,,,0,0
2011-03-31,9,986306,52988,40,,40,40,0,0,0,0,,,,,,,,,,,,,,,,,,,,,0,0
2011-03-31,10,986306,52988,40,,40,40,0,0,0,0,,,,,,,,,,,,,,,,,,,,,0,0
2011-03-31,11,986306,52988,40,,40,40,0,0,0,0,,,,,,,,,,,,,,,,,,,,,0,0
2011-03-31,12,986306,52988,40,,40,40,0,0,0,0,,,,,,,,,,,,,,,,,,,,,0,0
2011-03-31,13,986306,52988,40,,40,40,0,0,0,0,,,,,,,,,,,,,,,,,,,,,0,0
2011-03-31,14,986306,52988,40,,40,40,0,0,0,0,,,,,,,,,,,,,,,,,,,,,0,0
2011-03-31,15,986306,52988,40,,40,40,0,0,0,0,,,,,,,,,,,,,,,,,,,,,0,0
2011-03-31,16,986306,52988,40,,40,40,0,0,0,0,,,,,,,,,,,,,,,,,,,,,0,0
2011-03-31,17,986306,52988,40,,40,40,0,0,0,0,,,,,,,,,,,,,,,,,,,,,0,0
2011-03-31,18,986306,52988,40,,40,40,0,0,0,0,,,,,,,,,,,,,,,,,,,,,0,0
2011-03-31,19,986306,52988,40,,40,40,0,0,0,0,,,,,,,,,,,,,,,,,,,,,0,0
2011-03-31,20,986306,52988,40,,40,40,0,0,0,0,,,,,,,,,,,,,,,,,,,,,0,0
2011-03-31,21,986306,52988,40,,40,40,0,0,0,0,,,,,,,,,,,,,,,,,,,,,0,0
2011-03-31,22,986306,52988,40,,40,40,0,0,0,0,,,,,,,,,,,,,,,,,,,,,0,0
2011-03-31,23,986306,52988,40,,40,40,0,0,0,0,,,,,,,,,,,,,,,,,,,,,0,0
2011-03-31,24,986306,52988,40,,40,40,0,0,0,0,,,,,,,,,,,,,,,,,,,,,0,0
2011-03-31,1,986306,55290,6,,6,6,0,0,0,0,,,,,,,,,,,,,,,,,,,,,0,0
2011-03-31,2,986306,55290,6,,6,6,0,0,0,0,,,,,,,,,,,,,,,,,,,,,0,0
2011-03-31,3,986306,55290,6,,6,6,0,0,0,0,,,,,,,,,,,,,,,,,,,,,0,0
2011-03-31,4,986306,55290,6,,6,6,0,0,0,0,,,,,,,,,,,,,,,,,,,,,0,0
2011-03-31,5,986306,55290,6,,6,6,0,0,0,0,,,,,,,,,,,,,,,,,,,,,0,0
2011-03-31,6,986306,55290,6,,6,6,0,0,0,0,,,,,,,,,,,,,,,,,,,,,0,0
2011-03-31,7,986306,55290,3,,3,3,0,0,0,0,,,,,,,,,,,,,,,,,,,,,0,0
2011-03-31,8,986306,55290,3,,3,3,0,0,0,0,,,,,,,,,,,,,,,,,,,,,0,0
2011-03-31,9,986306,55290,3,,3,3,0,0,0,0,,,,,,,,,,,,,,,,,,,,,0,0
2011-03-31,10,986306,55290,3,,3,3,0,0,0,0,,,,,,,,,,,,,,,,,,,,,0,0
2011-03-31,11,986306,55290,3,,3,3,0,0,0,0,,,,,,,,,,,,,,,,,,,,,0,0
2011-03-31,12,986306,55290,3,,3,3,0,0,0,0,,,,,,,,,,,,,,,,,,,,,0,0
2011-03-31,13,986306,55290,3,,3,3,0,0,0,0,,,,,,,,,,,,,,,,,,,,,0,0
2011-03-31,14,986306,55290,3,,3,3,0,0,0,0,,,,,,,,,,,,,,,,,,,,,0,0
2011-03-31,15,986306,55290,3,,3,3,0,0,0,0,,,,,,,,,,,,,,,,,,,,,0,0
2011-03-31,16,986306,55290,6,,6,6,0,0,0,0,,,,,,,,,,,,,,,,,,,,,0,0
2011-03-31,17,986306,55290,6,,6,6,0,0,0,0,,,,,,,,,,,,,,,,,,,,,0,0
2011-03-31,18,986306,55290,6,,6,6,0,0,0,0,,,,,,,,,,,,,,,,,,,,,0,0
2011-03-31,19,986306,55290,6,,6,6,0,0,0,0,,,,,,,,,,,,,,,,,,,,,0,0
2011-03-31,20,986306,55290,6,,6,6,0,0,0,0,,,,,,,,,,,,,,,,,,,,,0,0
2011-03-31,21,986306,55290,6,,6,6,0,0,0,0,,,,,,,,,,,,,,,,,,,,,0,0
2011-03-31,22,986306,55290,6,,6,6,0,0,0,0,,,,,,,,,,,,,,,,,,,,,0,0
2011-03-31,23,986306,55290,6,,6,6,0,0,0,0,,,,,,,,,,,,,,,,,,,,,0,0
2011-03-31,24,986306,55290,6,,6,6,0,0,0,0,,,,,,,,,,,,,,,,,,,,,0,0
2011-03-31,1,986306,72448,32,,32,32,0,0,0,0,,,,,,,,,,,,,,,,,,,,,0,0
2011-03-31,2,986306,72448,32,,32,32,0,0,0,0,,,,,,,,,,,,,,,,,,,,,0,0
2011-03-31,3,986306,72448,32,,32,32,0,0,0,0,,,,,,,,,,,,,,,,,,,,,0,0
2011-03-31,4,986306,72448,32,,32,32,0,0,0,0,,,,,,,,,,,,,,,,,,,,,0,0
2011-03-31,5,986306,72448,32,,32,32,0,0,0,0,,,,,,,,,,,,,,,,,,,,,0,0
2011-03-31,6,986306,72448,32,,32,32,0,0,0,0,,,,,,,,,,,,,,,,,,,,,0,0
2011-03-31,7,986306,72448,32,,32,32,0,0,0,0,,,,,,,,,,,,,,,,,,,,,0,0
2011-03-31,8,986306,72448,32,,32,32,0,0,0,0,,,,,,,,,,,,,,,,,,,,,0,0
2011-03-31,9,986306,72448,32,,32,32,0,0,0,0,,,,,,,,,,,,,,,,,,,,,0,0
2011-03-31,10,986306,72448,32,,32,32,0,0,0,0,,,,,,,,,,,,,,,,,,,,,0,0
2011-03-31,11,986306,72448,32,,32,32,0,0,0,0,,,,,,,,,,,,,,,,,,,,,0,0
2011-03-31,12,986306,72448,32,,32,32,0,0,0,0,,,,,,,,,,,,,,,,,,,,,0,0
2011-03-31,13,986306,72448,32,,32,32,0,0,0,0,,,,,,,,,,,,,,,,,,,,,0,0
2011-03-31,14,986306,72448,32,,32,32,0,0,0,0,,,,,,,,,,,,,,,,,,,,,0,0
2011-03-31,15,986306,72448,32,,32,32,0,0,0,0,,,,,,,,,,,,,,,,,,,,,0,0
2011-03-31,16,986306,72448,32,,32,32,0,0,0,0,,,,,,,,,,,,,,,,,,,,,0,0
2011-03-31,17,986306,72448,32,,32,32,0,0,0,0,,,,,,,,,,,,,,,,,,,,,0,0
2011-03-31,18,986306,72448,32,,32,32,0,0,0,0,,,,,,,,,,,,,,,,,,,,,0,0
2011-03-31,19,986306,72448,32,,32,32,0,0,0,0,,,,,,,,,,,,,,,,,,,,,0,0
2011-03-31,20,986306,72448,32,,32,32,0,0,0,0,,,,,,,,,,,,,,,,,,,,,0,0
2011-03-31,21,986306,72448,32,,32,32,0,0,0,0,,,,,,,,,,,,,,,,,,,,,0,0
2011-03-31,22,986306,72448,32,,32,32,0,0,0,0,,,,,,,,,,,,,,,,,,,,,0,0
2011-03-31,23,986306,72448,32,,32,32,0,0,0,0,,,,,,,,,,,,,,,,,,,,,0,0
2011-03-31,24,986306,72448,32,,32,32,0,0,0,0,,,,,,,,,,,,,,,,,,,,,0,0
2011-03-31,1,986525,21445,0,,0,0,0,0,0,0,,,,,,,,,,,,,,,,,,,,,0,0
2011-03-31,2,986525,21445,0,,0,0,0,0,0,0,,,,,,,,,,,,,,,,,,,,,0,0
2011-03-31,3,986525,21445,0,,0,0,0,0,0,0,,,,,,,,,,,,,,,,,,,,,0,0
2011-03-31,4,986525,21445,0,,0,0,0,0,0,0,,,,,,,,,,,,,,,,,,,,,0,0
2011-03-31,5,986525,21445,0,,0,0,0,0,0,0,,,,,,,,,,,,,,,,,,,,,0,0
2011-03-31,6,986525,21445,0,,0,0,0,0,0,0,,,,,,,,,,,,,,,,,,,,,0,0
2011-03-31,7,986525,21445,0,,0,0,0,0,0,0,,,,,,,,,,,,,,,,,,,,,0,0
2011-03-31,8,986525,21445,0,,0,0,0,0,0,0,,,,,,,,,,,,,,,,,,,,,0,0
2011-03-31,9,986525,21445,0,,0,0,0,0,0,0,,,,,,,,,,,,,,,,,,,,,0,0
2011-03-31,10,986525,21445,0,,0,0,0,0,0,0,,,,,,,,,,,,,,,,,,,,,0,0
2011-03-31,11,986525,21445,0,,0,0,0,0,0,0,,,,,,,,,,,,,,,,,,,,,0,0
2011-03-31,12,986525,21445,0,,0,0,0,0,0,0,,,,,,,,,,,,,,,,,,,,,0,0
2011-03-31,13,986525,21445,0,,0,0,0,0,0,0,,,,,,,,,,,,,,,,,,,,,0,0
2011-03-31,14,986525,21445,0,,0,0,0,0,0,0,,,,,,,,,,,,,,,,,,,,,0,0
2011-03-31,15,986525,21445,0,,0,0,0,0,0,0,,,,,,,,,,,,,,,,,,,,,0,0
2011-03-31,16,986525,21445,0,,0,0,0,0,0,0,,,,,,,,,,,,,,,,,,,,,0,0
2011-03-31,17,986525,21445,0,,0,0,0,0,0,0,,,,,,,,,,,,,,,,,,,,,0,0
2011-03-31,18,986525,21445,0,,0,0,0,0,0,0,,,,,,,,,,,,,,,,,,,,,0,0
2011-03-31,19,986525,21445,0,,0,0,0,0,0,0,,,,,,,,,,,,,,,,,,,,,0,0
2011-03-31,20,986525,21445,0,,0,0,0,0,0,0,,,,,,,,,,,,,,,,,,,,,0,0
2011-03-31,21,986525,21445,0,,0,0,0,0,0,0,,,,,,,,,,,,,,,,,,,,,0,0
2011-03-31,22,986525,21445,0,,0,0,0,0,0,0,,,,,,,,,,,,,,,,,,,,,0,0
2011-03-31,23,986525,21445,0,,0,0,0,0,0,0,,,,,,,,,,,,,,,,,,,,,0,0
2011-03-31,24,986525,21445,0,,0,0,0,0,0,0,,,,,,,,,,,,,,,,,,,,,0,0
2011-03-31,1,986525,28899,0,,49.2,49.2,966.05,966.05,966.05,131.68,277.91,46.9,,,,,,,,,,,,,,,,,,,48.7,48.7
2011-03-31,2,986525,28899,0,,49.2,49.2,966.05,966.05,966.05,131.68,277.91,46.9,,,,,,,,,,,,,,,,,,,48.7,48.7
2011-03-31,3,986525,28899,0,,49.2,49.2,966.05,966.05,966.05,131.68,277.91,46.9,,,,,,,,,,,,,,,,,,,48.7,48.7
2011-03-31,4,986525,28899,0,,49.2,49.2,966.05,966.05,966.05,131.68,277.91,46.9,,,,,,,,,,,,,,,,,,,48.7,48.7
2011-03-31,5,986525,28899,0,,49.2,49.2,966.05,966.05,966.05,131.68,277.91,46.9,,,,,,,,,,,,,,,,,,,48.7,48.7
2011-03-31,6,986525,28899,0,,49.2,49.2,966.05,966.05,966.05,131.68,277.91,46.9,,,,,,,,,,,,,,,,,,,48.7,48.7
2011-03-31,7,986525,28899,0,,49.2,49.2,966.05,966.05,966.05,131.68,277.91,46.9,,,,,,,,,,,,,,,,,,,48.7,48.7
2011-03-31,8,986525,28899,0,,49.2,49.2,966.05,966.05,966.05,131.68,277.91,46.9,,,,,,,,,,,,,,,,,,,48.7,48.7
2011-03-31,9,986525,28899,0,,49.2,49.2,966.05,966.05,966.05,131.68,277.91,46.9,,,,,,,,,,,,,,,,,,,48.7,48.7
2011-03-31,10,986525,28899,0,,49.2,49.2,966.05,966.05,966.05,131.68,277.91,46.9,,,,,,,,,,,,,,,,,,,48.7,48.7
2011-03-31,11,986525,28899,0,,49.2,49.2,966.05,966.05,966.05,131.68,277.91,46.9,,,,,,,,,,,,,,,,,,,48.7,48.7
2011-03-31,12,986525,28899,0,,49.2,49.2,966.05,966.05,966.05,131.68,277.91,46.9,,,,,,,,,,,,,,,,,,,48.7,48.7
2011-03-31,13,986525,28899,0,,49.2,49.2,966.05,966.05,966.05,131.68,277.91,46.9,,,,,,,,,,,,,,,,,,,48.7,48.7
2011-03-31,14,986525,28899,0,,49.2,49.2,966.05,966.05,966.05,131.68,277.91,46.9,,,,,,,,,,,,,,,,,,,48.7,48.7
2011-03-31,15,986525,28899,0,,49.2,49.2,966.05,966.05,966.05,131.68,277.91,46.9,,,,,,,,,,,,,,,,,,,48.7,48.7
2011-03-31,16,986525,28899,0,,49.2,49.2,966.05,966.05,966.05,131.68,277.91,46.9,,,,,,,,,,,,,,,,,,,48.7,48.7
2011-03-31,17,986525,28899,0,,49.2,49.2,966.05,966.05,966.05,131.68,277.91,46.9,,,,,,,,,,,,,,,,,,,48.7,48.7
2011-03-31,18,986525,28899,0,,49.2,49.2,966.05,966.05,966.05,131.68,277.91,46.9,,,,,,,,,,,,,,,,,,,48.7,48.7
2011-03-31,19,986525,28899,0,,49.2,49.2,966.05,966.05,966.05,131.68,277.91,46.9,,,,,,,,,,,,,,,,,,,48.7,48.7
2011-03-31,20,986525,28899,0,,49.2,49.2,966.05,966.05,966.05,131.68,277.91,46.9,,,,,,,,,,,,,,,,,,,48.7,48.7
2011-03-31,21,986525,28899,0,,49.2,49.2,966.05,966.05,966.05,131.68,277.91,46.9,,,,,,,,,,,,,,,,,,,48.7,48.7
2011-03-31,22,986525,28899,0,,49.2,49.2,966.05,966.05,966.05,131.68,277.91,46.9,,,,,,,,,,,,,,,,,,,48.7,48.7
2011-03-31,23,986525,28899,0,,49.2,49.2,966.05,966.05,966.05,131.68,277.91,46.9,,,,,,,,,,,,,,,,,,,48.7,48.7
2011-03-31,24,986525,28899,0,,49.2,49.2,966.05,966.05,966.05,131.68,277.91,46.9,,,,,,,,,,,,,,,,,,,48.7,48.7
2011-03-31,1,986525,30632,0,,0,0,0,0,0,0,,,,,,,,,,,,,,,,,,,,,0,0
2011-03-31,2,986525,30632,0,,0,0,0,0,0,0,,,,,,,,,,,,,,,,,,,,,0,0
2011-03-31,3,986525,30632,0,,0,0,0,0,0,0,,,,,,,,,,,,,,,,,,,,,0,0
2011-03-31,4,986525,30632,0,,0,0,0,0,0,0,,,,,,,,,,,,,,,,,,,,,0,0
2011-03-31,5,986525,30632,0,,0,0,0,0,0,0,,,,,,,,,,,,,,,,,,,,,0,0
2011-03-31,6,986525,30632,0,,0,0,0,0,0,0,,,,,,,,,,,,,,,,,,,,,0,0
2011-03-31,7,986525,30632,0,,0,0,0,0,0,0,,,,,,,,,,,,,,,,,,,,,0,0
2011-03-31,8,986525,30632,0,,0,0,0,0,0,0,,,,,,,,,,,,,,,,,,,,,0,0
2011-03-31,9,986525,30632,0,,0,0,0,0,0,0,,,,,,,,,,,,,,,,,,,,,0,0
2011-03-31,10,986525,30632,0,,0,0,0,0,0,0,,,,,,,,,,,,,,,,,,,,,0,0
2011-03-31,11,986525,30632,0,,0,0,0,0,0,0,,,,,,,,,,,,,,,,,,,,,0,0
2011-03-31,12,986525,30632,0,,0,0,0,0,0,0,,,,,,,,,,,,,,,,,,,,,0,0
2011-03-31,13,986525,30632,0,,0,0,0,0,0,0,,,,,,,,,,,,,,,,,,,,,0,0
2011-03-31,14,986525,30632,0,,0,0,0,0,0,0,,,,,,,,,,,,,,,,,,,,,0,0
2011-03-31,15,986525,30632,0,,0,0,0,0,0,0,,,,,,,,,,,,,,,,,,,,,0,0
2011-03-31,16,986525,30632,0,,0,0,0,0,0,0,,,,,,,,,,,,,,,,,,,,,0,0
2011-03-31,17,986525,30632,0,,0,0,0,0,0,0,,,,,,,,,,,,,,,,,,,,,0,0
2011-03-31,18,986525,30632,0,,0,0,0,0,0,0,,,,,,,,,,,,,,,,,,,,,0,0
2011-03-31,19,986525,30632,0,,0,0,0,0,0,0,,,,,,,,,,,,,,,,,,,,,0,0
2011-03-31,20,986525,30632,0,,0,0,0,0,0,0,,,,,,,,,,,,,,,,,,,,,0,0
2011-03-31,21,986525,30632,0,,0,0,0,0,0,0,,,,,,,,,,,,,,,,,,,,,0,0
2011-03-31,22,986525,30632,0,,0,0,0,0,0,0,,,,,,,,,,,,,,,,,,,,,0,0
2011-03-31,23,986525,30632,0,,0,0,0,0,0,0,,,,,,,,,,,,,,,,,,,,,0,0
2011-03-31,24,986525,30632,0,,0,0,0,0,0,0,,,,,,,,,,,,,,,,,,,,,0,0
2011-03-31,1,986525,35431,0,,0,0,0,0,0,0,,,,,,,,,,,,,,,,,,,,,0,0
2011-03-31,2,986525,35431,0,,0,0,0,0,0,0,,,,,,,,,,,,,,,,,,,,,0,0
2011-03-31,3,986525,35431,0,,0,0,0,0,0,0,,,,,,,,,,,,,,,,,,,,,0,0
2011-03-31,4,986525,35431,0,,0,0,0,0,0,0,,,,,,,,,,,,,,,,,,,,,0,0
2011-03-31,5,986525,35431,0,,0,0,0,0,0,0,,,,,,,,,,,,,,,,,,,,,0,0
2011-03-31,6,986525,35431,0,,0,0,0,0,0,0,,,,,,,,,,,,,,,,,,,,,0,0
2011-03-31,7,986525,35431,0,,0,0,0,0,0,0,,,,,,,,,,,,,,,,,,,,,0,0
2011-03-31,8,986525,35431,0,,0,0,0,0,0,0,,,,,,,,,,,,,,,,,,,,,0,0
2011-03-31,9,986525,35431,0,,0,0,0,0,0,0,,,,,,,,,,,,,,,,,,,,,0,0
2011-03-31,10,986525,35431,0,,0,0,0,0,0,0,,,,,,,,,,,,,,,,,,,,,0,0
2011-03-31,11,986525,35431,0,,0,0,0,0,0,0,,,,,,,,,,,,,,,,,,,,,0,0
2011-03-31,12,986525,35431,0,,0,0,0,0,0,0,,,,,,,,,,,,,,,,,,,,,0,0
2011-03-31,13,986525,35431,0,,0,0,0,0,0,0,,,,,,,,,,,,,,,,,,,,,0,0
2011-03-31,14,986525,35431,0,,0,0,0,0,0,0,,,,,,,,,,,,,,,,,,,,,0,0
2011-03-31,15,986525,35431,0,,0,0,0,0,0,0,,,,,,,,,,,,,,,,,,,,,0,0
2011-03-31,16,986525,35431,0,,0,0,0,0,0,0,,,,,,,,,,,,,,,,,,,,,0,0
2011-03-31,17,986525,35431,0,,0,0,0,0,0,0,,,,,,,,,,,,,,,,,,,,,0,0
2011-03-31,18,986525,35431,0,,0,0,0,0,0,0,,,,,,,,,,,,,,,,,,,,,0,0
2011-03-31,19,986525,35431,0,,0,0,0,0,0,0,,,,,,,,,,,,,,,,,,,,,0,0
2011-03-31,20,986525,35431,0,,0,0,0,0,0,0,,,,,,,,,,,,,,,,,,,,,0,0
2011-03-31,21,986525,35431,0,,0,0,0,0,0,0,,,,,,,,,,,,,,,,,,,,,0,0
2011-03-31,22,986525,35431,0,,0,0,0,0,0,0,,,,,,,,,,,,,,,,,,,,,0,0
2011-03-31,23,986525,35431,0,,0,0,0,0,0,0,,,,,,,,,,,,,,,,,,,,,0,0
2011-03-31,24,986525,35431,0,,0,0,0,0,0,0,,,,,,,,,,,,,,,,,,,,,0,0
2011-03-31,1,986525,42524,0,,49.2,49.2,966.05,966.05,966.05,131.68,277.91,46.9,,,,,,,,,,,,,,,,,,,48.7,48.7
2011-03-31,2,986525,42524,0,,49.2,49.2,966.05,966.05,966.05,131.68,277.91,46.9,,,,,,,,,,,,,,,,,,,48.7,48.7
2011-03-31,3,986525,42524,0,,49.2,49.2,966.05,966.05,966.05,131.68,277.91,46.9,,,,,,,,,,,,,,,,,,,48.7,48.7
2011-03-31,4,986525,42524,0,,49.2,49.2,966.05,966.05,966.05,131.68,277.91,46.9,,,,,,,,,,,,,,,,,,,48.7,48.7
2011-03-31,5,986525,42524,0,,49.2,49.2,966.05,966.05,966.05,131.68,277.91,46.9,,,,,,,,,,,,,,,,,,,48.7,48.7
2011-03-31,6,986525,42524,0,,49.2,49.2,966.05,966.05,966.05,131.68,277.91,46.9,,,,,,,,,,,,,,,,,,,48.7,48.7
2011-03-31,7,986525,42524,0,,49.2,49.2,966.05,966.05,966.05,131.68,277.91,46.9,,,,,,,,,,,,,,,,,,,48.7,48.7
2011-03-31,8,986525,42524,0,,49.2,49.2,966.05,966.05,966.05,131.68,277.91,46.9,,,,,,,,,,,,,,,,,,,48.7,48.7
2011-03-31,9,986525,42524,0,,49.2,49.2,966.05,966.05,966.05,131.68,277.91,46.9,,,,,,,,,,,,,,,,,,,48.7,48.7
2011-03-31,10,986525,42524,0,,49.2,49.2,966.05,966.05,966.05,131.68,277.91,46.9,,,,,,,,,,,,,,,,,,,48.7,48.7
2011-03-31,11,986525,42524,0,,49.2,49.2,966.05,966.05,966.05,131.68,277.91,46.9,,,,,,,,,,,,,,,,,,,48.7,48.7
2011-03-31,12,986525,42524,0,,49.2,49.2,966.05,966.05,966.05,131.68,277.91,46.9,,,,,,,,,,,,,,,,,,,48.7,48.7
2011-03-31,13,986525,42524,0,,49.2,49.2,966.05,966.05,966.05,131.68,277.91,46.9,,,,,,,,,,,,,,,,,,,48.7,48.7
2011-03-31,14,986525,42524,0,,49.2,49.2,966.05,966.05,966.05,131.68,277.91,46.9,,,,,,,,,,,,,,,,,,,48.7,48.7
2011-03-31,15,986525,42524,0,,49.2,49.2,966.05,966.05,966.05,131.68,277.91,46.9,,,,,,,,,,,,,,,,,,,48.7,48.7
2011-03-31,16,986525,42524,0,,49.2,49.2,966.05,966.05,966.05,131.68,277.91,46.9,,,,,,,,,,,,,,,,,,,48.7,48.7
2011-03-31,17,986525,42524,0,,49.2,49.2,966.05,966.05,966.05,131.68,277.91,46.9,,,,,,,,,,,,,,,,,,,48.7,48.7
2011-03-31,18,986525,42524,0,,49.2,49.2,966.05,966.05,966.05,131.68,277.91,46.9,,,,,,,,,,,,,,,,,,,48.7,48.7
2011-03-31,19,986525,42524,0,,49.2,49.2,966.05,966.05,966.05,131.68,277.91,46.9,,,,,,,,,,,,,,,,,,,48.7,48.7
2011-03-31,20,986525,42524,0,,49.2,49.2,966.05,966.05,966.05,131.68,277.91,46.9,,,,,,,,,,,,,,,,,,,48.7,48.7
2011-03-31,21,986525,42524,0,,49.2,49.2,966.05,966.05,966.05,131.68,277.91,46.9,,,,,,,,,,,,,,,,,,,48.7,48.7
2011-03-31,22,986525,42524,0,,49.2,49.2,966.05,966.05,966.05,131.68,277.91,46.9,,,,,,,,,,,,,,,,,,,48.7,48.7
2011-03-31,23,986525,42524,0,,49.2,49.2,966.05,966.05,966.05,131.68,277.91,46.9,,,,,,,,,,,,,,,,,,,48.7,48.7
2011-03-31,24,986525,42524,0,,49.2,49.2,966.05,966.05,966.05,131.68,277.91,46.9,,,,,,,,,,,,,,,,,,,48.7,48.7
2011-03-31,1,986525,63198,0,,49.2,49.2,966.05,966.05,966.05,131.68,277.91,46.9,,,,,,,,,,,,,,,,,,,48.7,48.7
2011-03-31,2,986525,63198,0,,49.2,49.2,966.05,966.05,966.05,131.68,277.91,46.9,,,,,,,,,,,,,,,,,,,48.7,48.7
2011-03-31,3,986525,63198,0,,49.2,49.2,966.05,966.05,966.05,131.68,277.91,46.9,,,,,,,,,,,,,,,,,,,48.7,48.7
2011-03-31,4,986525,63198,0,,49.2,49.2,966.05,966.05,966.05,131.68,277.91,46.9,,,,,,,,,,,,,,,,,,,48.7,48.7
2011-03-31,5,986525,63198,0,,49.2,49.2,966.05,966.05,966.05,131.68,277.91,46.9,,,,,,,,,,,,,,,,,,,48.7,48.7
2011-03-31,6,986525,63198,0,,49.2,49.2,966.05,966.05,966.05,131.68,277.91,46.9,,,,,,,,,,,,,,,,,,,48.7,48.7
2011-03-31,7,986525,63198,0,,49.2,49.2,966.05,966.05,966.05,131.68,277.91,46.9,,,,,,,,,,,,,,,,,,,48.7,48.7
2011-03-31,8,986525,63198,0,,49.2,49.2,966.05,966.05,966.05,131.68,277.91,46.9,,,,,,,,,,,,,,,,,,,48.7,48.7
2011-03-31,9,986525,63198,0,,49.2,49.2,966.05,966.05,966.05,131.68,277.91,46.9,,,,,,,,,,,,,,,,,,,48.7,48.7
2011-03-31,10,986525,63198,0,,49.2,49.2,966.05,966.05,966.05,131.68,277.91,46.9,,,,,,,,,,,,,,,,,,,48.7,48.7
2011-03-31,11,986525,63198,0,,49.2,49.2,966.05,966.05,966.05,131.68,277.91,46.9,,,,,,,,,,,,,,,,,,,48.7,48.7
2011-03-31,12,986525,63198,0,,49.2,49.2,966.05,966.05,966.05,131.68,277.91,46.9,,,,,,,,,,,,,,,,,,,48.7,48.7
2011-03-31,13,986525,63198,0,,49.2,49.2,966.05,966.05,966.05,131.68,277.91,46.9,,,,,,,,,,,,,,,,,,,48.7,48.7
2011-03-31,14,986525,63198,0,,49.2,49.2,966.05,966.05,966.05,131.68,277.91,46.9,,,,,,,,,,,,,,,,,,,48.7,48.7
2011-03-31,15,986525,63198,0,,49.2,49.2,966.05,966.05,966.05,131.68,277.91,46.9,,,,,,,,,,,,,,,,,,,48.7,48.7
2011-03-31,16,986525,63198,0,,49.2,49.2,966.05,966.05,966.05,131.68,277.91,46.9,,,,,,,,,,,,,,,,,,,48.7,48.7
2011-03-31,17,986525,63198,0,,49.2,49.2,966.05,966.05,966.05,131.68,277.91,46.9,,,,,,,,,,,,,,,,,,,48.7,48.7
2011-03-31,18,986525,63198,0,,49.2,49.2,966.05,966.05,966.05,131.68,277.91,46.9,,,,,,,,,,,,,,,,,,,48.7,48.7
2011-03-31,19,986525,63198,0,,49.2,49.2,966.05,966.05,966.05,131.68,277.91,46.9,,,,,,,,,,,,,,,,,,,48.7,48.7
2011-03-31,20,986525,63198,0,,49.2,49.2,966.05,966.05,966.05,131.68,277.91,46.9,,,,,,,,,,,,,,,,,,,48.7,48.7
2011-03-31,21,986525,63198,0,,49.2,49.2,966.05,966.05,966.05,131.68,277.91,46.9,,,,,,,,,,,,,,,,,,,48.7,48.7
2011-03-31,22,986525,63198,0,,49.2,49.2,966.05,966.05,966.05,131.68,277.91,46.9,,,,,,,,,,,,,,,,,,,48.7,48.7
2011-03-31,23,986525,63198,0,,49.2,49.2,966.05,966.05,966.05,131.68,277.91,46.9,,,,,,,,,,,,,,,,,,,48.7,48.7
2011-03-31,24,986525,63198,0,,49.2,49.2,966.05,966.05,966.05,131.68,277.91,46.9,,,,,,,,,,,,,,,,,,,48.7,48.7
2011-03-31,1,986525,69522,0,,0,0,0,0,0,0,,,,,,,,,,,,,,,,,,,,,0,0
2011-03-31,2,986525,69522,0,,0,0,0,0,0,0,,,,,,,,,,,,,,,,,,,,,0,0
2011-03-31,3,986525,69522,0,,0,0,0,0,0,0,,,,,,,,,,,,,,,,,,,,,0,0
2011-03-31,4,986525,69522,0,,0,0,0,0,0,0,,,,,,,,,,,,,,,,,,,,,0,0
2011-03-31,5,986525,69522,0,,0,0,0,0,0,0,,,,,,,,,,,,,,,,,,,,,0,0
2011-03-31,6,986525,69522,0,,0,0,0,0,0,0,,,,,,,,,,,,,,,,,,,,,0,0
2011-03-31,7,986525,69522,0,,0,0,0,0,0,0,,,,,,,,,,,,,,,,,,,,,0,0
2011-03-31,8,986525,69522,0,,0,0,0,0,0,0,,,,,,,,,,,,,,,,,,,,,0,0
2011-03-31,9,986525,69522,0,,0,0,0,0,0,0,,,,,,,,,,,,,,,,,,,,,0,0
2011-03-31,10,986525,69522,0,,0,0,0,0,0,0,,,,,,,,,,,,,,,,,,,,,0,0
2011-03-31,11,986525,69522,0,,0,0,0,0,0,0,,,,,,,,,,,,,,,,,,,,,0,0
2011-03-31,12,986525,69522,0,,0,0,0,0,0,0,,,,,,,,,,,,,,,,,,,,,0,0
2011-03-31,13,986525,69522,0,,0,0,0,0,0,0,,,,,,,,,,,,,,,,,,,,,0,0
2011-03-31,14,986525,69522,0,,0,0,0,0,0,0,,,,,,,,,,,,,,,,,,,,,0,0
2011-03-31,15,986525,69522,0,,0,0,0,0,0,0,,,,,,,,,,,,,,,,,,,,,0,0
2011-03-31,16,986525,69522,0,,0,0,0,0,0,0,,,,,,,,,,,,,,,,,,,,,0,0
2011-03-31,17,986525,69522,0,,0,0,0,0,0,0,,,,,,,,,,,,,,,,,,,,,0,0
2011-03-31,18,986525,69522,0,,0,0,0,0,0,0,,,,,,,,,,,,,,,,,,,,,0,0
2011-03-31,19,986525,69522,0,,0,0,0,0,0,0,,,,,,,,,,,,,,,,,,,,,0,0
2011-03-31,20,986525,69522,0,,0,0,0,0,0,0,,,,,,,,,,,,,,,,,,,,,0,0
2011-03-31,21,986525,69522,0,,0,0,0,0,0,0,,,,,,,,,,,,,,,,,,,,,0,0
2011-03-31,22,986525,69522,0,,0,0,0,0,0,0,,,,,,,,,,,,,,,,,,,,,0,0
2011-03-31,23,986525,69522,0,,0,0,0,0,0,0,,,,,,,,,,,,,,,,,,,,,0,0
2011-03-31,24,986525,69522,0,,0,0,0,0,0,0,,,,,,,,,,,,,,,,,,,,,0,0
2011-03-31,1,986525,83591,0,,49.2,49.2,966.05,966.05,966.05,131.68,277.91,46.9,,,,,,,,,,,,,,,,,,,48.7,48.7
2011-03-31,2,986525,83591,0,,49.2,49.2,966.05,966.05,966.05,131.68,277.91,46.9,,,,,,,,,,,,,,,,,,,48.7,48.7
2011-03-31,3,986525,83591,0,,49.2,49.2,966.05,966.05,966.05,131.68,277.91,46.9,,,,,,,,,,,,,,,,,,,48.7,48.7
2011-03-31,4,986525,83591,0,,49.2,49.2,966.05,966.05,966.05,131.68,277.91,46.9,,,,,,,,,,,,,,,,,,,48.7,48.7
2011-03-31,5,986525,83591,0,,49.2,49.2,966.05,966.05,966.05,131.68,277.91,46.9,,,,,,,,,,,,,,,,,,,48.7,48.7
2011-03-31,6,986525,83591,0,,49.2,49.2,966.05,966.05,966.05,131.68,277.91,46.9,,,,,,,,,,,,,,,,,,,48.7,48.7
2011-03-31,7,986525,83591,0,,49.2,49.2,966.05,966.05,966.05,131.68,277.91,46.9,,,,,,,,,,,,,,,,,,,48.7,48.7
2011-03-31,8,986525,83591,0,,49.2,49.2,966.05,966.05,966.05,131.68,277.91,46.9,,,,,,,,,,,,,,,,,,,48.7,48.7
2011-03-31,9,986525,83591,0,,49.2,49.2,966.05,966.05,966.05,131.68,277.91,46.9,,,,,,,,,,,,,,,,,,,48.7,48.7
2011-03-31,10,986525,83591,0,,49.2,49.2,966.05,966.05,966.05,131.68,277.91,46.9,,,,,,,,,,,,,,,,,,,48.7,48.7
2011-03-31,11,986525,83591,0,,49.2,49.2,966.05,966.05,966.05,131.68,277.91,46.9,,,,,,,,,,,,,,,,,,,48.7,48.7
2011-03-31,12,986525,83591,0,,49.2,49.2,966.05,966.05,966.05,131.68,277.91,46.9,,,,,,,,,,,,,,,,,,,48.7,48.7
2011-03-31,13,986525,83591,0,,49.2,49.2,966.05,966.05,966.05,131.68,277.91,46.9,,,,,,,,,,,,,,,,,,,48.7,48.7
2011-03-31,14,986525,83591,0,,49.2,49.2,966.05,966.05,966.05,131.68,277.91,46.9,,,,,,,,,,,,,,,,,,,48.7,48.7
2011-03-31,15,986525,83591,0,,49.2,49.2,966.05,966.05,966.05,131.68,277.91,46.9,,,,,,,,,,,,,,,,,,,48.7,48.7
2011-03-31,16,986525,83591,0,,49.2,49.2,966.05,966.05,966.05,131.68,277.91,46.9,,,,,,,,,,,,,,,,,,,48.7,48.7
2011-03-31,17,986525,83591,0,,49.2,49.2,966.05,966.05,966.05,131.68,277.91,46.9,,,,,,,,,,,,,,,,,,,48.7,48.7
2011-03-31,18,986525,83591,0,,49.2,49.2,966.05,966.05,966.05,131.68,277.91,46.9,,,,,,,,,,,,,,,,,,,48.7,48.7
2011-03-31,19,986525,83591,0,,49.2,49.2,966.05,966.05,966.05,131.68,277.91,46.9,,,,,,,,,,,,,,,,,,,48.7,48.7
2011-03-31,20,986525,83591,0,,49.2,49.2,966.05,966.05,966.05,131.68,277.91,46.9,,,,,,,,,,,,,,,,,,,48.7,48.7
2011-03-31,21,986525,83591,0,,49.2,49.2,966.05,966.05,966.05,131.68,277.91,46.9,,,,,,,,,,,,,,,,,,,48.7,48.7
2011-03-31,22,986525,83591,0,,49.2,49.2,966.05,966.05,966.05,131.68,277.91,46.9,,,,,,,,,,,,,,,,,,,48.7,48.7
2011-03-31,23,986525,83591,0,,49.2,49.2,966.05,966.05,966.05,131.68,277.91,46.9,,,,,,,,,,,,,,,,,,,48.7,48.7
2011-03-31,24,986525,83591,0,,49.2,49.2,966.05,966.05,966.05,131.68,277.91,46.9,,,,,,,,,,,,,,,,,,,48.7,48.7
